0: 0 28 76 77 102 138 139 217 234 291 298 304 352 397 475 524 533 546 552 564 600 610 642 646 655 678 690 699 751 767 798 827 833 846 851 894 896 906 912 958 970 973 981 982 987 992
1: 1 8 10 19 42 114 195 236 282 292 314 335 422 423 438 454 455 460 462 465 569 626 669 686 696 759 766 774 838 923 940
2: 2 50 131 212 244 250 270 272 296 307 312 339 340 355 402 449 467 536 573 578 579 623 630 649 658 680 681 707 733 735 775 790 802 806 812 835 837 871 881 883 891 922 924 954 969 983
3: 3 106 200 224 348 359 368 485 494 615 643 689 724 736 737 771 811 830 836 840 848 852 879 926 944
4: 4 5 16 23 32 41 57 79 103 178 188 211 246 247 269 293 330 379 391 406 435 453 456 500 521 531 538 558 580 593 648 672 693 719 757 825 888 893 965
5: 6 67 89 120 130 194 273 274 281 311 388 417 476 495 589 618 727 745 794 804
6: 7 20 22 58 65 75 85 129 136 198 202 278 297 324 341 366 375 450 459 468 474 513 517 556 601 616 674 679 694 712 734 743 748 769 770 816 818 831 903 905 910 939 945 953 964 989 991 998 999
7: 9 30 40 48 51 55 78 83 94 100 146 167 231 358 377 405 407 452 463 473 519 525 535 551 565 577 591 614 650 695 744 856 880 915 956 985
8: 11 37 121 137 140 152 189 258 327 370 382 426 491 541 561 567 594 619 711 713 742 747 789 800 814 918
9: 12 123 150 175 318 319 362 393 420 441 522 526 554 563 704 739 809 828 886 913
10: 13 84 147 171 177 241 264 271 322 323 347 351 386 413 431 480 527 574 576 582 590 607 622 644 710 714 718 948 971 980 990
11: 14 18 26 45 70 111 116 151 165 180 187 207 210 349 360 372 425 439 440 442 451 484 487 570 605 625 628 667 691 738 808 860 901 966 974 995 996
12: 15 69 105 225 267 290 329 373 415 416 445 520 537 550 566 612 634 639 657 684 722 730 805
13: 17 63 81 101 104 118 157 158 164 186 263 280 313 342 371 399 403 414 447 481 486 493 506 509 534 553 631 637 652 659 671 700 706 746 749 793 803 826 829 847 849 861 874 897 902 904 950 967 972
14: 21 143 237 255 279 328 357 364 543 584 604 651 666 692 717 721 750 795 832 868 889 936
15: 24 64 95 174 201 213 235 287 288 383 443 444 477 511 529 557 598 636 640 656 677 740 753 758 768 813 842 863 875 951 986
16: 25 35 39 52 53 110 145 153 183 203 206 242 252 305 309 320 321 381 503 515 516 571 585 596 661 685 708 778 792 858 877 887 931
17: 27 29 34 98 159 161 166 173 223 284 285 295 336 374 404 410 411 419 421 428 482 483 498 518 599 609 701 709 754 807 822 823 845 859 885 890 909 929 947 960 962 976 979 997
18: 31 46 59 82 92 97 117 119 218 254 262 276 286 344 354 365 408 437 461 469 471 496 502 539 621 627 629 632 687 728 755 787 834 867 878 919 927 959 961
19: 33 43 56 86 112 132 191 197 232 253 260 265 331 337 409 436 464 470 492 499 523 532 544 562 581 586 647 665 864 911 930 934 942
20: 36 49 154 169 179 182 208 209 222 256 257 299 306 346 367 376 387 424 466 549 555 603 641 645 653 664 731 761 764 765 772 783 784 785 796 815 854 898 938 941 952 984 988 993
21: 38 44 109 115 134 268 325 326 332 345 361 448 472 547 559 675 683 698 797 799 876 932
22: 47 73 88 113 135 141 192 302 333 338 369 380 384 395 508 540 638 662 705 732 776 892 916 943
23: 54 90 93 96 149 163 176 196 229 230 245 261 277 303 334 350 385 390 392 446 497 501 548 587 703 782 820 824 862 870 882 907 914 949 977 994
24: 60 62 142 160 168 184 185 214 300 394 400 401 433 528 545 613 801 839 841 884 900 917
25: 61 66 87 156 199 215 248 251 259 458 504 507 530 560 588 597 620 715 720 763 810 817 821 843 850 933 963
26: 68 71 80 126 181 193 249 289 308 310 317 378 412 427 479 488 568 723 725 895
27: 72 162 170 205 216 228 233 239 266 283 315 353 356 510 583 611 633 668 726 760 777 780 788 865 872
28: 74 108 122 148 204 221 227 429 432 457 478 489 512 575 654 676 688 716 752 762 819 899 925 935
29: 91 99 107 125 127 128 133 155 172 190 219 226 238 240 243 275 301 316 398 418 490 505 572 592 602 608 617 624 663 673 682 697 702 729 756 773 786 791 855 857 869 873 908 920 921 937 946 968 975 978
30: 124 144 220 294 343 363 389 396 430 434 514 542 595 606 635 660 670 741 779 781 844 853 866 928 955 957
