0: 0 15 28 29 113 121 220 253 411 452 472 523 535 591 609 658 723 800 848 861 893
1: 1 204 287 323 384 398 497 562 605 666 740 771 795 806 814 833 840 842 880 925 952 963
2: 2 7 37 88 90 91 124 162 201 210 223 249 268 292 366 385 386 402 408 454 468 470 516 536 539 560 563 657 697 706 721 741 761 763 791 811 816 850 854 911 915 981
3: 3 24 36 59 75 99 138 168 170 173 177 178 183 197 241 245 270 274 309 312 324 405 568 569 672 674 681 780 818 862 873 881 923 958 966 969 983
4: 4 39 48 61 71 82 105 115 123 125 127 171 188 205 225 234 239 252 272 278 294 302 310 315 317 420 464 467 500 529 554 601 636 642 662 693 702 716 735 743 749 769 805 821 827 864 889
5: 5 95 156 161 211 237 276 340 387 409 427 465 550 564 588 595 600 677 803 836
6: 6 55 80 97 109 133 137 157 175 194 242 262 279 354 404 413 426 450 466 499 567 573 611 613 644 650 653 656 668 718 734 744 792 797 844 860 867 919 955 991
7: 8 9 62 92 189 190 257 259 322 353 373 451 482 519 586 680 696 804 837 942 949 965
8: 10 19 120 129 143 154 203 284 290 295 327 335 370 447 455 505 526 620 652 665 770 778 783 787 834 843 879 901 939 954 982
9: 11 27 108 112 238 280 348 359 371 388 391 421 438 442 461 577 660 705 719 745 810 922 946 960
10: 12 13 33 87 107 136 176 216 243 255 269 275 301 313 325 362 363 372 448 487 520 528 592 608 685 691 698 699 713 717 722 730 753 776 781 807 808 809 823 828 846 859 876 936 943 972 976 990 999
11: 14 57 58 72 74 77 81 103 142 158 169 217 231 233 244 285 319 336 341 346 401 424 425 444 463 530 532 579 593 598 606 639 659 708 727 755 782 841 849 857 886 912 927 953 967 974 979 992
12: 16 21 25 35 70 117 152 165 207 214 218 236 261 263 265 328 355 395 403 432 433 440 460 477 515 544 551 559 597 614 616 622 671 682 686 709 710 720 756 788 790 830 839 871 872 908 951 961 970 987
13: 17 32 66 100 139 155 174 212 215 240 267 282 283 303 311 333 343 376 414 437 456 474 494 503 517 537 599 612 617 623 655 703 748 754 793 801 802 812 819 863 897 928 944 997 998
14: 18 20 110 130 140 141 149 186 208 228 232 248 251 299 367 375 379 392 407 416 462 483 495 541 552 558 621 631 689 692 725 765 796 874 884 892 945
15: 22 26 40 50 102 135 196 200 209 235 281 349 350 393 428 436 446 478 491 496 547 556 575 589 615 645 673 694 695 701 714 739 746 758 764 822 869 885 910 914 920 926 937 973
16: 23 53 60 119 213 297 298 320 331 342 344 378 382 434 441 509 581 630 838 917 947
17: 30 38 64 98 111 128 145 163 180 191 246 364 369 399 412 418 476 481 490 507 512 561 572 582 587 604 607 634 670 750 757 773 858 865 895 918 930 971 989
18: 31 65 86 89 93 94 114 146 260 264 308 351 361 473 493 514 521 531 533 571 590 643 835 851 888 903 924 956 959
19: 34 83 96 131 147 184 230 296 330 339 381 443 453 471 480 488 540 594 633 649 651 654 731 738 760 794 826 856 868 883 896 899 968 980
20: 41 46 51 56 76 116 179 202 271 314 318 337 422 449 504 553 557 578 637 647 712 724 733 762 775 815 831 852 894 921 986
21: 42 118 132 151 198 227 247 256 306 316 368 383 423 429 524 534 546 632 732 752 785 832 898 904 975 988
22: 43 84 150 159 222 229 345 352 356 390 396 415 417 513 518 522 565 596 603 664 676 679 700 820 870 909 913 931 962 994
23: 44 148 221 224 289 293 304 307 347 374 430 459 489 498 580 624 715 751 774 777 784 824 948
24: 45 69 78 104 106 144 187 195 219 226 258 300 365 394 445 458 527 549 574 576 626 629 638 646 675 684 687 729 825 829 866 878 978 984 985 993 995 996
25: 47 49 63 172 181 185 206 277 288 291 321 377 380 486 502 545 583 627 635 641 688 704 728 736 737 759 779 798 847 853 855 890 916 932 940 964
26: 52 73 122 164 166 167 250 254 266 273 286 305 338 389 400 406 410 431 475 548 555 585 619 628 648 707 726 845 891 934 938 941 950
27: 54 68 85 134 153 357 360 397 479 484 508 618 678 772 786 799 813 875 900 929 935 957
28: 67 79 101 182 199 326 334 358 419 457 469 485 492 506 510 511 525 538 543 566 584 640 661 667 669 683 690 711 742 767 817 882 902 906 907 933 977
29: 126 160 192 193 329 332 435 439 501 542 570 602 610 625 663 747 766 768 789 877 887 905
