0: 0 16 26 38 48 61 67 84 105 134 155 265 277 280 305 314 372 373 406 420 425 447 452 467 484 506 510 566 618 656 670 686 713 735 749 763 822 889 890 934 975 993
1: 1 3 5 9 53 103 170 201 206 228 231 233 266 268 395 396 482 490 532 546 567 569 585 615 651 675 703 717 718 766 775 782 810 818 837 925 952 976
2: 2 20 72 89 138 175 200 311 361 371 485 494 555 588 632 637 649 734 750 835 858 864 875 883 897 960
3: 4 41 65 90 120 148 195 293 310 326 337 362 381 442 448 459 464 478 502 535 544 719 762 793 832 860 900 917
4: 6 24 64 75 147 177 272 274 300 331 358 360 368 401 417 503 515 536 582 611 663 682 700 701 815 852 992
5: 7 63 91 140 171 234 247 323 342 343 389 405 460 492 543 583 664 702 740 966
6: 8 28 32 66 107 109 129 152 181 186 196 244 249 279 375 383 388 489 526 570 598 621 631 657 729 751 754 885 930 938
7: 10 39 100 164 172 187 235 258 273 357 365 426 542 573 584 601 614 638 659 672 696 708 823 865 981 985 991 997
8: 11 52 85 88 150 191 193 203 222 230 262 304 313 330 355 392 393 404 421 493 507 516 520 552 554 556 609 652 654 666 677 712 744 745 759 779 780 787 788 789 838 840 866 869 887 911 947 971
9: 12 93 112 158 166 184 211 282 302 390 394 479 496 561 634 661 673 756 767 783 800 805 882 932 941 954
10: 13 77 114 178 225 227 259 290 338 379 454 483 564 568 627 662 732 755 791 824 880 888 903 904 919 944 988
11: 14 37 68 131 135 137 141 161 173 217 292 397 403 415 436 441 453 455 461 524 590 619 784 850 854 959
12: 15 42 92 94 102 119 121 144 159 219 241 253 281 416 465 475 476 477 499 521 533 553 558 604 625 690 695 697 742 753 797 849 862 877 945 982 996
13: 17 51 153 156 179 188 199 213 218 221 246 269 295 309 347 348 367 370 376 380 411 472 498 501 550 575 581 603 655 716 796 798 813 829 870 879 894 908 912 929 953 956 969 972
14: 18 19 21 22 25 49 54 57 124 139 198 236 237 243 275 294 329 374 427 430 458 463 495 531 557 626 635 669 685 694 711 733 760 773 785 811 821 831 851 901 902 920 946 950 961 970 987
15: 23 35 70 74 95 126 128 143 157 162 255 387 391 440 445 457 468 481 525 565 599 622 630 658 706 725 746 757 761 768 772 794 801 809 848 861 872 878 892 898 943 962 990 999
16: 27 46 59 149 154 212 223 254 257 284 312 332 385 418 424 444 470 513 528 529 548 586 587 589 602 612 671 676 681 699 715 720 721 803 806 820 830 834 873 881 922
17: 29 197 291 315 327 328 432 438 450 537 610 617 642 648 668 693 709 807 846 891 913 942 998
18: 30 62 123 151 276 288 318 322 414 509 563 572 576 593 748 752 764 847 874 896 899 995
19: 31 33 136 240 270 341 350 384 413 462 466 571 606 647 704 705 730 769 845 853 859 867 884 940 974
20: 34 69 127 176 224 248 252 267 283 287 324 325 339 345 439 449 511 523 539 545 578 613 633 644 660 678 728 776 790 802 814 825 833 921 933 939 957
21: 36 132 271 319 382 419 474 508 549 620 623 643 722 731 771 836 909 924 937 994
22: 40 80 86 97 98 101 118 204 296 299 308 321 334 335 356 378 386 402 408 434 437 471 473 486 497 512 534 538 577 579 591 592 607 640 667 723 727 758 777 781 792 817 827 841 914 965 967 978
23: 43 71 82 122 146 205 220 251 423 435 480 641 665 687 707 844 855 895 905 968 980
24: 44 58 73 115 168 174 185 242 289 301 307 366 488 608 628 636 710 804 816 856 915 935
25: 45 47 55 78 79 81 104 106 133 194 207 278 336 351 364 409 431 500 514 530 560 596 616 645 653 689 737 770 799 828 868 871 886 949 955 973 986 989
26: 50 60 76 83 108 111 160 190 226 238 245 256 260 306 344 349 353 400 443 487 505 519 541 639 679 688 698 714 778 819 910
27: 56 99 163 209 210 261 317 346 399 429 522 574 646 736 741 774 808 842 951 979
28: 87 110 117 125 189 192 202 208 215 216 232 286 297 298 303 316 359 377 412 451 504 527 559 562 580 594 629 747 795 893 906 907 931
29: 96 130 142 165 169 180 183 214 250 263 264 320 333 407 410 433 456 547 595 597 600 605 624 691 692 726 743 812 916 964
30: 113 229 340 352 363 369 428 491 551 683 684 724 839 843 857 863 918 927 928 977 983
31: 116 145 167 182 239 285 354 398 422 446 469 517 518 540 650 674 680 738 739 765 786 826 876 923 926 936 948 958 963 984
