0 345
0 403
0 546
0 608
0 675
0 684
0 996
345 21
345 794
345 830
345 847
345 858
345 915
345 934
345 967
403 138
403 326
403 361
403 627
403 720
403 795
403 804
403 933
403 934
546 147
546 431
546 452
546 462
546 825
546 861
546 870
546 891
546 958
546 962
546 985
608 46
608 86
608 160
608 249
608 366
608 552
608 686
608 721
608 923
608 924
608 951
608 966
675 342
675 359
675 469
675 668
675 677
675 733
675 751
675 784
675 840
675 841
675 846
675 872
675 895
675 900
684 305
684 321
684 568
684 651
684 698
684 777
684 802
684 825
684 874
684 882
684 895
684 924
684 940
684 957
684 960
996 60
996 79
996 116
996 135
996 158
996 168
996 233
996 263
996 265
996 295
996 309
996 326
996 358
996 395
996 475
996 539
996 558
996 565
996 636
996 638
996 653
996 663
996 698
996 704
996 705
996 708
996 724
996 726
996 773
996 781
996 802
996 824
996 832
996 857
996 862
996 885
996 905
996 913
996 925
996 932
996 942
996 955
996 962
996 966
996 970
996 980
996 995
996 999
1 251
1 557
1 800
1 882
1 897
1 925
1 930
251 360
251 816
251 818
251 823
251 947
251 968
251 995
557 196
557 491
557 746
557 827
557 845
557 900
557 926
557 927
557 932
557 981
557 982
800 74
800 94
800 290
800 320
800 438
800 457
800 509
800 516
800 535
800 624
800 677
800 735
800 739
800 828
800 877
800 880
800 889
800 921
800 927
800 930
882 62
882 110
882 157
882 257
882 413
882 489
882 493
882 564
882 579
882 648
882 723
882 739
882 745
882 761
882 770
882 785
882 821
882 920
882 925
882 930
882 950
882 971
882 977
882 983
882 989
897 98
897 109
897 181
897 197
897 205
897 254
897 279
897 508
897 591
897 610
897 620
897 634
897 718
897 729
897 739
897 764
897 775
897 784
897 803
897 808
897 810
897 817
897 879
897 915
897 949
897 982
897 990
897 993
925 96
925 157
925 196
925 202
925 253
925 260
925 408
925 409
925 476
925 503
925 506
925 520
925 567
925 592
925 597
925 664
925 671
925 696
925 817
925 828
925 864
925 870
925 879
925 921
925 930
925 960
925 970
925 973
925 983
925 988
930 70
930 125
930 150
930 209
930 212
930 294
930 300
930 335
930 430
930 506
930 637
930 642
930 648
930 696
930 709
930 726
930 761
930 771
930 807
930 816
930 869
930 871
930 875
930 879
930 920
930 933
930 983
930 989
930 990
2 36
2 298
2 789
2 813
2 898
2 953
2 986
36 330
36 721
36 751
36 794
36 896
36 977
298 281
298 350
298 735
298 786
298 813
298 872
298 909
298 926
789 179
789 290
789 293
789 439
789 441
789 478
789 523
789 736
789 743
789 796
789 863
789 866
789 884
789 891
789 926
789 952
789 972
789 977
789 979
813 172
813 400
813 462
813 544
813 581
813 622
813 626
813 689
813 720
813 768
813 843
813 889
813 904
813 909
813 918
813 941
813 949
813 983
813 987
813 991
898 119
898 142
898 163
898 205
898 215
898 359
898 504
898 515
898 581
898 588
898 647
898 725
898 809
898 833
898 841
898 846
898 854
898 866
898 868
898 894
898 917
898 948
898 965
898 973
898 980
898 988
898 990
898 992
953 244
953 322
953 382
953 415
953 456
953 478
953 479
953 488
953 520
953 545
953 547
953 575
953 594
953 626
953 666
953 685
953 723
953 724
953 756
953 763
953 821
953 830
953 841
953 843
953 870
953 894
953 901
953 902
953 924
953 939
953 940
953 948
953 954
953 956
953 987
986 204
986 249
986 292
986 326
986 343
986 349
986 350
986 389
986 444
986 544
986 549
986 588
986 664
986 666
986 707
986 723
986 739
986 748
986 752
986 753
986 755
986 762
986 778
986 792
986 809
986 818
986 823
986 840
986 845
986 878
986 890
986 905
986 928
986 944
986 948
986 984
986 988
986 990
986 991
986 992
986 995
986 997
986 999
3 324
3 438
3 540
3 652
3 762
3 764
3 879
324 287
324 454
324 464
324 525
324 568
324 817
324 887
324 969
438 202
438 320
438 590
438 652
438 715
438 826
438 883
438 884
438 918
540 100
540 108
540 109
540 392
540 538
540 581
540 782
540 841
540 879
540 884
540 965
652 37
652 188
652 394
652 591
652 621
652 627
652 677
652 755
652 858
652 884
652 933
652 964
652 988
762 96
762 109
762 112
762 148
762 174
762 346
762 442
762 453
762 461
762 591
762 617
762 759
762 864
762 884
762 934
762 942
762 985
764 132
764 138
764 260
764 279
764 321
764 348
764 397
764 410
764 787
764 788
764 803
764 809
764 836
764 838
764 843
764 939
764 982
879 113
879 148
879 194
879 210
879 237
879 253
879 378
879 445
879 454
879 472
879 476
879 637
879 653
879 687
879 700
879 734
879 769
879 776
879 787
879 920
879 990
879 997
4 233
4 422
4 640
4 739
4 760
4 888
4 989
233 194
233 275
233 575
233 606
233 733
233 961
422 13
422 258
422 445
422 647
422 696
422 795
422 946
422 975
422 983
422 989
640 58
640 184
640 461
640 486
640 616
640 685
640 773
640 790
640 863
640 867
640 919
640 977
640 979
739 75
739 214
739 379
739 405
739 409
739 623
739 770
739 834
739 854
739 943
739 989
739 990
739 999
760 96
760 191
760 227
760 309
760 310
760 464
760 564
760 695
760 700
760 709
760 720
760 768
760 806
760 835
760 851
760 875
760 932
760 954
888 23
888 47
888 68
888 130
888 176
888 247
888 249
888 313
888 385
888 517
888 584
888 655
888 659
888 710
888 777
888 804
888 846
888 849
888 852
888 906
888 924
888 940
888 952
888 957
888 966
888 970
989 5
989 71
989 126
989 157
989 181
989 209
989 237
989 253
989 261
989 294
989 379
989 386
989 390
989 409
989 445
989 503
989 530
989 553
989 561
989 664
989 708
989 746
989 773
989 787
989 799
989 804
989 828
989 836
989 842
989 843
989 863
989 868
989 919
989 926
989 943
989 956
989 958
989 974
989 979
989 990
5 534
5 670
5 703
5 709
5 757
5 903
534 365
534 418
534 504
534 725
534 779
534 841
534 884
534 887
534 938
534 942
534 995
670 187
670 230
670 485
670 492
670 536
670 677
670 710
670 765
670 781
670 860
670 922
670 940
670 946
670 980
703 21
703 35
703 229
703 516
703 595
703 599
703 672
703 690
703 710
703 720
703 734
703 790
703 852
703 895
703 919
709 189
709 256
709 384
709 574
709 622
709 636
709 697
709 732
709 825
709 860
709 864
709 937
709 942
757 8
757 40
757 105
757 167
757 241
757 339
757 517
757 523
757 611
757 701
757 713
757 767
757 768
757 827
757 863
757 952
757 967
903 6
903 13
903 147
903 180
903 272
903 360
903 365
903 501
903 573
903 602
903 644
903 662
903 743
903 766
903 770
903 824
903 825
903 866
903 886
903 917
903 937
903 938
903 950
903 961
903 963
903 966
903 972
903 991
903 994
6 300
6 467
6 536
6 617
6 716
6 844
300 131
300 542
300 866
300 883
300 972
300 979
300 991
467 63
467 346
467 621
467 637
467 743
467 827
467 848
467 869
467 878
467 961
536 316
536 523
536 708
536 733
536 735
536 857
536 877
536 922
536 960
536 980
617 174
617 426
617 521
617 580
617 715
617 774
617 884
617 887
617 901
617 934
617 942
617 975
716 189
716 264
716 317
716 390
716 476
716 531
716 615
716 636
716 697
716 698
716 778
716 791
716 812
716 860
716 875
716 992
844 266
844 316
844 349
844 353
844 453
844 459
844 481
844 496
844 516
844 537
844 565
844 590
844 609
844 610
844 655
844 713
844 744
844 796
844 821
844 875
844 901
844 926
844 943
7 63
7 88
7 414
7 778
7 943
7 948
7 999
63 395
63 639
63 680
63 725
63 846
88 651
88 876
88 938
88 941
88 950
88 978
414 75
414 172
414 412
414 645
414 793
414 843
414 912
414 922
414 949
778 227
778 272
778 310
778 440
778 630
778 681
778 717
778 723
778 756
778 831
778 833
778 887
778 890
778 944
778 992
778 999
943 10
943 151
943 166
943 256
943 337
943 369
943 427
943 436
943 468
943 491
943 604
943 605
943 606
943 614
943 634
943 641
943 668
943 671
943 719
943 736
943 741
943 759
943 804
943 867
943 893
943 918
943 927
943 932
943 940
943 955
943 971
948 160
948 202
948 304
948 374
948 444
948 451
948 485
948 559
948 563
948 585
948 669
948 717
948 752
948 753
948 766
948 767
948 794
948 803
948 834
948 854
948 860
948 871
948 878
948 890
948 904
948 944
948 950
948 954
948 992
948 997
948 999
999 34
999 142
999 167
999 245
999 249
999 444
999 447
999 484
999 485
999 502
999 528
999 544
999 549
999 563
999 648
999 683
999 706
999 723
999 728
999 740
999 752
999 753
999 766
999 797
999 808
999 819
999 822
999 831
999 836
999 877
999 878
999 886
999 890
999 896
999 901
999 910
999 924
999 944
999 945
999 962
999 964
999 985
999 992
999 997
8 198
8 405
8 552
8 567
8 771
8 926
198 309
198 332
198 475
198 577
198 650
198 690
198 992
405 146
405 280
405 435
405 731
405 801
405 912
405 940
405 960
552 219
552 465
552 518
552 616
552 694
552 698
552 756
552 949
552 981
552 988
567 161
567 168
567 182
567 257
567 360
567 533
567 547
567 777
567 856
567 920
567 983
771 46
771 50
771 92
771 269
771 354
771 389
771 454
771 484
771 493
771 562
771 712
771 717
771 785
771 822
771 850
771 939
771 966
926 18
926 86
926 102
926 159
926 165
926 181
926 212
926 232
926 523
926 562
926 601
926 644
926 691
926 712
926 722
926 756
926 759
926 791
926 815
926 827
926 838
926 853
926 883
926 939
926 956
926 966
926 981
9 253
9 519
9 851
9 881
9 899
9 957
9 977
253 657
253 788
253 829
253 860
519 98
519 168
519 221
519 285
519 380
519 761
519 792
519 816
519 837
519 899
519 975
851 14
851 66
851 175
851 231
851 238
851 376
851 396
851 401
851 421
851 452
851 522
851 564
851 618
851 620
851 662
851 700
851 768
851 873
851 887
851 914
851 918
851 973
851 995
881 147
881 235
881 264
881 265
881 285
881 289
881 384
881 443
881 451
881 532
881 549
881 574
881 606
881 636
881 698
881 779
881 786
881 812
881 819
881 845
881 864
881 893
881 909
881 963
881 967
881 988
899 141
899 154
899 193
899 200
899 216
899 319
899 327
899 335
899 350
899 367
899 529
899 571
899 613
899 687
899 721
899 748
899 766
899 792
899 819
899 848
899 852
899 853
899 866
899 884
899 935
899 936
899 968
957 140
957 252
957 264
957 308
957 318
957 325
957 366
957 371
957 410
957 453
957 478
957 479
957 498
957 525
957 538
957 553
957 565
957 581
957 678
957 710
957 712
957 718
957 730
957 744
957 758
957 821
957 834
957 865
957 901
957 952
957 956
957 987
957 994
957 995
977 39
977 176
977 210
977 223
977 226
977 269
977 272
977 370
977 400
977 417
977 464
977 499
977 517
977 587
977 596
977 601
977 648
977 685
977 690
977 726
977 744
977 745
977 825
977 839
977 840
977 848
977 902
977 919
977 921
977 935
977 939
977 946
977 962
977 979
977 997
10 186
10 521
10 781
10 817
10 832
10 865
186 571
186 581
186 814
186 867
186 932
186 964
186 969
521 210
521 229
521 276
521 387
521 400
521 587
521 750
521 826
521 837
521 992
781 105
781 135
781 372
781 392
781 461
781 471
781 548
781 558
781 638
781 661
781 682
781 701
781 705
781 742
781 749
781 795
781 932
817 135
817 301
817 321
817 436
817 637
817 694
817 722
817 748
817 761
817 811
817 847
817 852
817 863
817 906
817 914
817 960
817 964
817 969
832 60
832 149
832 306
832 469
832 548
832 589
832 619
832 624
832 625
832 653
832 677
832 708
832 724
832 857
832 866
832 913
832 915
832 971
832 983
832 988
832 992
865 12
865 54
865 291
865 436
865 445
865 549
865 594
865 673
865 696
865 697
865 731
865 793
865 797
865 808
865 819
865 824
865 852
865 907
865 915
865 955
865 975
865 980
865 994
865 997
11 504
11 676
11 730
11 834
11 883
11 947
11 950
504 326
504 430
504 576
504 808
504 829
504 849
504 908
504 969
504 994
676 59
676 211
676 237
676 329
676 454
676 496
676 541
676 550
676 773
676 788
676 801
676 940
676 964
676 969
730 135
730 164
730 194
730 220
730 307
730 318
730 353
730 434
730 486
730 524
730 669
730 744
730 796
730 834
730 995
834 67
834 76
834 111
834 115
834 152
834 307
834 353
834 453
834 492
834 525
834 565
834 580
834 765
834 901
834 904
834 932
834 951
834 983
883 114
883 148
883 217
883 420
883 441
883 448
883 476
883 669
883 704
883 820
883 825
883 826
883 828
883 829
883 830
883 900
883 910
883 914
883 915
883 942
883 956
883 992
883 993
947 47
947 123
947 156
947 185
947 285
947 373
947 385
947 396
947 400
947 480
947 491
947 513
947 514
947 518
947 535
947 549
947 550
947 551
947 584
947 722
947 761
947 773
947 775
947 792
947 852
947 863
947 872
947 900
947 906
947 931
947 958
947 964
947 992
950 31
950 87
950 116
950 167
950 182
950 241
950 273
950 354
950 360
950 391
950 402
950 407
950 447
950 520
950 527
950 533
950 535
950 547
950 559
950 564
950 568
950 611
950 748
950 785
950 826
950 861
950 886
950 892
950 933
950 960
12 369
12 583
12 862
12 907
12 908
12 975
369 255
369 352
369 576
369 655
369 693
369 869
369 889
369 976
583 451
583 527
583 575
583 626
583 796
583 873
583 889
583 928
583 956
583 963
583 974
583 978
862 90
862 158
862 264
862 273
862 316
862 378
862 442
862 579
862 597
862 638
862 653
862 721
862 724
862 773
862 798
862 821
862 824
862 846
862 866
862 893
862 913
862 946
862 956
862 965
907 103
907 206
907 343
907 416
907 573
907 627
907 628
907 644
907 721
907 763
907 802
907 811
907 816
907 855
907 856
907 859
907 890
907 892
907 893
907 908
907 914
907 915
907 931
907 949
907 955
907 975
907 978
907 994
908 25
908 141
908 143
908 275
908 396
908 477
908 604
908 626
908 630
908 642
908 669
908 701
908 704
908 759
908 796
908 820
908 828
908 858
908 900
908 904
908 911
908 914
908 931
908 932
908 969
908 973
908 992
975 157
975 172
975 261
975 271
975 279
975 343
975 355
975 363
975 406
975 425
975 429
975 584
975 642
975 672
975 681
975 719
975 726
975 732
975 738
975 779
975 814
975 815
975 853
975 855
975 856
975 901
975 915
975 920
975 922
975 927
975 968
975 981
975 985
975 991
13 278
13 708
13 786
13 923
13 997
278 28
278 79
278 394
278 417
278 767
278 805
278 951
278 994
708 158
708 338
708 705
708 753
708 798
708 807
708 841
708 842
708 916
708 969
708 983
786 192
786 271
786 493
786 523
786 558
786 600
786 741
786 743
786 752
786 758
786 769
786 938
786 942
786 963
786 976
786 984
786 995
923 32
923 78
923 104
923 146
923 199
923 239
923 255
923 287
923 323
923 338
923 406
923 424
923 526
923 589
923 682
923 801
923 847
923 878
923 902
923 905
923 910
923 917
923 928
923 936
923 937
923 945
923 951
923 958
923 962
923 991
997 18
997 76
997 85
997 153
997 204
997 223
997 235
997 249
997 265
997 336
997 355
997 361
997 380
997 447
997 469
997 528
997 561
997 590
997 606
997 623
997 666
997 668
997 698
997 707
997 717
997 723
997 731
997 752
997 766
997 803
997 841
997 864
997 878
997 886
997 890
997 931
997 934
997 944
997 972
997 979
997 984
997 987
997 992
14 78
14 362
14 532
14 563
14 578
14 963
78 70
78 455
78 642
78 849
78 995
362 72
362 190
362 199
362 264
362 840
362 858
362 896
362 935
362 945
532 80
532 97
532 218
532 244
532 448
532 558
532 615
532 743
532 842
532 967
563 132
563 281
563 639
563 658
563 717
563 873
563 909
563 966
563 971
578 122
578 424
578 506
578 620
578 738
578 870
578 875
578 905
578 910
578 954
578 962
578 984
963 29
963 45
963 49
963 62
963 132
963 268
963 281
963 371
963 404
963 436
963 444
963 493
963 579
963 632
963 639
963 645
963 658
963 695
963 729
963 732
963 758
963 769
963 770
963 780
963 818
963 835
963 890
963 905
963 945
963 964
963 968
963 979
15 246
15 719
15 752
15 759
15 843
15 845
15 933
246 92
246 479
246 777
246 927
246 940
246 945
246 970
719 141
719 196
719 230
719 318
719 381
719 659
719 704
719 869
719 893
719 971
719 972
719 979
719 981
719 990
752 153
752 239
752 366
752 707
752 711
752 754
752 849
752 885
752 886
752 920
752 991
752 992
759 137
759 202
759 577
759 686
759 695
759 732
759 787
759 814
759 857
759 860
759 867
759 893
759 932
759 971
843 61
843 464
843 505
843 594
843 613
843 654
843 657
843 693
843 872
843 900
843 909
843 938
843 956
843 965
843 966
843 981
843 987
843 991
845 21
845 53
845 145
845 170
845 303
845 330
845 423
845 460
845 475
845 596
845 746
845 801
845 814
845 893
845 924
845 946
845 955
845 978
845 984
845 993
933 31
933 38
933 42
933 177
933 208
933 258
933 289
933 358
933 408
933 411
933 424
933 425
933 435
933 448
933 502
933 570
933 593
933 616
933 657
933 745
933 754
933 772
933 792
933 804
933 848
933 955
933 974
933 976
16 252
16 511
16 611
16 674
16 679
16 734
16 982
252 494
252 600
252 678
252 821
252 877
252 949
511 92
511 599
511 682
511 688
511 689
511 733
511 743
511 802
511 871
511 924
511 990
611 29
611 665
611 738
611 805
611 826
611 848
611 861
611 901
611 936
611 978
674 241
674 266
674 421
674 439
674 473
674 618
674 623
674 714
674 724
674 863
674 875
674 893
674 895
674 988
679 301
679 475
679 554
679 581
679 610
679 722
679 782
679 840
679 896
679 924
679 927
679 934
679 940
679 982
734 240
734 296
734 348
734 351
734 357
734 391
734 424
734 435
734 582
734 606
734 680
734 683
734 838
734 858
734 896
982 28
982 69
982 98
982 133
982 169
982 176
982 260
982 348
982 434
982 440
982 447
982 450
982 455
982 463
982 496
982 498
982 553
982 561
982 568
982 612
982 615
982 631
982 634
982 704
982 707
982 784
982 790
982 803
982 809
982 815
982 859
982 871
982 874
982 911
982 922
982 941
982 979
17 181
17 207
17 450
17 761
17 876
17 962
17 969
181 619
181 850
181 889
181 935
207 58
207 272
207 419
207 775
207 790
207 846
207 891
450 169
450 301
450 370
450 525
450 623
450 750
450 784
450 849
450 928
761 180
761 373
761 412
761 464
761 545
761 560
761 571
761 599
761 655
761 767
761 861
761 863
761 964
876 35
876 87
876 148
876 238
876 293
876 301
876 402
876 476
876 547
876 553
876 625
876 688
876 692
876 727
876 741
876 755
876 785
876 803
876 815
876 861
876 875
876 894
876 910
876 978
876 994
962 56
962 222
962 407
962 485
962 671
962 697
962 711
962 749
962 779
962 785
962 788
962 795
962 831
962 839
962 854
962 868
962 870
962 875
962 884
962 885
962 890
962 896
962 942
962 954
962 958
962 970
962 981
962 984
962 985
962 987
969 99
969 159
969 169
969 265
969 290
969 321
969 329
969 370
969 385
969 412
969 419
969 432
969 486
969 629
969 637
969 705
969 775
969 787
969 823
969 829
969 867
969 900
969 920
969 934
969 941
969 942
969 961
969 966
969 976
969 998
18 302
18 495
18 516
18 814
18 847
302 149
302 307
302 381
302 411
302 507
302 880
302 939
302 951
495 107
495 266
495 295
495 410
495 623
495 735
495 875
495 887
495 970
495 974
516 197
516 429
516 666
516 726
516 745
516 750
516 970
516 995
814 225
814 289
814 313
814 368
814 381
814 382
814 421
814 493
814 559
814 570
814 641
814 714
814 840
814 867
814 893
814 944
814 968
847 118
847 151
847 172
847 364
847 376
847 402
847 452
847 480
847 543
847 680
847 694
847 755
847 806
847 822
847 906
847 912
847 966
847 981
847 983
847 991
19 95
19 166
19 710
19 929
19 952
19 959
19 976
95 381
95 846
95 934
95 935
95 988
95 998
166 372
166 525
166 763
166 869
166 896
166 965
710 100
710 313
710 462
710 655
710 665
710 678
710 776
710 780
710 937
710 956
710 979
929 93
929 104
929 124
929 190
929 342
929 398
929 404
929 434
929 542
929 574
929 580
929 589
929 648
929 740
929 742
929 777
929 783
929 807
929 809
929 859
929 905
929 910
929 928
929 936
929 937
929 941
929 951
929 959
929 960
929 968
929 994
929 995
952 72
952 93
952 121
952 136
952 314
952 332
952 364
952 411
952 429
952 430
952 498
952 522
952 585
952 591
952 635
952 663
952 667
952 727
952 728
952 729
952 742
952 749
952 791
952 850
952 915
952 916
952 976
952 978
952 985
952 993
952 994
959 117
959 200
959 206
959 227
959 234
959 260
959 291
959 308
959 328
959 344
959 356
959 375
959 452
959 456
959 463
959 537
959 549
959 556
959 580
959 589
959 620
959 686
959 691
959 721
959 798
959 853
959 904
959 906
959 912
959 928
959 935
959 936
959 945
959 946
959 951
976 85
976 222
976 224
976 337
976 342
976 411
976 481
976 522
976 585
976 593
976 605
976 616
976 625
976 635
976 637
976 651
976 663
976 706
976 803
976 815
976 831
976 838
976 841
976 842
976 850
976 866
976 880
976 884
976 906
976 916
976 940
976 956
976 965
976 993
20 74
20 160
20 347
20 673
20 866
20 873
20 979
74 480
74 544
74 927
74 938
74 956
160 523
160 566
160 858
160 891
160 893
347 50
347 104
347 275
347 289
347 367
347 486
347 687
347 790
347 884
673 202
673 279
673 406
673 484
673 501
673 569
673 605
673 712
673 743
673 798
673 841
673 856
673 875
866 172
866 226
866 303
866 360
866 582
866 594
866 743
866 768
866 796
866 804
866 837
866 846
866 938
866 961
866 979
866 980
866 991
873 33
873 180
873 191
873 285
873 421
873 429
873 468
873 499
873 525
873 555
873 618
873 635
873 662
873 702
873 723
873 741
873 744
873 749
873 799
873 818
873 945
873 973
873 985
979 45
979 60
979 113
979 204
979 228
979 365
979 415
979 419
979 526
979 582
979 593
979 597
979 638
979 671
979 725
979 728
979 735
979 768
979 828
979 836
979 854
979 870
979 887
979 891
979 916
979 938
979 961
979 972
979 992
21 51
21 81
21 217
21 655
51 139
51 688
51 700
51 852
51 944
51 951
81 175
81 315
81 660
81 776
81 968
81 970
217 415
217 524
217 654
217 763
217 918
217 980
655 212
655 306
655 365
655 469
655 576
655 584
655 742
655 836
655 942
22 366
22 577
22 826
22 967
22 972
22 978
22 983
366 91
366 213
366 375
366 686
366 785
366 917
577 56
577 234
577 575
577 587
577 601
577 646
577 826
577 895
577 961
577 988
826 40
826 241
826 277
826 354
826 358
826 374
826 480
826 482
826 629
826 678
826 702
826 718
826 785
826 841
826 920
826 978
967 87
967 154
967 171
967 262
967 334
967 354
967 374
967 378
967 416
967 431
967 446
967 507
967 560
967 568
967 575
967 596
967 615
967 727
967 751
967 783
967 785
967 812
967 838
967 846
967 861
967 870
967 892
967 911
967 912
967 941
967 978
967 985
967 998
972 46
972 170
972 228
972 297
972 306
972 333
972 360
972 441
972 462
972 478
972 501
972 574
972 582
972 587
972 603
972 636
972 683
972 735
972 743
972 748
972 798
972 880
972 891
972 900
972 904
972 905
972 938
972 956
972 961
972 964
972 987
972 991
978 31
978 33
978 185
978 273
978 384
978 393
978 394
978 431
978 466
978 541
978 565
978 607
978 726
978 727
978 731
978 741
978 746
978 755
978 772
978 785
978 797
978 805
978 809
978 831
978 861
978 872
978 892
978 896
978 921
978 956
978 964
983 32
983 67
983 116
983 151
983 240
983 263
983 285
983 294
983 413
983 433
983 501
983 553
983 592
983 624
983 628
983 637
983 639
983 669
983 748
983 770
983 787
983 835
983 867
983 889
983 905
983 918
983 920
983 928
983 942
983 990
983 993
23 293
23 373
23 517
23 614
23 742
23 772
293 297
293 492
293 565
293 699
293 735
293 763
373 656
373 833
373 868
373 915
373 917
373 965
373 985
517 272
517 515
517 669
517 815
517 852
517 889
517 893
517 970
614 52
614 145
614 151
614 433
614 458
614 687
614 699
614 773
614 796
614 829
614 857
614 893
742 34
742 352
742 387
742 463
742 515
742 723
742 749
742 850
742 896
742 905
742 955
742 965
742 970
772 66
772 280
772 424
772 425
772 474
772 627
772 672
772 712
772 743
772 766
772 842
772 871
772 916
772 928
772 955
772 974
24 685
24 855
24 856
24 864
24 919
24 922
24 968
685 176
685 306
685 431
685 451
685 470
685 605
685 620
685 790
685 820
685 895
685 919
685 931
855 44
855 60
855 226
855 243
855 306
855 328
855 408
855 533
855 569
855 573
855 592
855 605
855 651
855 660
855 680
855 696
855 706
855 769
855 874
855 915
855 965
855 991
856 127
856 247
856 307
856 330
856 368
856 370
856 436
856 491
856 627
856 645
856 700
856 714
856 917
856 922
856 937
856 941
856 944
856 949
856 956
856 994
864 48
864 110
864 163
864 187
864 241
864 265
864 295
864 443
864 458
864 636
864 666
864 681
864 697
864 794
864 812
864 842
864 869
864 938
864 974
864 993
919 69
919 108
919 148
919 153
919 258
919 306
919 449
919 454
919 531
919 599
919 672
919 690
919 692
919 694
919 745
919 750
919 820
919 831
919 839
919 859
919 861
919 894
919 910
919 946
919 974
919 980
922 214
922 257
922 299
922 406
922 503
922 508
922 513
922 533
922 601
922 627
922 636
922 642
922 696
922 701
922 704
922 737
922 809
922 839
922 868
922 894
922 911
922 914
922 915
922 949
922 980
968 64
968 83
968 91
968 108
968 156
968 171
968 245
968 275
968 311
968 317
968 437
968 442
968 469
968 470
968 478
968 586
968 599
968 664
968 690
968 705
968 717
968 720
968 837
968 859
968 867
968 894
968 895
968 946
968 985
968 990
25 372
25 471
25 660
25 720
25 852
25 917
372 458
372 480
372 701
372 793
372 827
372 846
372 863
471 187
471 350
471 451
471 547
471 642
471 695
471 756
471 884
471 987
660 228
660 269
660 352
660 383
660 559
660 630
660 644
660 766
660 776
660 780
660 861
660 994
720 311
720 318
720 339
720 397
720 598
720 618
720 753
720 755
720 859
720 894
720 946
852 34
852 127
852 215
852 235
852 255
852 313
852 371
852 384
852 500
852 515
852 584
852 732
852 737
852 906
852 956
852 973
917 80
917 82
917 102
917 109
917 247
917 294
917 383
917 390
917 396
917 599
917 603
917 630
917 668
917 689
917 726
917 738
917 827
917 833
917 896
917 935
917 946
917 965
917 970
917 988
26 360
26 612
26 678
26 718
26 830
26 878
26 901
360 574
360 768
360 801
612 87
612 139
612 170
612 188
612 391
612 401
612 666
612 811
612 867
612 874
612 971
678 343
678 525
678 537
678 600
678 718
678 785
678 823
678 941
678 951
678 958
718 48
718 61
718 173
718 393
718 641
718 767
718 777
718 796
718 821
718 901
718 951
718 958
830 41
830 155
830 179
830 274
830 390
830 462
830 592
830 600
830 712
830 820
830 825
830 828
830 835
830 850
830 889
830 904
830 956
830 961
830 990
878 156
878 276
878 371
878 485
878 639
878 641
878 666
878 668
878 753
878 766
878 787
878 799
878 819
878 824
878 886
878 890
878 920
878 944
878 981
878 998
901 111
901 205
901 262
901 307
901 325
901 449
901 525
901 537
901 555
901 690
901 715
901 725
901 780
901 796
901 809
901 821
901 849
901 937
901 970
27 579
27 665
27 711
27 797
27 811
27 905
27 913
579 145
579 316
579 375
579 615
579 677
579 797
579 839
579 931
579 951
665 47
665 420
665 423
665 749
665 803
665 829
665 833
665 904
665 911
665 931
665 954
665 971
711 42
711 68
711 150
711 783
711 793
711 806
711 837
711 885
711 910
711 927
711 958
711 974
711 985
797 211
797 325
797 330
797 472
797 479
797 634
797 704
797 765
797 798
797 835
797 857
797 863
797 916
797 944
797 980
797 984
811 29
811 54
811 80
811 178
811 328
811 436
811 627
811 642
811 645
811 662
811 746
811 871
811 904
811 915
811 924
811 931
811 984
811 994
905 117
905 143
905 157
905 190
905 250
905 538
905 648
905 661
905 668
905 721
905 723
905 769
905 795
905 860
905 902
905 910
905 928
905 937
905 939
905 991
913 55
913 60
913 73
913 344
913 349
913 393
913 426
913 460
913 479
913 499
913 548
913 558
913 597
913 669
913 683
913 705
913 729
913 741
913 744
913 751
913 765
913 769
913 798
913 799
913 909
913 936
913 980
28 231
28 357
28 512
28 937
28 987
231 341
231 382
231 571
231 638
231 853
231 970
357 310
357 466
357 514
357 668
357 677
357 868
357 915
357 998
512 399
512 408
512 412
512 480
512 514
512 746
512 775
512 822
512 829
512 857
512 874
937 176
937 201
937 242
937 375
937 443
937 482
937 538
937 571
937 580
937 604
937 613
937 649
937 650
937 767
937 783
937 801
937 805
937 815
937 820
937 838
937 853
937 861
937 900
937 910
987 37
987 43
987 106
987 221
987 256
987 262
987 319
987 322
987 338
987 343
987 382
987 386
987 398
987 456
987 465
987 494
987 520
987 576
987 603
987 604
987 610
987 629
987 700
987 713
987 750
987 788
987 810
987 831
987 838
987 853
987 872
987 889
987 909
987 945
987 971
987 981
29 642
29 725
29 981
29 994
642 178
642 429
642 564
642 810
642 840
642 915
725 290
725 478
725 539
725 593
725 598
725 650
725 689
725 768
725 792
725 891
725 961
981 38
981 57
981 86
981 149
981 165
981 187
981 247
981 271
981 280
981 452
981 475
981 481
981 518
981 543
981 551
981 554
981 556
981 619
981 620
981 656
981 692
981 750
981 756
981 766
981 792
981 821
981 848
981 850
981 966
981 973
981 991
994 43
994 59
994 65
994 106
994 133
994 143
994 172
994 248
994 250
994 291
994 355
994 429
994 449
994 474
994 533
994 590
994 605
994 645
994 651
994 680
994 683
994 686
994 731
994 748
994 770
994 798
994 802
994 860
994 915
994 938
994 949
994 954
994 991
30 134
30 410
30 442
30 607
30 693
30 697
30 998
134 53
134 73
134 320
134 513
134 580
134 998
410 411
410 649
410 849
410 900
410 914
410 974
442 341
442 376
442 893
442 894
442 931
442 946
442 954
607 175
607 191
607 354
607 473
607 625
607 663
607 691
607 892
607 895
607 921
607 944
693 154
693 179
693 274
693 287
693 420
693 461
693 702
693 765
693 833
693 900
693 911
693 928
693 973
697 189
697 334
697 426
697 527
697 632
697 669
697 714
697 842
697 954
697 974
998 41
998 54
998 76
998 82
998 96
998 99
998 164
998 178
998 183
998 191
998 267
998 292
998 379
998 420
998 423
998 435
998 453
998 477
998 509
998 510
998 541
998 594
998 605
998 629
998 649
998 669
998 680
998 701
998 704
998 728
998 736
998 821
998 825
998 828
998 900
998 911
998 914
998 920
998 924
998 931
998 945
998 974
998 991
31 348
31 475
31 741
31 831
348 107
348 184
348 767
348 807
348 927
348 941
475 656
475 791
475 850
475 858
475 951
741 35
741 97
741 358
741 421
741 446
741 506
741 618
741 727
741 756
741 758
741 973
831 421
831 481
831 569
831 593
831 622
831 667
831 683
831 687
831 740
831 768
831 788
831 887
831 916
831 927
831 993
32 121
32 128
32 408
32 449
32 722
121 268
121 592
121 812
121 850
121 916
128 818
128 848
128 890
128 955
128 974
128 993
408 123
408 371
408 468
408 472
408 656
449 259
449 383
449 686
449 722
449 773
449 805
449 932
722 153
722 184
722 305
722 370
722 526
722 641
722 773
722 803
722 836
722 870
722 885
33 747
33 795
33 833
33 954
33 984
747 101
747 299
747 682
747 695
747 738
747 753
747 784
747 806
747 859
747 892
747 909
747 942
747 954
747 958
747 960
747 984
747 985
795 41
795 49
795 84
795 102
795 125
795 138
795 174
795 296
795 361
795 701
795 774
795 858
795 861
795 934
833 102
833 127
833 311
833 390
833 457
833 635
833 796
833 827
833 837
833 868
833 889
833 904
833 935
833 961
833 988
833 990
954 68
954 84
954 90
954 118
954 168
954 296
954 297
954 417
954 529
954 589
954 619
954 779
954 788
954 793
954 839
954 854
954 885
954 887
954 891
954 915
954 927
954 942
954 958
954 966
954 984
984 94
984 126
984 195
984 206
984 237
984 312
984 313
984 400
984 407
984 510
984 527
984 529
984 541
984 564
984 591
984 631
984 647
984 657
984 681
984 805
984 822
984 837
984 839
984 860
984 870
984 877
984 885
984 932
984 942
984 958
984 965
984 985
34 267
34 472
34 776
34 829
267 633
267 769
267 828
267 868
267 904
267 914
267 946
472 389
472 585
472 721
472 773
472 829
472 934
472 964
776 47
776 133
776 155
776 383
776 494
776 500
776 584
776 590
776 595
776 643
776 728
776 906
776 949
776 961
829 151
829 320
829 341
829 419
829 518
829 550
829 662
829 687
829 775
829 794
829 884
829 942
829 961
829 964
35 97
35 98
35 606
35 733
97 46
97 421
97 559
97 904
98 286
98 569
98 887
606 96
606 524
606 756
606 858
606 912
606 960
606 990
733 142
733 214
733 393
733 549
733 595
733 598
733 656
733 702
733 740
733 794
733 874
733 960
733 965
330 649
330 712
330 815
330 912
330 931
721 200
721 452
721 515
721 801
721 902
721 932
721 951
721 961
721 993
751 60
751 143
751 167
751 286
751 548
751 571
751 682
751 724
751 835
751 858
751 863
751 895
751 896
751 940
794 161
794 418
794 531
794 570
794 593
794 677
794 696
794 713
794 753
794 895
794 924
794 940
794 944
794 951
896 94
896 100
896 111
896 391
896 589
896 656
896 677
896 736
896 780
896 802
896 835
896 846
896 850
896 895
896 940
896 960
896 971
37 524
37 594
37 625
37 928
37 988
524 126
524 185
524 256
524 296
524 444
524 689
524 740
524 956
594 575
594 600
594 649
594 801
594 891
594 949
594 956
625 314
625 315
625 346
625 603
625 664
625 727
625 755
625 900
625 965
928 189
928 190
928 215
928 234
928 237
928 272
928 334
928 356
928 364
928 451
928 628
928 740
928 815
928 849
928 853
928 860
928 902
928 910
928 912
928 914
928 936
928 951
988 82
988 140
988 162
988 165
988 220
988 228
988 295
988 342
988 359
988 393
988 409
988 435
988 437
988 447
988 497
988 581
988 603
988 648
988 664
988 717
988 732
988 809
988 827
988 837
988 841
988 842
988 846
988 868
988 869
988 935
988 938
988 965
38 122
38 332
38 553
38 915
38 920
122 645
122 779
122 874
122 900
122 958
332 269
332 421
332 431
332 499
332 763
332 842
553 150
553 406
553 462
553 476
553 560
553 965
915 155
915 226
915 250
915 355
915 413
915 416
915 466
915 636
915 688
915 793
915 874
915 894
915 921
915 949
920 93
920 113
920 120
920 263
920 331
920 352
920 451
920 452
920 476
920 480
920 503
920 755
920 827
920 858
920 927
920 931
920 932
920 960
920 965
920 990
39 292
39 560
39 657
39 669
39 777
39 890
292 237
292 417
292 549
292 738
292 890
292 992
560 197
560 309
560 432
560 545
560 663
560 823
560 824
560 927
657 57
657 392
657 434
657 483
657 737
657 805
657 810
657 824
657 918
657 927
669 510
669 601
669 680
669 911
669 960
777 270
777 431
777 454
777 518
777 746
777 805
777 810
777 824
777 895
777 927
777 971
777 974
890 116
890 301
890 436
890 455
890 485
890 508
890 515
890 528
890 707
890 754
890 821
890 840
890 886
890 939
890 944
890 946
40 92
40 402
40 810
40 885
40 955
92 805
92 810
92 985
402 237
402 444
402 626
402 875
402 892
402 991
810 67
810 76
810 107
810 270
810 314
810 754
810 779
810 782
810 805
810 815
810 891
810 927
810 958
810 960
810 964
885 94
885 117
885 196
885 205
885 312
885 331
885 343
885 420
885 457
885 555
885 647
885 779
885 788
885 822
885 835
885 839
885 906
885 956
885 958
955 42
955 91
955 135
955 162
955 177
955 377
955 415
955 424
955 448
955 470
955 485
955 543
955 650
955 654
955 686
955 754
955 790
955 804
955 848
955 871
955 894
955 895
955 911
955 940
955 941
955 974
41 77
41 193
41 286
41 891
77 48
77 277
77 284
77 477
77 544
77 672
193 299
193 335
193 543
193 687
193 766
193 971
286 418
286 483
286 729
286 785
286 788
286 880
891 45
891 66
891 288
891 297
891 354
891 441
891 493
891 602
891 689
891 735
891 743
891 744
891 775
891 840
891 877
891 973
891 980
42 136
42 222
42 555
42 966
136 260
136 587
136 745
136 870
136 931
222 446
222 743
222 758
222 916
222 993
555 163
555 468
555 635
555 871
555 887
555 945
555 960
555 973
966 83
966 93
966 184
966 230
966 280
966 307
966 343
966 428
966 458
966 499
966 551
966 562
966 571
966 603
966 619
966 641
966 668
966 758
966 798
966 822
966 850
966 857
966 938
966 939
966 991
43 440
43 492
43 680
43 803
43 874
440 260
440 288
440 463
440 480
440 482
440 827
440 836
440 924
492 130
492 446
492 548
492 662
492 724
492 828
492 980
680 315
680 404
680 477
680 479
680 649
680 754
680 820
680 914
803 321
803 418
803 520
803 528
803 729
803 769
803 874
803 894
803 904
803 941
803 951
874 68
874 254
874 434
874 488
874 601
874 613
874 631
874 634
874 646
874 698
874 766
874 784
874 808
874 827
874 836
874 872
874 973
44 71
44 271
44 363
44 604
44 812
44 869
71 264
71 499
71 507
71 698
71 842
271 605
271 687
271 816
271 938
271 949
363 50
363 133
363 390
363 470
363 562
363 619
363 627
363 666
604 427
604 434
604 641
604 714
604 736
604 737
604 809
604 823
812 69
812 192
812 216
812 268
812 299
812 311
812 443
812 527
812 622
812 647
812 653
812 698
812 782
812 828
812 842
812 995
869 103
869 150
869 175
869 242
869 256
869 368
869 427
869 458
869 541
869 641
869 651
869 681
869 867
869 877
869 902
869 924
869 932
869 956
45 602
45 750
45 942
45 945
602 103
602 277
602 477
602 501
602 690
602 848
602 912
602 936
602 961
602 980
750 75
750 189
750 283
750 304
750 474
750 530
750 592
750 601
750 745
750 748
750 961
942 94
942 176
942 323
942 407
942 428
942 429
942 628
942 647
942 671
942 779
942 793
942 799
942 824
942 837
942 839
942 859
942 939
942 958
942 985
945 61
945 209
945 238
945 255
945 266
945 283
945 337
945 468
945 481
945 498
945 591
945 620
945 622
945 623
945 700
945 731
945 799
945 805
945 806
945 875
945 887
945 894
945 939
945 973
46 289
46 308
46 380
289 59
289 223
289 801
289 993
308 59
308 203
308 280
308 377
308 525
308 687
380 64
380 67
380 178
380 350
380 505
380 645
380 687
47 370
47 715
47 736
370 413
370 616
370 921
370 985
715 115
715 225
715 356
715 397
715 621
715 628
715 633
715 702
715 740
715 818
715 820
715 860
715 934
736 87
736 225
736 396
736 554
736 638
736 646
736 714
736 746
736 802
736 900
736 932
736 971
48 334
48 615
48 620
48 659
334 80
334 322
334 351
334 527
334 980
615 147
615 409
615 500
615 636
615 698
615 704
615 842
615 849
620 356
620 464
620 860
620 910
620 936
620 951
659 344
659 477
659 535
659 544
659 773
659 783
659 819
659 871
659 880
659 894
659 916
659 936
49 103
49 631
49 823
49 880
49 927
103 545
103 790
103 927
631 59
631 130
631 214
631 391
631 456
631 473
631 547
631 740
631 808
631 932
823 52
823 57
823 67
823 270
823 454
823 503
823 508
823 573
823 648
823 749
823 824
823 853
823 910
823 921
823 927
880 113
880 119
880 344
880 416
880 432
880 457
880 459
880 506
880 572
880 587
880 622
880 629
880 788
880 819
880 886
880 892
880 900
880 912
880 918
880 921
927 52
927 55
927 108
927 119
927 254
927 482
927 545
927 609
927 805
927 824
927 875
927 884
927 940
927 941
50 367
50 547
50 792
50 798
367 451
367 456
367 490
367 592
367 746
367 792
367 893
547 359
547 433
547 588
547 768
547 970
792 73
792 82
792 141
792 183
792 328
792 350
792 687
792 728
792 802
792 821
792 872
798 135
798 228
798 530
798 724
798 765
798 835
798 857
798 938
798 946
798 964
798 973
139 430
139 610
139 654
139 749
139 932
688 69
688 145
688 249
688 368
688 376
688 496
688 526
688 541
688 893
688 958
688 971
688 974
700 147
700 167
700 191
700 215
700 388
700 439
700 663
700 887
700 893
944 90
944 127
944 335
944 395
944 444
944 447
944 499
944 505
944 528
944 568
944 585
944 627
944 653
944 666
944 723
944 763
944 774
944 875
944 886
944 938
944 970
944 992
951 91
951 144
951 257
951 426
951 427
951 436
951 501
951 571
951 650
951 740
951 767
951 801
951 860
951 877
951 884
951 911
951 914
951 918
951 960
52 382
52 437
52 824
52 958
382 259
382 262
382 435
382 575
382 663
437 142
437 174
437 331
437 349
437 629
437 738
437 819
437 935
824 107
824 108
824 125
824 140
824 157
824 234
824 245
824 428
824 454
824 644
958 79
958 84
958 393
958 424
958 462
958 520
958 529
958 544
958 569
958 664
958 704
958 731
958 793
958 808
958 836
958 837
958 889
958 934
958 985
958 990
53 195
53 389
53 586
53 809
53 971
195 175
195 491
195 582
195 740
195 859
195 900
389 72
389 105
389 593
389 683
389 887
389 916
586 73
586 110
586 120
586 206
586 219
586 513
586 588
586 664
586 737
586 854
586 894
809 214
809 275
809 568
809 572
809 609
809 633
809 634
809 717
809 784
809 807
809 941
971 143
971 225
971 277
971 375
971 458
971 470
971 509
971 526
971 528
971 541
971 576
971 616
971 681
971 699
971 701
971 714
971 808
971 914
971 921
971 932
971 941
971 949
971 980
971 995
54 510
54 627
54 815
54 974
510 194
510 506
510 695
510 749
510 758
510 821
510 911
510 936
627 170
627 358
627 432
627 970
815 94
815 240
815 396
815 441
815 505
815 538
815 618
815 828
815 900
815 911
815 931
974 55
974 66
974 162
974 177
974 223
974 264
974 294
974 316
974 322
974 333
974 379
974 424
974 425
974 448
974 470
974 501
974 705
974 754
974 779
974 804
974 848
974 861
974 871
55 401
55 661
55 780
55 970
401 202
401 434
401 537
401 548
401 681
401 701
401 995
661 93
661 264
661 374
661 387
661 527
661 576
661 780
661 895
661 906
661 921
661 970
661 973
780 247
780 455
780 486
780 502
780 632
780 643
780 671
780 837
780 839
780 970
780 990
780 992
970 76
970 169
970 173
970 221
970 313
970 322
970 387
970 455
970 486
970 569
970 576
970 584
970 595
970 647
970 802
970 807
970 850
970 906
970 961
970 990
56 91
56 234
56 482
56 649
56 934
91 682
91 902
234 303
234 790
234 939
482 444
482 465
482 695
482 713
482 886
482 956
649 131
649 423
649 682
649 738
649 861
649 931
649 949
934 96
934 174
934 178
934 296
934 342
934 361
934 397
934 423
934 494
934 503
934 565
934 621
934 713
934 774
934 863
934 884
934 914
934 918
934 924
934 990
57 85
57 352
57 376
57 545
85 153
85 416
85 424
85 731
352 282
352 598
352 654
352 906
352 960
376 609
376 712
376 854
376 859
376 946
545 132
545 513
545 619
545 735
545 859
545 990
58 80
58 155
58 400
58 729
58 858
80 384
80 745
155 194
155 365
155 629
155 914
400 291
400 314
400 692
400 770
729 111
729 304
729 399
729 439
729 633
729 651
729 784
729 807
729 867
729 941
858 137
858 174
858 274
858 394
858 598
858 633
858 694
858 702
858 840
858 918
858 924
858 940
858 965
858 993
59 458
59 599
458 165
458 538
458 906
458 932
599 223
599 288
599 526
599 542
599 554
599 743
60 658
658 124
658 133
658 164
658 470
658 489
658 500
658 531
658 663
658 666
658 758
658 816
658 995
61 374
61 654
61 744
61 796
374 315
374 355
374 446
374 638
374 695
654 84
654 106
654 409
654 453
654 509
654 529
654 713
654 889
654 980
744 64
744 73
744 318
744 425
744 491
744 562
744 755
744 796
744 821
744 956
796 152
796 227
796 421
796 493
796 525
796 629
796 822
796 914
796 939
62 70
62 346
62 580
62 748
62 918
70 754
70 818
70 960
70 995
346 235
346 460
346 554
346 704
346 921
346 980
580 238
580 551
580 650
580 773
580 902
580 914
748 219
748 243
748 290
748 393
748 513
748 581
748 763
748 912
748 921
918 235
918 243
918 283
918 290
918 393
918 457
918 502
918 572
918 603
918 619
918 691
918 705
918 768
918 783
918 819
918 877
918 887
918 892
918 921
918 936
395 213
395 276
395 508
395 566
395 743
395 906
395 938
639 232
639 270
639 383
639 476
639 507
639 588
639 758
639 805
639 995
846 127
846 445
846 565
846 610
846 713
846 723
846 782
846 825
846 827
846 868
846 935
846 965
64 141
64 530
64 859
64 946
141 420
141 889
530 101
530 167
530 182
530 537
530 550
530 603
530 916
530 990
859 83
859 89
859 119
859 171
859 196
859 213
859 230
859 272
859 317
859 590
859 724
859 782
859 854
859 946
946 65
946 147
946 164
946 182
946 206
946 245
946 397
946 418
946 469
946 488
946 573
946 598
946 664
946 820
946 835
946 854
946 872
946 894
65 638
65 808
65 854
65 877
65 941
638 211
638 316
638 486
638 765
638 775
638 980
808 75
808 208
808 412
808 418
808 473
808 522
808 565
808 692
808 804
808 807
808 836
808 884
808 941
854 83
854 171
854 192
854 240
854 397
854 441
854 460
854 469
854 502
854 507
854 587
854 664
854 894
854 939
877 131
877 200
877 219
877 320
877 358
877 392
877 407
877 433
877 457
877 483
877 502
877 699
877 807
877 819
877 861
877 941
877 991
941 99
941 101
941 201
941 320
941 337
941 434
941 473
941 484
941 487
941 497
941 500
941 548
941 568
941 633
941 646
941 836
66 224
66 285
66 419
224 377
224 420
224 672
224 691
224 848
224 956
285 183
285 203
285 723
419 457
419 464
419 479
419 538
419 964
67 805
67 889
805 107
805 174
805 270
805 667
805 691
805 935
805 980
889 79
889 106
889 321
889 610
889 613
889 621
889 626
889 656
889 689
889 706
889 713
889 828
889 872
889 909
68 388
68 632
68 860
388 123
388 600
388 745
388 758
388 766
388 769
388 784
388 995
632 79
632 183
632 208
632 268
632 282
632 412
632 690
632 793
632 821
632 995
860 200
860 404
860 543
860 556
860 571
860 667
860 767
860 819
860 825
860 893
860 902
860 936
69 210
69 531
69 868
210 124
210 689
210 692
210 723
531 184
531 211
531 329
531 499
531 526
531 726
531 861
868 126
868 127
868 148
868 158
868 163
868 171
868 288
868 436
868 758
868 782
868 841
868 900
868 909
868 965
868 973
754 448
754 460
754 576
754 609
754 695
754 768
754 804
754 848
754 871
754 931
818 208
818 220
818 240
818 368
818 385
818 488
818 489
818 515
818 523
818 630
818 732
818 872
818 916
818 985
818 995
960 101
960 156
960 238
960 262
960 394
960 503
960 523
960 539
960 590
960 610
960 682
960 694
960 701
960 802
960 835
960 863
960 912
960 924
960 940
995 132
995 157
995 279
995 282
995 297
995 344
995 427
995 433
995 493
995 507
995 523
995 600
995 626
995 712
995 732
995 735
995 749
995 769
995 816
995 842
995 867
995 902
995 909
995 910
995 931
995 991
995 992
499 354
499 411
499 634
499 726
507 242
507 268
507 371
507 502
507 551
507 603
698 219
698 459
698 806
698 842
698 875
698 931
842 218
842 265
842 351
842 404
842 527
842 692
842 694
842 705
842 713
842 853
72 183
72 201
72 429
72 667
183 145
183 216
183 909
201 204
201 418
201 508
201 782
201 799
429 284
429 445
429 731
667 177
667 189
667 236
667 441
667 541
667 706
667 773
667 850
667 916
667 993
73 590
73 819
590 165
590 570
590 610
590 668
590 912
819 144
819 329
819 337
819 392
819 399
819 459
819 476
819 575
819 799
819 932
480 196
480 893
480 932
544 455
544 483
544 775
544 783
544 793
938 129
938 215
938 227
938 312
938 337
938 339
938 378
938 397
938 441
938 509
938 539
938 597
938 735
938 768
938 849
938 872
938 961
956 169
956 254
956 256
956 284
956 303
956 451
956 488
956 626
956 770
956 804
956 840
956 872
956 909
956 993
75 272
75 707
75 745
272 406
707 235
707 535
707 662
707 666
707 681
707 717
707 804
707 839
707 964
707 992
745 189
745 244
745 431
745 439
745 514
745 522
745 650
745 949
76 561
76 712
561 274
561 276
561 356
561 518
561 628
561 704
561 900
561 911
712 118
712 319
712 838
712 853
712 961
712 991
277 212
277 399
277 483
277 554
277 993
284 261
284 317
284 391
284 488
284 523
284 909
477 83
477 404
477 412
477 505
477 914
672 244
672 294
672 312
672 501
672 526
672 644
672 689
672 692
672 790
455 221
455 529
455 644
455 836
455 906
849 89
849 120
849 169
849 192
849 381
849 383
849 430
849 514
849 518
849 622
849 690
849 863
849 911
849 964
79 168
79 769
168 111
168 464
168 980
769 173
769 281
769 404
769 562
769 565
769 732
769 758
769 910
384 622
384 637
384 783
384 894
384 939
175 641
175 806
175 867
315 239
315 261
315 755
315 822
315 940
82 489
82 584
82 735
489 523
489 568
489 732
489 816
489 828
489 870
489 886
584 562
584 644
584 807
584 820
584 870
735 213
735 573
735 575
735 597
735 749
735 804
83 261
83 381
261 167
261 236
261 785
381 460
381 595
381 793
381 893
84 662
84 822
84 872
662 203
662 412
662 487
662 618
662 799
662 965
662 973
822 211
822 230
822 269
822 280
822 295
822 340
822 398
822 430
822 706
822 770
822 939
822 985
872 118
872 338
872 415
872 433
872 456
872 558
872 695
872 701
872 763
872 884
872 900
872 932
872 992
153 646
153 894
153 916
416 377
416 626
416 731
416 841
416 949
424 683
424 848
731 415
731 484
731 582
731 605
731 784
731 949
731 964
86 89
86 573
86 991
86 992
89 290
89 317
89 566
89 894
573 221
573 288
573 409
573 597
573 961
573 973
991 93
991 149
991 184
991 197
991 213
991 247
991 287
991 333
991 340
991 398
991 428
991 456
991 522
991 528
991 542
991 543
991 706
991 783
991 791
991 850
991 910
991 921
991 939
992 191
992 204
992 247
992 336
992 339
992 406
992 447
992 459
992 485
992 490
992 549
992 717
992 723
992 753
992 766
992 791
992 807
992 886
992 893
992 895
992 936
992 940
992 985
87 111
87 320
111 821
320 131
320 892
651 172
651 413
651 645
651 871
651 916
651 949
651 985
290 392
290 767
317 297
317 689
317 894
317 961
566 154
566 209
566 288
566 365
566 435
566 537
566 624
566 768
566 785
566 867
894 245
894 344
894 447
894 575
894 598
894 664
894 787
894 949
90 407
90 643
90 765
90 857
407 114
407 180
407 717
407 985
643 130
643 177
643 349
643 359
643 404
643 500
643 556
643 634
643 646
643 738
643 906
765 211
765 282
765 453
765 564
765 695
765 738
765 756
765 775
765 820
765 828
765 980
857 145
857 187
857 344
857 355
857 396
857 426
857 533
857 548
857 570
857 666
857 677
857 724
857 756
857 906
857 932
682 310
682 398
682 466
682 514
682 783
682 790
682 924
682 940
902 243
902 323
902 413
902 462
902 490
902 514
902 539
902 633
902 647
902 681
902 686
902 746
902 801
902 806
902 820
902 848
902 853
902 910
902 964
985 163
985 220
985 250
985 287
985 312
985 420
985 462
985 549
985 572
985 626
985 644
985 647
985 727
985 738
985 756
985 779
985 788
985 793
985 837
985 839
985 870
985 924
93 428
428 229
428 392
428 427
428 448
428 543
428 634
94 463
463 191
463 205
463 425
463 434
463 836
463 949
935 102
935 152
935 163
935 177
935 220
935 342
935 365
935 390
935 509
935 570
935 593
935 596
935 646
935 738
935 779
935 837
935 840
935 841
935 875
935 965
935 993
96 115
115 110
115 788
115 884
115 961
421 973
559 447
559 535
559 727
559 828
559 861
559 892
559 939
904 130
904 133
904 148
904 164
904 178
904 341
904 396
904 432
904 487
904 645
904 677
904 727
904 749
904 766
904 914
904 939
904 973
569 159
569 197
569 616
569 635
569 683
569 737
569 980
887 170
887 194
887 291
887 439
887 448
887 487
887 488
887 498
887 623
887 799
887 912
887 973
99 131
99 305
99 527
99 964
131 351
131 554
305 385
305 430
305 476
305 630
305 825
305 932
527 113
527 218
527 743
964 158
964 185
964 250
964 287
964 301
964 304
964 331
964 387
964 430
964 486
964 609
964 624
964 713
964 755
964 763
964 775
964 863
100 576
100 691
100 699
100 816
576 171
576 273
576 541
576 906
691 154
691 162
691 339
691 446
691 571
691 596
691 626
691 656
691 861
699 276
699 323
699 354
699 368
699 520
699 653
699 681
699 701
699 775
699 783
699 906
816 268
816 404
816 490
816 505
816 513
816 562
816 600
816 732
816 737
816 758
816 791
816 936
816 939
101 185
101 212
101 413
185 522
185 775
185 940
212 460
212 609
212 758
413 497
413 609
413 840
102 787
102 839
787 114
787 120
787 276
787 294
787 340
787 356
787 386
787 469
787 574
787 782
787 990
839 123
839 163
839 310
839 443
839 671
839 696
839 779
839 793
839 837
839 939
839 990
790 223
790 250
790 273
790 316
790 518
790 542
790 838
790 867
790 931
104 158
104 574
104 749
104 850
158 702
158 886
574 120
574 123
574 331
574 379
574 686
574 770
749 434
749 551
749 630
749 825
749 931
850 117
850 196
850 323
850 340
850 452
850 623
850 668
850 756
850 838
105 431
105 671
105 755
105 835
431 205
431 596
431 785
671 312
671 479
671 529
671 585
671 587
671 598
671 870
755 154
755 259
755 378
755 468
755 548
755 705
835 110
835 126
835 236
835 453
835 595
835 610
835 637
835 802
835 840
835 900
835 932
106 312
106 445
106 549
312 291
312 618
445 218
445 539
445 592
445 677
549 717
107 238
107 426
238 281
238 806
426 171
426 653
426 714
426 931
426 980
108 114
108 454
114 365
114 505
114 630
454 473
454 993
109 132
109 621
109 774
132 924
621 143
621 223
621 325
621 494
621 497
621 506
621 591
621 634
774 119
774 138
774 171
774 218
774 420
774 423
774 441
774 481
774 506
774 628
774 630
774 884
774 886
774 909
110 161
110 884
161 203
161 280
161 386
161 924
161 931
884 125
884 137
884 174
884 368
884 391
884 494
821 140
821 265
821 268
821 379
821 537
821 990
112 130
112 327
112 394
112 483
112 753
112 906
130 494
327 203
327 335
327 694
327 743
327 770
327 788
327 909
394 126
394 603
394 624
394 702
483 119
483 294
483 433
483 737
483 895
753 203
753 218
753 262
753 528
753 827
753 886
753 895
753 973
906 203
906 500
906 550
906 571
906 644
906 791
906 806
906 871
906 916
906 990
113 503
113 605
503 515
503 766
503 916
503 990
605 226
605 664
605 848
365 192
365 325
505 200
505 338
505 825
505 827
505 931
630 192
630 432
630 568
630 820
630 914
788 462
788 793
788 802
788 827
788 837
788 870
788 871
961 180
961 215
961 322
961 329
961 441
961 478
961 501
961 548
961 597
961 653
961 692
961 717
961 768
961 779
961 921
116 307
116 763
116 770
307 650
307 793
763 433
763 465
763 539
763 543
763 588
763 689
763 848
763 911
770 213
770 237
770 506
770 537
770 598
770 613
770 990
117 537
117 836
117 936
537 209
537 453
836 205
836 270
836 459
836 618
836 633
836 646
836 737
836 863
836 931
936 127
936 197
936 262
936 313
936 500
936 571
936 624
936 686
936 740
936 756
936 767
936 861
936 871
936 875
936 910
936 911
936 932
118 213
118 487
118 727
213 656
487 275
487 427
487 646
487 728
487 799
487 875
727 152
727 425
727 459
727 468
727 784
727 892
727 993
119 572
572 170
572 328
572 468
572 509
572 622
572 737
572 921
572 990
120 909
120 980
909 262
909 288
909 291
909 446
909 457
909 488
909 529
909 613
909 689
909 713
909 724
909 848
909 853
980 295
980 297
980 326
980 336
980 461
980 474
980 479
980 533
980 558
980 653
980 690
980 705
980 740
980 807
980 921
980 949
980 993
268 206
268 378
592 140
592 609
592 624
592 840
592 990
916 239
916 281
916 337
916 418
916 466
916 474
916 481
916 589
916 635
916 737
916 783
916 837
916 892
645 243
645 319
645 368
645 375
645 696
779 705
779 714
779 726
779 758
779 965
900 164
900 240
900 313
900 427
900 491
900 551
900 820
123 190
123 321
190 164
190 589
190 990
321 668
321 863
124 386
124 500
124 616
124 740
386 257
386 311
386 624
386 713
386 801
500 221
500 259
500 886
616 159
616 270
616 314
616 473
616 728
616 993
740 197
740 411
740 705
740 726
740 853
125 484
125 628
125 931
484 173
484 249
484 696
484 758
484 940
628 188
628 494
628 548
628 591
628 663
628 939
931 178
931 274
931 473
931 585
931 704
931 820
931 828
931 990
126 258
258 216
258 706
258 804
258 871
848 425
848 513
848 558
848 656
848 724
848 804
848 871
993 159
993 239
993 255
993 337
993 350
993 359
993 364
993 411
993 474
993 501
993 513
993 522
993 585
993 587
993 593
993 635
993 636
993 663
993 681
993 706
993 728
993 784
993 791
993 861
993 973
129 228
129 241
129 598
129 634
129 717
129 806
228 804
228 893
241 371
241 892
598 156
598 529
598 664
634 587
634 784
634 921
717 558
717 626
717 886
806 354
806 385
806 399
806 439
806 498
806 543
806 564
806 610
806 875
806 973
494 243
494 296
494 333
351 310
351 466
351 498
351 737
351 853
351 912
554 344
554 349
554 430
554 629
554 635
924 172
924 263
924 275
924 624
924 668
924 702
924 714
924 728
924 793
924 841
924 895
924 912
133 768
768 297
768 415
768 481
513 243
513 248
513 535
135 582
582 215
582 396
582 493
582 496
582 501
582 867
260 187
260 218
587 535
587 542
587 591
870 323
870 529
870 641
870 683
870 773
870 793
870 828
870 837
870 886
870 940
870 965
137 433
137 785
137 912
137 940
433 417
433 575
785 142
785 189
785 236
785 353
785 596
912 226
912 232
912 328
912 333
912 539
912 570
912 595
912 609
912 702
912 784
912 802
912 861
912 871
912 895
940 149
940 176
940 214
940 432
940 595
940 664
940 668
940 840
940 932
940 949
138 150
138 364
138 695
150 446
150 635
150 990
364 310
364 491
364 683
364 706
364 871
695 303
695 498
695 588
695 689
430 282
430 383
610 486
610 570
932 276
932 526
932 714
932 838
932 867
932 893
140 211
140 318
211 502
318 464
318 515
318 726
420 509
142 485
142 827
485 375
485 613
827 435
827 473
827 556
827 603
827 782
827 801
827 841
143 867
867 151
867 514
867 550
867 596
867 681
867 746
867 782
867 973
144 283
144 417
144 623
144 692
144 871
283 306
283 417
283 597
283 738
283 911
417 556
417 601
417 732
623 180
623 182
623 350
623 799
623 939
692 326
692 335
692 465
692 526
692 624
692 841
871 162
871 296
871 322
871 333
871 358
871 377
871 804
145 589
589 204
589 509
589 767
589 910
146 180
146 236
146 242
146 641
146 802
180 973
236 570
236 892
236 895
242 371
242 404
242 591
242 949
641 520
641 556
641 807
802 244
802 508
802 539
802 543
802 570
802 663
802 973
147 622
147 825
622 282
622 443
622 690
622 799
825 157
825 225
825 303
825 432
825 646
825 687
825 911
825 914
148 820
820 220
820 266
820 399
820 551
820 618
820 690
149 177
149 502
149 939
177 385
502 392
502 837
502 921
939 266
939 329
939 398
939 619
939 656
939 694
939 756
939 838
939 892
939 911
446 356
446 453
446 892
635 339
635 596
635 706
635 911
990 230
990 263
990 279
990 331
990 336
990 361
990 368
990 379
990 478
990 609
990 624
990 677
990 837
151 353
151 565
353 152
353 303
353 581
353 596
353 738
565 325
152 245
152 597
152 686
245 257
245 775
597 443
597 886
597 910
686 349
686 465
686 648
686 801
686 911
646 188
646 214
646 356
646 568
154 204
154 893
204 807
893 202
893 444
893 460
893 653
893 921
194 702
194 914
629 387
629 490
629 737
629 783
629 921
914 383
914 459
914 461
914 496
914 801
914 853
914 911
914 965
914 973
156 188
156 311
156 838
188 361
188 591
188 694
311 206
311 280
311 543
838 244
838 319
838 452
838 656
838 694
838 773
838 791
838 799
838 863
838 875
702 162
702 199
702 279
702 538
702 681
886 225
886 263
886 358
886 648
886 726
886 746
886 766
886 767
159 164
159 593
159 801
593 683
593 701
593 910
801 319
801 342
801 538
801 706
801 853
523 232
203 319
280 694
162 274
162 647
274 273
274 398
274 564
647 226
647 295
647 568
647 837
163 378
378 339
378 861
378 895
165 287
165 756
165 804
287 326
287 756
756 309
756 398
804 358
804 470
804 782
525 273
525 853
965 338
965 342
965 425
965 448
965 456
965 497
965 509
965 603
965 618
965 664
965 706
965 738
965 782
965 841
167 326
326 705
464 514
464 775
169 732
169 793
732 220
732 354
732 508
732 564
793 542
793 558
170 518
170 714
518 385
518 399
518 773
714 443
714 514
714 773
714 784
173 250
173 279
173 596
173 656
250 281
279 310
596 807
596 861
656 601
656 791
176 526
526 452
385 791
385 895
178 457
457 783
457 799
179 306
179 392
179 533
179 551
179 949
306 223
392 556
533 490
533 644
533 696
533 892
551 432
551 508
551 973
949 208
949 239
949 291
949 296
949 299
949 355
949 470
949 529
949 689
949 696
973 209
973 227
973 309
973 359
973 397
973 439
973 447
973 618
973 791
973 875
619 266
619 314
619 448
619 562
619 743
182 248
182 637
182 713
248 316
248 570
248 600
248 783
248 921
637 269
637 336
637 624
637 861
713 520
713 840
216 301
216 350
216 633
216 706
184 470
184 791
470 377
791 254
791 325
791 328
791 340
791 522
791 543
522 314
522 585
522 921
775 214
775 650
775 863
775 892
571 648
581 459
581 497
581 509
581 840
187 443
187 636
443 425
443 782
636 361
636 461
636 837
361 436
361 460
361 696
591 390
591 538
694 230
694 423
694 766
694 892
191 683
683 313
683 481
683 585
192 208
192 220
208 728
208 767
299 226
299 406
299 488
299 773
335 601
335 687
335 875
687 344
687 689
687 895
766 427
766 447
491 276
491 528
491 746
196 600
600 232
600 469
600 663
197 375
375 263
375 490
309 225
309 783
309 799
650 356
650 648
650 837
650 910
650 911
690 219
690 542
690 601
690 726
199 288
199 668
199 681
199 853
199 910
288 340
668 439
681 746
681 910
853 323
853 434
853 460
853 648
853 723
853 767
910 406
910 409
910 488
910 496
910 538
910 556
910 624
200 297
200 784
784 355
784 496
784 807
784 921
418 696
418 705
508 473
508 782
508 807
782 235
782 281
782 359
782 497
782 738
799 371
799 515
799 564
799 724
799 875
202 497
497 435
497 613
497 618
319 247
319 391
807 254
807 281
807 340
807 496
807 633
205 496
496 387
206 562
562 336
562 397
728 218
728 239
728 341
728 474
728 481
728 663
767 379
767 542
767 556
767 895
209 225
209 564
689 723
723 666
460 746
609 316
609 331
758 229
758 493
215 478
478 406
478 575
301 239
301 550
350 452
633 314
633 325
633 568
633 840
706 415
706 663
415 256
415 892
219 393
219 469
393 737
469 397
221 294
221 356
743 230
377 310
377 432
377 453
377 479
227 240
227 875
240 396
875 498
875 618
875 666
229 359
229 542
229 726
229 841
359 738
542 255
542 595
726 269
726 441
841 379
841 390
841 435
841 603
841 911
341 303
341 423
341 465
341 911
232 291
232 539
232 911
539 465
539 895
911 304
911 474
911 506
911 528
911 828
275 257
275 595
575 588
303 451
235 921
921 399
921 535
921 653
921 724
921 783
921 840
570 456
570 558
892 269
892 273
892 304
892 481
892 696
892 783
892 861
895 254
895 391
895 840
371 282
243 266
266 468
244 304
244 331
304 269
304 701
331 828
257 506
479 724
783 490
783 550
249 490
490 259
490 459
254 265
265 425
255 462
255 644
644 342
644 535
256 724
724 550
506 737
259 328
259 399
259 737
328 737
399 383
737 459
263 666
468 498
468 538
828 270
828 323
828 704
270 514
514 863
273 339
339 355
398 390
398 466
595 325
595 585
595 601
276 588
588 296
588 322
588 439
588 863
282 439
282 493
738 509
391 840
488 837
340 412
340 548
295 444
295 653
444 501
653 498
653 550
773 863
550 336
550 520
411 461
411 663
451 473
701 541
701 746
476 423
314 474
474 368
474 863
515 349
515 486
863 383
863 435
863 601
322 613
613 333
613 520
613 529
323 556
556 466
705 677
329 336
329 412
329 466
336 409
466 461
466 840
333 358
333 387
387 349
387 432
409 448
337 585
585 626
338 456
338 465
338 528
456 626
465 520
465 535
528 343
355 423
423 541
343 436
704 648
704 746
486 349
677 461
696 861
840 861
746 379
461 558
541 427
427 535
