0 189
0 702
0 711
0 820
0 895
0 901
0 924
189 180
189 711
189 759
189 820
189 895
189 924
189 940
702 115
702 215
702 476
702 564
702 566
702 651
702 683
702 711
702 759
702 764
702 808
702 820
702 824
702 843
702 895
702 901
702 924
711 215
711 292
711 364
711 566
711 651
711 759
711 764
711 808
711 820
711 824
711 867
711 895
711 901
711 924
711 936
820 95
820 204
820 215
820 271
820 292
820 359
820 474
820 506
820 508
820 566
820 683
820 759
820 764
820 808
820 869
820 875
820 900
820 901
820 924
895 95
895 180
895 183
895 204
895 271
895 292
895 294
895 359
895 364
895 474
895 506
895 508
895 564
895 566
895 633
895 651
895 683
895 759
895 764
895 808
895 824
895 901
895 924
895 962
895 989
901 95
901 115
901 123
901 135
901 183
901 204
901 271
901 292
901 294
901 359
901 364
901 375
901 474
901 506
901 508
901 564
901 566
901 651
901 683
901 759
901 764
901 778
901 808
901 824
901 924
924 95
924 115
924 123
924 180
924 183
924 204
924 215
924 271
924 292
924 294
924 359
924 364
924 376
924 435
924 474
924 506
924 508
924 564
924 566
924 651
924 683
924 759
924 764
924 808
924 824
924 927
1 50
1 116
1 725
1 750
1 779
1 826
1 887
50 807
50 859
50 988
50 993
50 997
50 998
116 305
116 418
116 725
116 779
116 827
116 887
725 91
725 113
725 324
725 340
725 478
725 487
725 490
725 518
725 519
725 531
725 673
725 750
725 779
725 802
725 826
725 827
725 887
750 45
750 48
750 113
750 267
750 324
750 352
750 418
750 470
750 487
750 490
750 531
750 673
750 779
750 802
750 826
750 827
750 887
750 965
779 48
779 113
779 324
779 340
779 352
779 418
779 478
779 487
779 490
779 531
779 584
779 802
779 826
779 827
779 841
779 887
779 889
826 12
826 45
826 48
826 113
826 267
826 340
826 352
826 418
826 445
826 478
826 487
826 490
826 531
826 584
826 673
826 802
826 804
826 827
826 887
887 12
887 45
887 48
887 87
887 91
887 113
887 267
887 324
887 340
887 352
887 356
887 418
887 478
887 487
887 490
887 531
887 584
887 673
887 802
887 827
887 870
887 900
2 544
2 694
2 810
2 880
2 956
2 959
2 966
544 21
544 51
544 56
544 260
544 277
544 363
544 426
544 507
544 693
544 701
544 704
544 763
694 231
694 526
694 577
694 583
694 760
694 774
694 795
694 810
694 833
694 880
694 941
694 956
694 959
694 966
694 976
694 977
810 69
810 102
810 145
810 227
810 265
810 480
810 497
810 526
810 572
810 596
810 795
810 806
810 864
810 880
810 923
810 956
810 959
810 966
810 975
810 976
880 39
880 51
880 293
880 311
880 497
880 526
880 583
880 592
880 596
880 662
880 705
880 760
880 795
880 797
880 805
880 806
880 833
880 864
880 920
880 941
880 959
880 960
880 966
880 975
880 976
956 33
956 39
956 51
956 84
956 145
956 172
956 209
956 293
956 309
956 354
956 385
956 398
956 480
956 497
956 572
956 583
956 592
956 596
956 618
956 644
956 662
956 705
956 760
956 795
956 797
956 805
956 806
956 846
956 864
956 923
956 941
956 959
956 966
956 975
956 976
956 999
959 69
959 102
959 134
959 231
959 293
959 354
959 480
959 519
959 526
959 550
959 572
959 577
959 583
959 592
959 596
959 601
959 618
959 662
959 690
959 718
959 760
959 795
959 797
959 805
959 806
959 816
959 833
959 852
959 864
959 923
959 941
959 966
959 975
959 976
959 993
966 33
966 39
966 51
966 82
966 102
966 145
966 209
966 309
966 354
966 398
966 480
966 519
966 526
966 572
966 577
966 596
966 601
966 618
966 662
966 705
966 718
966 759
966 760
966 795
966 797
966 802
966 805
966 833
966 864
966 912
966 923
966 941
966 975
966 976
966 997
3 687
3 861
3 933
3 981
3 993
3 997
3 998
687 105
687 385
687 386
687 478
687 484
687 524
687 525
687 720
687 807
687 817
687 862
687 892
687 933
687 981
687 988
687 993
861 9
861 20
861 29
861 61
861 96
861 110
861 112
861 225
861 259
861 273
861 360
861 443
861 494
861 533
861 539
861 563
861 567
861 657
861 669
861 680
861 715
861 789
861 846
861 856
861 873
933 74
933 152
933 243
933 263
933 289
933 374
933 385
933 386
933 403
933 406
933 407
933 414
933 446
933 451
933 484
933 524
933 525
933 676
933 679
933 696
933 706
933 722
933 733
933 807
933 809
933 817
933 862
933 981
933 988
933 993
933 997
933 998
981 26
981 58
981 90
981 105
981 191
981 205
981 217
981 243
981 274
981 289
981 329
981 353
981 374
981 380
981 385
981 386
981 403
981 406
981 416
981 484
981 524
981 525
981 564
981 602
981 676
981 679
981 696
981 720
981 722
981 733
981 807
981 809
981 817
981 840
981 859
981 862
981 863
981 988
981 993
981 997
981 998
993 58
993 90
993 144
993 188
993 191
993 205
993 217
993 263
993 274
993 289
993 335
993 374
993 385
993 386
993 403
993 406
993 407
993 414
993 416
993 446
993 453
993 484
993 489
993 524
993 525
993 548
993 602
993 676
993 679
993 696
993 720
993 722
993 733
993 807
993 809
993 817
993 859
993 862
993 863
993 965
993 988
993 997
993 998
997 26
997 58
997 90
997 105
997 144
997 152
997 188
997 191
997 205
997 217
997 263
997 274
997 289
997 335
997 374
997 385
997 386
997 403
997 406
997 407
997 414
997 416
997 446
997 484
997 524
997 525
997 602
997 676
997 679
997 696
997 718
997 720
997 722
997 733
997 784
997 807
997 809
997 817
997 859
997 862
997 921
997 988
997 998
998 26
998 32
998 58
998 90
998 105
998 144
998 152
998 188
998 191
998 205
998 243
998 263
998 274
998 289
998 335
998 358
998 374
998 385
998 386
998 403
998 406
998 407
998 416
998 446
998 484
998 524
998 525
998 584
998 602
998 676
998 679
998 696
998 720
998 722
998 733
998 807
998 809
998 813
998 817
998 859
998 862
998 863
998 921
998 988
4 513
4 747
4 888
4 932
4 957
4 963
4 968
513 224
513 706
513 888
513 896
513 897
513 904
513 909
513 934
513 957
513 963
513 968
747 197
747 342
747 408
747 458
747 609
747 624
747 716
747 781
747 841
747 853
747 898
747 916
747 927
747 931
747 935
747 944
747 954
747 962
888 81
888 310
888 407
888 447
888 461
888 528
888 579
888 612
888 628
888 672
888 689
888 723
888 745
888 775
888 801
888 870
888 896
888 897
888 904
888 909
888 932
888 934
888 957
888 962
888 963
888 968
932 25
932 206
932 279
932 290
932 419
932 427
932 461
932 467
932 528
932 579
932 599
932 612
932 628
932 630
932 635
932 672
932 685
932 689
932 706
932 723
932 745
932 775
932 870
932 894
932 896
932 897
932 904
932 909
932 934
932 957
932 963
932 968
957 6
957 25
957 81
957 155
957 279
957 290
957 419
957 427
957 447
957 461
957 528
957 579
957 587
957 599
957 612
957 628
957 630
957 672
957 685
957 689
957 706
957 723
957 745
957 775
957 790
957 811
957 870
957 896
957 897
957 904
957 909
957 934
957 937
957 963
957 968
963 6
963 25
963 81
963 155
963 206
963 279
963 290
963 310
963 419
963 427
963 447
963 461
963 528
963 579
963 599
963 612
963 628
963 630
963 672
963 685
963 689
963 704
963 706
963 723
963 745
963 775
963 783
963 870
963 897
963 904
963 909
963 922
963 934
963 968
963 988
968 6
968 25
968 59
968 81
968 155
968 206
968 279
968 290
968 310
968 419
968 427
968 447
968 461
968 528
968 579
968 599
968 612
968 628
968 630
968 672
968 685
968 689
968 706
968 723
968 745
968 775
968 833
968 870
968 896
968 897
968 904
968 909
968 934
968 937
968 976
5 491
5 655
5 865
5 867
5 899
5 907
5 943
491 281
491 318
491 411
491 430
491 439
491 500
491 521
491 560
491 646
491 774
491 791
655 610
655 638
655 690
655 838
655 839
655 865
655 867
655 872
655 893
655 899
655 907
655 942
655 943
655 999
865 7
865 44
865 143
865 195
865 297
865 415
865 433
865 477
865 573
865 591
865 611
865 638
865 656
865 695
865 698
865 838
865 839
865 849
865 867
865 872
865 893
865 899
865 907
865 928
865 943
867 7
867 170
867 297
867 415
867 477
867 501
867 591
867 610
867 611
867 638
867 645
867 690
867 695
867 698
867 838
867 839
867 849
867 872
867 893
867 898
867 899
867 907
867 943
899 7
899 143
899 168
899 170
899 195
899 297
899 382
899 415
899 477
899 501
899 565
899 573
899 591
899 603
899 610
899 611
899 656
899 660
899 698
899 838
899 849
899 872
899 893
899 907
899 943
899 984
907 44
907 46
907 101
907 143
907 168
907 170
907 297
907 382
907 477
907 501
907 573
907 591
907 603
907 611
907 656
907 690
907 695
907 698
907 838
907 839
907 849
907 872
907 893
907 894
907 940
907 943
907 971
943 44
943 101
943 143
943 168
943 170
943 195
943 207
943 297
943 299
943 310
943 382
943 415
943 477
943 501
943 573
943 591
943 603
943 610
943 611
943 624
943 638
943 656
943 690
943 695
943 698
943 838
943 839
943 849
943 872
943 893
6 870
6 896
6 897
6 909
870 206
870 279
870 310
870 427
870 447
870 458
870 599
870 612
870 628
870 672
870 685
870 689
870 706
870 723
870 775
870 896
870 897
870 904
870 909
870 934
896 155
896 206
896 290
896 310
896 419
896 427
896 456
896 461
896 528
896 579
896 599
896 612
896 628
896 685
896 689
896 706
896 775
896 836
896 855
896 897
896 904
896 909
896 934
897 111
897 206
897 279
897 310
897 419
897 427
897 447
897 454
897 528
897 599
897 630
897 672
897 685
897 689
897 723
897 745
897 775
897 829
897 904
897 909
897 934
909 155
909 279
909 419
909 427
909 444
909 447
909 461
909 528
909 551
909 579
909 599
909 628
909 630
909 646
909 672
909 685
909 689
909 706
909 745
909 775
909 904
909 934
7 477
7 656
7 872
7 893
477 415
477 838
477 839
477 849
477 872
477 948
656 160
656 573
656 610
656 681
656 690
656 695
656 698
656 839
656 849
656 872
656 893
872 44
872 308
872 382
872 501
872 573
872 591
872 603
872 611
872 638
872 690
872 695
872 698
872 708
872 754
872 838
872 839
872 849
872 893
893 44
893 101
893 143
893 168
893 170
893 501
893 505
893 573
893 591
893 610
893 611
893 638
893 690
893 695
893 698
893 796
893 838
893 839
893 849
893 863
8 303
8 549
8 634
8 671
8 719
8 804
8 831
303 28
303 426
303 668
303 693
303 701
303 704
303 731
303 763
549 146
549 362
549 569
549 570
549 617
549 671
549 719
549 737
549 766
549 798
549 804
549 831
634 88
634 146
634 181
634 315
634 514
634 570
634 617
634 671
634 719
634 737
634 798
634 804
634 813
634 831
671 94
671 315
671 320
671 327
671 514
671 570
671 617
671 631
671 737
671 798
671 804
671 813
671 831
719 137
719 181
719 315
719 320
719 486
719 523
719 569
719 570
719 617
719 680
719 737
719 798
719 804
719 813
719 831
719 838
804 23
804 94
804 137
804 315
804 320
804 471
804 514
804 523
804 569
804 570
804 680
804 737
804 798
804 813
804 831
804 863
831 94
831 137
831 146
831 181
831 248
831 315
831 320
831 410
831 471
831 514
831 523
831 570
831 617
831 680
831 737
831 798
831 813
831 898
9 121
9 254
9 443
9 789
9 856
9 873
121 573
121 715
121 789
121 846
121 856
121 873
254 756
254 869
254 911
254 945
254 961
254 974
254 978
254 983
443 207
443 273
443 539
443 657
443 669
443 715
443 856
443 873
443 939
789 29
789 61
789 110
789 141
789 207
789 346
789 360
789 461
789 494
789 546
789 563
789 567
789 657
789 669
789 846
789 856
789 873
789 885
856 29
856 96
856 112
856 141
856 207
856 225
856 259
856 273
856 346
856 360
856 494
856 533
856 539
856 563
856 567
856 657
856 658
856 715
856 846
856 873
856 948
873 61
873 96
873 110
873 112
873 141
873 207
873 225
873 273
873 346
873 360
873 494
873 533
873 539
873 563
873 567
873 657
873 669
873 684
873 715
873 792
873 846
10 417
10 465
10 625
10 811
10 860
10 922
10 930
417 158
417 194
417 241
417 421
417 499
417 559
417 686
417 724
417 734
465 216
465 427
465 546
465 551
465 586
465 654
465 860
465 879
465 922
465 930
625 74
625 216
625 253
625 343
625 595
625 631
625 636
625 653
625 654
625 811
625 860
625 879
625 922
625 930
811 17
811 34
811 79
811 100
811 147
811 208
811 216
811 253
811 283
811 343
811 551
811 631
811 636
811 639
811 653
811 860
811 879
811 922
811 930
860 118
860 132
860 147
860 216
860 253
860 283
860 330
860 343
860 371
860 546
860 551
860 586
860 614
860 631
860 636
860 653
860 654
860 735
860 879
860 922
860 930
860 972
922 17
922 34
922 74
922 79
922 100
922 132
922 147
922 216
922 253
922 283
922 330
922 343
922 371
922 546
922 551
922 586
922 599
922 614
922 631
922 636
922 653
922 654
922 735
922 777
922 876
922 879
922 930
930 17
930 34
930 74
930 79
930 100
930 132
930 147
930 166
930 208
930 216
930 253
930 283
930 330
930 336
930 343
930 371
930 546
930 551
930 576
930 586
930 614
930 631
930 636
930 653
930 654
930 735
930 879
930 920
11 301
11 714
11 834
11 926
11 936
11 952
11 955
301 337
301 463
301 568
301 894
301 921
301 936
301 950
301 955
714 445
714 492
714 661
714 681
714 829
714 832
714 850
714 890
714 902
714 910
714 915
714 948
714 965
714 969
714 977
714 979
714 987
834 353
834 536
834 568
834 571
834 649
834 710
834 762
834 784
834 793
834 794
834 800
834 819
834 855
834 866
834 894
834 921
834 926
834 936
834 950
834 952
834 955
834 960
834 980
926 75
926 133
926 166
926 197
926 255
926 278
926 285
926 302
926 353
926 358
926 366
926 463
926 515
926 516
926 536
926 568
926 571
926 649
926 710
926 762
926 784
926 794
926 800
926 819
926 855
926 866
926 921
926 936
926 950
926 952
926 955
926 995
936 75
936 133
936 166
936 196
936 237
936 244
936 278
936 353
936 358
936 383
936 463
936 515
936 516
936 536
936 568
936 571
936 710
936 762
936 776
936 784
936 793
936 800
936 819
936 825
936 855
936 866
936 894
936 921
936 952
936 955
952 15
952 75
952 133
952 166
952 196
952 199
952 237
952 244
952 255
952 278
952 302
952 353
952 358
952 366
952 463
952 515
952 536
952 552
952 571
952 649
952 710
952 762
952 784
952 793
952 794
952 800
952 819
952 828
952 855
952 866
952 894
952 921
952 950
952 955
955 71
955 75
955 120
955 133
955 233
955 237
955 244
955 255
955 278
955 302
955 353
955 358
955 366
955 463
955 515
955 516
955 536
955 568
955 571
955 710
955 762
955 784
955 793
955 794
955 800
955 819
955 855
955 866
955 894
955 921
955 950
955 987
12 487
12 490
12 785
12 802
12 827
487 45
487 87
487 677
487 788
487 802
487 827
490 531
490 546
490 584
490 673
490 802
490 827
785 135
785 462
785 554
785 588
785 619
785 633
785 684
785 755
785 756
785 777
785 838
785 869
785 882
785 911
785 938
785 945
785 961
785 974
785 978
785 983
802 87
802 91
802 267
802 324
802 340
802 352
802 478
802 531
802 579
802 584
802 673
802 827
802 905
827 45
827 87
827 91
827 113
827 267
827 352
827 418
827 478
827 531
827 584
827 673
827 845
827 974
13 455
13 597
13 623
13 627
13 744
13 844
13 978
455 199
455 503
455 531
455 605
455 615
455 623
455 627
455 736
455 749
455 844
597 199
597 409
597 413
597 489
597 503
597 605
597 615
597 623
597 736
597 744
597 749
597 844
597 906
623 118
623 184
623 249
623 278
623 409
623 440
623 489
623 627
623 736
623 749
623 753
623 844
627 330
627 413
627 440
627 444
627 489
627 503
627 605
627 615
627 736
627 744
627 749
627 844
744 127
744 184
744 199
744 249
744 409
744 440
744 444
744 489
744 503
744 605
744 615
744 736
744 749
744 751
744 844
744 904
844 118
844 127
844 148
844 184
844 199
844 249
844 409
844 413
844 440
844 444
844 466
844 489
844 503
844 590
844 605
844 615
844 736
844 749
844 864
978 19
978 43
978 104
978 119
978 135
978 136
978 142
978 156
978 174
978 238
978 252
978 268
978 305
978 345
978 349
978 367
978 387
978 391
978 462
978 482
978 518
978 554
978 559
978 588
978 619
978 633
978 684
978 755
978 756
978 777
978 848
978 869
978 882
978 911
978 938
978 944
978 945
978 961
978 974
978 983
14 365
14 679
14 829
14 965
14 969
14 977
14 979
365 661
365 823
365 902
365 915
365 948
365 977
365 979
365 987
365 999
679 26
679 289
679 416
679 676
679 720
679 722
679 807
679 817
679 863
679 988
829 64
829 538
829 604
829 661
829 667
829 674
829 700
829 726
829 748
829 823
829 890
829 902
829 910
829 915
829 931
829 948
829 965
829 969
829 977
829 979
829 987
965 68
965 144
965 162
965 165
965 176
965 187
965 193
965 203
965 223
965 246
965 280
965 331
965 445
965 492
965 538
965 659
965 661
965 667
965 674
965 681
965 700
965 705
965 726
965 748
965 780
965 823
965 832
965 850
965 890
965 902
965 910
965 948
965 969
965 977
965 979
965 987
969 64
969 68
969 176
969 187
969 223
969 226
969 246
969 280
969 331
969 335
969 445
969 492
969 538
969 604
969 618
969 645
969 661
969 667
969 674
969 681
969 700
969 726
969 746
969 748
969 780
969 808
969 823
969 832
969 850
969 890
969 902
969 910
969 915
969 948
969 977
969 979
969 987
977 68
977 162
977 165
977 187
977 203
977 223
977 226
977 238
977 246
977 280
977 298
977 331
977 445
977 492
977 522
977 538
977 604
977 645
977 659
977 661
977 667
977 674
977 681
977 726
977 748
977 780
977 823
977 850
977 871
977 890
977 902
977 910
977 915
977 948
977 979
977 987
979 68
979 138
979 162
979 165
979 176
979 187
979 193
979 203
979 226
979 280
979 298
979 445
979 446
979 492
979 538
979 571
979 598
979 604
979 645
979 659
979 661
979 667
979 674
979 700
979 726
979 748
979 780
979 823
979 832
979 850
979 890
979 902
979 910
979 915
979 948
979 987
15 376
15 498
15 556
15 724
15 734
15 787
376 138
376 194
376 325
376 336
376 483
376 686
376 734
376 787
498 18
498 120
498 125
498 222
498 295
498 336
498 483
498 556
498 724
498 734
498 913
556 155
556 158
556 241
556 325
556 421
556 499
556 559
556 686
556 724
556 734
556 787
724 18
724 120
724 125
724 138
724 222
724 295
724 336
724 421
724 483
724 525
724 559
724 686
724 734
724 787
724 917
734 158
734 222
734 295
734 325
734 336
734 421
734 483
734 499
734 559
734 686
734 716
734 736
734 787
787 18
787 120
787 125
787 138
787 158
787 222
787 241
787 295
787 325
787 336
787 421
787 483
787 499
787 559
787 686
787 918
16 323
16 660
16 852
16 857
16 971
16 992
16 995
323 541
323 642
323 738
323 894
323 939
323 971
323 992
323 995
660 153
660 475
660 485
660 738
660 790
660 792
660 801
660 939
660 953
660 971
660 973
660 980
660 992
660 995
852 27
852 126
852 173
852 210
852 338
852 481
852 493
852 575
852 608
852 770
852 781
852 792
852 801
852 835
852 843
852 857
852 878
852 939
852 953
852 971
852 973
852 980
852 992
852 995
857 25
857 173
857 223
857 431
857 481
857 485
857 575
857 585
857 587
857 596
857 642
857 717
857 738
857 770
857 792
857 801
857 835
857 843
857 939
857 971
857 973
857 980
857 992
857 995
971 177
971 212
971 287
971 307
971 337
971 338
971 375
971 431
971 437
971 475
971 481
971 485
971 486
971 493
971 541
971 575
971 585
971 587
971 642
971 670
971 717
971 738
971 770
971 781
971 792
971 801
971 835
971 843
971 881
971 911
971 939
971 953
971 973
971 980
971 992
971 995
992 27
992 153
992 173
992 177
992 210
992 212
992 247
992 275
992 287
992 307
992 315
992 337
992 338
992 375
992 397
992 431
992 475
992 481
992 485
992 486
992 493
992 541
992 585
992 587
992 608
992 644
992 670
992 672
992 717
992 738
992 770
992 781
992 792
992 801
992 835
992 843
992 885
992 915
992 939
992 953
992 973
992 980
992 995
995 27
995 126
995 153
995 173
995 177
995 210
995 212
995 214
995 247
995 275
995 287
995 307
995 337
995 338
995 431
995 475
995 481
995 486
995 493
995 509
995 541
995 575
995 585
995 608
995 642
995 644
995 670
995 717
995 738
995 770
995 774
995 781
995 792
995 801
995 835
995 843
995 939
995 950
995 953
995 973
995 980
17 132
17 653
17 735
17 879
132 546
132 654
132 879
653 34
653 74
653 330
653 551
653 614
653 636
653 688
653 735
653 879
735 34
735 79
735 100
735 147
735 208
735 330
735 400
735 546
735 586
735 614
735 631
735 636
735 879
735 972
879 74
879 79
879 100
879 147
879 208
879 253
879 283
879 371
879 546
879 551
879 586
879 614
879 631
879 636
879 654
879 698
879 916
879 991
18 125
18 241
18 295
18 686
125 158
125 559
125 686
241 138
241 295
241 336
241 559
295 163
295 194
295 499
686 120
686 138
686 140
686 158
686 222
686 325
686 483
686 499
686 615
19 756
19 911
19 945
19 961
19 974
19 983
756 104
756 387
756 391
756 482
756 554
756 589
756 777
756 848
756 869
756 882
756 911
756 945
756 947
756 961
756 974
756 983
911 119
911 142
911 154
911 252
911 345
911 349
911 367
911 391
911 462
911 482
911 518
911 554
911 588
911 619
911 684
911 755
911 777
911 848
911 869
911 882
911 938
911 945
911 961
911 974
911 980
911 983
945 42
945 43
945 136
945 156
945 174
945 252
945 305
945 345
945 367
945 387
945 391
945 402
945 462
945 482
945 518
945 554
945 588
945 607
945 619
945 684
945 755
945 760
945 777
945 848
945 869
945 882
945 938
945 961
945 974
945 983
961 42
961 104
961 119
961 135
961 136
961 142
961 171
961 174
961 238
961 252
961 272
961 349
961 367
961 387
961 391
961 462
961 482
961 518
961 545
961 554
961 588
961 619
961 633
961 684
961 755
961 777
961 848
961 869
961 882
961 886
961 938
961 974
961 983
974 43
974 104
974 119
974 135
974 136
974 142
974 156
974 174
974 238
974 252
974 305
974 345
974 349
974 367
974 387
974 391
974 462
974 473
974 482
974 518
974 523
974 554
974 588
974 619
974 633
974 684
974 755
974 777
974 848
974 869
974 882
974 938
974 983
974 990
983 42
983 43
983 104
983 119
983 135
983 136
983 142
983 156
983 174
983 238
983 252
983 281
983 305
983 322
983 345
983 349
983 367
983 387
983 391
983 462
983 482
983 518
983 554
983 588
983 619
983 633
983 684
983 755
983 763
983 777
983 805
983 823
983 848
983 869
983 882
983 938
20 913
20 960
20 985
20 991
20 996
20 999
913 256
913 300
913 319
913 334
913 582
913 616
913 626
913 632
913 647
913 682
913 707
913 741
913 742
913 751
913 761
913 773
913 799
913 875
913 877
913 885
913 944
913 947
913 951
913 960
913 970
913 985
913 986
913 991
913 996
913 999
960 31
960 67
960 88
960 124
960 157
960 256
960 300
960 319
960 334
960 469
960 543
960 582
960 616
960 626
960 647
960 682
960 707
960 741
960 742
960 751
960 761
960 773
960 799
960 828
960 875
960 877
960 885
960 947
960 951
960 953
960 970
960 985
960 986
960 991
960 996
960 999
985 31
985 53
985 57
985 72
985 88
985 107
985 124
985 157
985 216
985 219
985 286
985 319
985 333
985 334
985 378
985 384
985 469
985 543
985 582
985 616
985 626
985 647
985 682
985 707
985 741
985 742
985 751
985 761
985 773
985 793
985 799
985 848
985 875
985 877
985 885
985 947
985 951
985 970
985 986
985 991
985 996
985 999
991 31
991 53
991 67
991 72
991 88
991 107
991 124
991 157
991 214
991 219
991 256
991 286
991 287
991 300
991 333
991 334
991 378
991 469
991 543
991 582
991 616
991 626
991 647
991 682
991 703
991 707
991 741
991 742
991 751
991 761
991 773
991 797
991 799
991 875
991 877
991 885
991 947
991 951
991 970
991 986
991 996
991 999
996 31
996 53
996 57
996 67
996 72
996 107
996 124
996 127
996 157
996 214
996 219
996 256
996 286
996 300
996 319
996 333
996 334
996 364
996 378
996 469
996 543
996 563
996 582
996 616
996 626
996 647
996 682
996 707
996 741
996 742
996 751
996 761
996 773
996 786
996 799
996 875
996 877
996 883
996 885
996 947
996 951
996 970
996 986
996 999
999 31
999 53
999 57
999 67
999 72
999 88
999 107
999 124
999 157
999 214
999 219
999 221
999 256
999 286
999 300
999 319
999 333
999 334
999 378
999 469
999 543
999 582
999 616
999 626
999 647
999 682
999 707
999 741
999 742
999 751
999 761
999 773
999 799
999 875
999 877
999 885
999 906
999 947
999 951
999 970
999 986
21 56
21 641
21 693
21 701
21 731
21 763
56 265
56 452
56 507
56 668
56 763
641 80
641 106
641 140
641 227
641 306
641 314
641 347
641 448
641 496
641 548
641 553
641 613
641 621
641 766
693 28
693 62
693 277
693 308
693 363
693 426
693 449
693 452
693 507
693 532
693 668
693 704
693 731
693 773
701 28
701 62
701 98
701 260
701 326
701 363
701 426
701 452
701 507
701 532
701 668
701 704
701 731
701 763
701 954
731 228
731 265
731 277
731 308
731 326
731 360
731 363
731 426
731 452
731 507
731 532
731 668
731 704
731 742
731 763
763 28
763 98
763 228
763 260
763 277
763 308
763 326
763 426
763 452
763 532
763 668
763 704
763 975
22 677
22 841
22 898
22 916
22 927
22 931
22 962
677 232
677 609
677 624
677 680
677 841
677 853
677 898
677 916
677 927
677 931
677 935
677 944
677 954
677 962
841 161
841 197
841 213
841 361
841 368
841 393
841 537
841 561
841 609
841 624
841 716
841 853
841 854
841 898
841 916
841 927
841 931
841 935
841 944
841 954
841 962
898 37
898 77
898 161
898 232
898 285
898 361
898 368
898 370
898 393
898 458
898 529
898 537
898 561
898 609
898 624
898 716
898 853
898 916
898 927
898 931
898 944
898 954
898 962
898 972
916 46
916 77
916 161
916 178
916 213
916 285
916 332
916 368
916 370
916 408
916 529
916 537
916 561
916 585
916 609
916 624
916 637
916 716
916 847
916 853
916 927
916 931
916 935
916 944
916 954
916 962
927 37
927 159
927 161
927 178
927 213
927 232
927 285
927 294
927 332
927 342
927 361
927 368
927 370
927 408
927 458
927 529
927 537
927 561
927 568
927 624
927 716
927 853
927 931
927 935
927 944
927 954
927 962
931 46
931 77
931 82
931 159
931 178
931 213
931 232
931 332
931 342
931 361
931 368
931 370
931 393
931 458
931 529
931 537
931 561
931 609
931 624
931 664
931 716
931 853
931 935
931 944
931 954
931 962
962 37
962 46
962 77
962 159
962 161
962 178
962 197
962 213
962 232
962 285
962 332
962 342
962 361
962 368
962 370
962 393
962 408
962 458
962 529
962 537
962 561
962 609
962 624
962 643
962 716
962 807
962 853
962 935
962 944
962 954
23 320
23 362
23 523
23 680
23 706
23 813
320 137
320 410
320 569
320 798
362 468
362 514
362 570
362 617
362 680
362 737
362 798
362 813
523 569
523 570
523 617
523 680
523 737
523 798
523 813
680 94
680 137
680 410
680 471
680 617
680 737
680 798
680 813
706 25
706 461
706 685
706 723
706 745
706 775
706 904
706 934
813 94
813 146
813 181
813 315
813 410
813 471
813 514
813 569
813 570
813 737
813 798
813 818
24 405
24 590
24 650
24 691
24 738
24 753
24 812
405 84
405 540
405 650
405 688
405 713
405 728
405 753
405 778
405 812
590 185
590 540
590 552
590 581
590 606
590 650
590 688
590 713
590 728
590 753
590 778
590 812
650 185
650 205
650 348
650 454
650 460
650 540
650 606
650 688
650 713
650 728
650 753
650 778
691 92
691 234
691 257
691 282
691 454
691 540
691 581
691 606
691 635
691 682
691 688
691 713
691 728
691 778
691 812
691 988
738 99
738 173
738 287
738 485
738 608
738 644
738 770
738 835
738 939
738 953
738 973
738 980
753 92
753 185
753 257
753 356
753 454
753 460
753 540
753 581
753 606
753 635
753 688
753 713
753 778
753 812
753 858
812 92
812 234
812 282
812 356
812 454
812 460
812 540
812 552
812 560
812 581
812 606
812 635
812 675
812 688
812 713
812 728
812 778
25 904
904 81
904 290
904 427
904 442
904 461
904 528
904 579
904 599
904 612
904 628
904 630
904 672
904 685
904 723
904 745
904 775
904 929
904 934
26 805
26 817
26 988
805 51
805 82
805 102
805 572
805 705
805 718
805 760
805 795
805 797
805 833
805 864
805 923
805 929
805 941
805 975
805 976
817 58
817 169
817 274
817 289
817 403
817 446
817 525
817 696
817 733
817 809
817 819
817 859
817 862
817 863
817 988
988 90
988 152
988 188
988 191
988 205
988 217
988 243
988 263
988 274
988 335
988 374
988 385
988 386
988 403
988 406
988 407
988 414
988 416
988 446
988 484
988 524
988 525
988 602
988 606
988 676
988 696
988 720
988 733
988 807
988 809
988 859
988 862
988 863
988 921
27 493
27 801
27 953
27 980
493 338
493 485
493 733
493 939
493 953
493 973
493 980
801 275
801 475
801 481
801 541
801 587
801 642
801 644
801 770
801 792
801 835
801 939
801 953
801 967
801 973
953 126
953 210
953 212
953 247
953 256
953 307
953 337
953 475
953 481
953 485
953 486
953 541
953 575
953 587
953 608
953 613
953 642
953 644
953 717
953 770
953 778
953 781
953 792
953 835
953 843
953 939
953 973
953 980
980 126
980 153
980 173
980 177
980 212
980 275
980 287
980 307
980 338
980 375
980 428
980 431
980 475
980 481
980 485
980 486
980 541
980 575
980 585
980 587
980 608
980 642
980 644
980 670
980 717
980 770
980 792
980 835
980 843
980 900
980 939
980 973
28 326
28 424
28 704
326 228
326 265
326 277
326 426
326 668
424 542
424 562
424 589
424 637
424 639
424 847
424 851
424 858
424 892
424 903
704 62
704 98
704 228
704 265
704 277
704 363
704 452
704 507
704 532
704 668
29 539
29 563
29 657
29 929
539 110
539 112
539 494
539 657
539 669
539 715
539 846
539 884
563 141
563 346
563 533
563 567
563 669
563 730
563 846
657 61
657 96
657 128
657 360
657 494
657 669
657 715
657 777
657 846
929 54
929 111
929 130
929 154
929 175
929 201
929 211
929 229
929 288
929 299
929 317
929 321
929 380
929 402
929 441
929 464
929 495
929 530
929 730
929 768
929 788
929 790
929 815
929 871
929 874
929 878
929 891
929 905
929 920
929 946
929 949
30 185
30 338
30 356
30 581
30 713
30 728
30 778
185 581
185 713
185 728
185 858
338 835
338 973
356 257
356 460
356 552
356 635
356 713
356 728
581 257
581 540
581 635
581 688
581 713
581 778
581 990
713 73
713 454
713 519
713 540
713 606
713 635
713 728
713 778
728 234
728 282
728 454
728 552
728 606
728 635
728 642
728 688
728 778
728 975
778 92
778 234
778 257
778 282
778 460
778 540
778 552
778 606
778 635
31 49
31 970
49 854
49 937
49 982
49 984
49 990
49 994
970 57
970 67
970 88
970 214
970 219
970 286
970 300
970 319
970 333
970 334
970 378
970 469
970 494
970 543
970 582
970 616
970 626
970 647
970 682
970 707
970 741
970 742
970 751
970 761
970 773
970 799
970 814
970 855
970 875
970 877
970 885
970 935
970 947
970 951
970 986
32 550
32 663
32 675
32 732
32 754
32 782
550 86
550 319
550 535
550 565
550 607
550 663
550 666
550 675
550 732
550 754
550 782
663 66
663 86
663 369
663 389
663 432
663 535
663 558
663 565
663 607
663 666
663 732
663 754
663 782
663 987
675 164
675 329
675 369
675 389
675 403
675 432
675 535
675 558
675 565
675 607
675 732
675 754
675 782
732 86
732 139
732 164
732 369
732 390
732 432
732 535
732 558
732 565
732 607
732 651
732 666
732 754
732 782
732 891
754 86
754 139
754 164
754 329
754 369
754 389
754 390
754 432
754 535
754 558
754 607
754 666
754 782
754 848
782 66
782 86
782 139
782 164
782 329
782 369
782 389
782 390
782 432
782 535
782 565
782 580
782 607
782 666
782 723
33 833
33 864
33 923
33 941
33 975
833 231
833 480
833 519
833 572
833 601
833 618
833 662
833 718
833 760
833 793
833 795
833 797
833 806
833 864
833 941
833 975
833 976
864 69
864 84
864 134
864 172
864 231
864 398
864 497
864 526
864 594
864 596
864 662
864 718
864 760
864 806
864 941
864 967
864 975
864 976
923 82
923 84
923 134
923 165
923 172
923 231
923 293
923 309
923 354
923 398
923 497
923 519
923 572
923 577
923 592
923 596
923 601
923 662
923 760
923 795
923 797
923 806
923 905
923 941
923 949
923 975
923 976
941 39
941 51
941 69
941 82
941 102
941 172
941 293
941 354
941 398
941 497
941 517
941 526
941 572
941 577
941 592
941 601
941 618
941 705
941 718
941 760
941 795
941 797
941 798
941 842
941 975
941 976
975 39
975 69
975 82
975 84
975 102
975 134
975 145
975 172
975 209
975 293
975 354
975 398
975 459
975 480
975 497
975 519
975 577
975 583
975 592
975 596
975 601
975 618
975 654
975 705
975 718
975 760
975 795
975 797
975 806
975 976
34 614
34 791
614 208
614 330
614 371
614 546
614 557
614 631
614 636
614 654
791 52
791 85
791 151
791 218
791 230
791 276
791 281
791 318
791 351
791 430
791 439
791 500
791 521
791 560
791 629
791 646
791 772
791 774
791 798
35 131
35 264
35 511
35 640
35 769
35 825
35 845
131 511
131 664
131 743
131 769
131 825
131 842
264 372
264 423
264 574
264 640
264 664
264 825
264 842
264 855
511 236
511 372
511 527
511 640
511 664
511 743
511 769
511 825
511 842
511 976
640 270
640 437
640 453
640 466
640 470
640 555
640 574
640 720
640 743
640 825
640 842
640 987
769 59
769 113
769 270
769 372
769 388
769 437
769 438
769 466
769 470
769 527
769 555
769 632
769 664
769 743
769 825
769 842
769 947
825 78
825 372
825 388
825 437
825 438
825 453
825 466
825 470
825 527
825 555
825 574
825 583
825 632
825 664
825 743
825 842
845 70
845 357
845 400
845 401
845 547
845 622
845 709
845 739
845 740
845 771
845 818
845 822
845 828
845 830
845 881
845 937
845 940
845 958
845 964
845 967
845 984
845 990
845 994
36 607
36 643
36 908
36 917
36 919
36 972
36 989
607 139
607 432
607 535
607 558
607 565
607 666
643 150
643 169
643 316
643 517
643 520
643 579
643 796
643 884
643 908
643 917
643 918
643 972
643 989
908 73
908 99
908 103
908 150
908 186
908 192
908 202
908 258
908 269
908 291
908 394
908 434
908 457
908 467
908 504
908 517
908 520
908 678
908 692
908 717
908 727
908 765
908 796
908 821
908 884
908 917
908 918
908 919
908 972
908 989
917 114
917 179
917 186
917 221
917 258
917 284
917 291
917 316
917 394
917 397
917 451
917 598
917 647
917 678
917 692
917 727
917 729
917 752
917 765
917 796
917 821
917 884
917 918
917 919
917 939
917 958
917 972
917 989
919 99
919 114
919 150
919 179
919 186
919 192
919 258
919 284
919 291
919 316
919 373
919 394
919 397
919 428
919 434
919 451
919 459
919 504
919 517
919 520
919 727
919 752
919 765
919 796
919 806
919 821
919 884
919 918
919 972
919 989
972 99
972 114
972 169
972 179
972 186
972 192
972 202
972 221
972 258
972 269
972 291
972 316
972 394
972 397
972 434
972 451
972 459
972 504
972 517
972 520
972 598
972 678
972 692
972 727
972 729
972 752
972 765
972 767
972 796
972 821
972 884
972 918
972 986
972 989
989 73
989 99
989 114
989 150
989 169
989 179
989 186
989 192
989 202
989 221
989 242
989 258
989 269
989 271
989 284
989 291
989 316
989 394
989 397
989 434
989 451
989 459
989 467
989 504
989 517
989 520
989 588
989 598
989 678
989 692
989 696
989 727
989 729
989 752
989 765
989 796
989 821
989 874
989 884
989 918
37 168
37 935
37 944
37 954
168 382
168 838
168 849
935 46
935 77
935 159
935 161
935 178
935 197
935 211
935 285
935 332
935 342
935 368
935 393
935 408
935 458
935 497
935 529
935 537
935 561
935 609
935 624
935 649
935 716
935 853
935 944
935 954
944 46
944 76
944 159
944 161
944 178
944 197
944 213
944 232
944 285
944 342
944 361
944 368
944 370
944 393
944 408
944 458
944 529
944 537
944 609
944 624
944 716
944 745
944 853
944 954
954 46
954 77
954 159
954 161
954 178
954 197
954 213
954 232
954 285
954 332
954 342
954 361
954 370
954 393
954 408
954 458
954 529
954 537
954 561
954 609
954 611
954 624
954 716
954 768
954 853
954 984
38 272
38 476
38 576
38 697
38 758
38 767
38 786
272 327
272 512
272 576
272 595
272 697
272 758
272 786
476 40
476 250
476 425
476 620
476 697
476 721
476 737
476 758
476 767
476 786
576 93
576 248
576 339
576 512
576 595
576 620
576 697
576 721
576 758
576 767
697 40
697 93
697 97
697 149
697 248
697 250
697 327
697 425
697 721
697 758
697 767
697 786
697 854
758 40
758 63
758 97
758 220
758 224
758 248
758 250
758 339
758 512
758 595
758 721
758 767
758 786
758 884
758 912
767 93
767 149
767 220
767 224
767 248
767 327
767 339
767 425
767 512
767 595
767 620
767 721
767 786
767 946
786 40
786 63
786 80
786 93
786 97
786 149
786 224
786 248
786 327
786 425
786 512
786 595
786 620
786 721
39 583
39 806
583 172
583 718
583 761
583 795
583 797
583 806
583 976
806 172
806 293
806 309
806 519
806 618
806 662
806 705
806 760
806 797
806 958
806 976
40 425
40 595
40 721
425 63
425 97
425 149
425 220
425 585
425 721
595 97
595 224
595 250
595 327
595 339
595 620
595 721
721 63
721 97
721 117
721 220
721 224
721 248
721 255
721 339
721 512
721 620
41 52
41 318
41 521
41 629
41 646
41 772
41 774
52 430
52 560
52 629
52 772
52 774
318 430
318 500
318 560
318 646
318 659
318 774
521 230
521 281
521 439
521 500
521 629
521 646
521 772
521 774
521 889
629 230
629 276
629 351
629 430
629 439
629 500
629 560
629 646
629 765
629 772
629 774
646 230
646 281
646 430
646 439
646 500
646 772
646 774
646 973
772 85
772 151
772 218
772 276
772 281
772 351
772 411
772 430
772 439
772 500
772 560
772 635
772 774
772 947
774 85
774 151
774 218
774 276
774 351
774 411
774 430
774 439
774 560
42 387
42 618
42 882
42 938
387 633
387 771
387 869
618 662
618 705
618 718
618 795
618 797
618 976
882 66
882 156
882 305
882 349
882 367
882 482
882 518
882 554
882 588
882 619
882 633
882 684
882 755
882 777
882 830
882 848
882 869
882 889
882 938
938 43
938 119
938 136
938 142
938 156
938 252
938 305
938 345
938 349
938 391
938 462
938 482
938 518
938 554
938 588
938 619
938 633
938 684
938 755
938 777
938 796
938 815
938 848
938 869
938 967
938 973
43 534
43 755
534 652
534 665
534 828
534 854
534 881
534 940
534 958
534 964
534 982
534 990
534 994
755 238
755 252
755 345
755 482
755 619
755 699
755 777
755 848
755 869
755 946
44 695
44 839
695 101
695 297
695 603
695 611
695 638
695 838
695 839
695 848
695 849
839 65
839 195
839 382
839 415
839 573
839 591
839 603
839 610
839 690
839 698
839 818
839 838
839 849
45 584
45 673
584 48
584 87
584 340
584 478
584 673
584 976
673 91
673 136
673 324
673 340
673 352
673 418
673 902
47 117
47 435
47 468
47 803
47 814
47 928
47 942
117 803
117 814
117 925
117 928
117 942
435 341
435 468
435 703
435 757
435 836
435 840
435 925
435 928
435 942
468 580
468 593
468 658
468 816
468 840
468 925
468 928
468 942
803 261
803 268
803 322
803 392
803 399
803 428
803 479
803 580
803 648
803 658
803 743
803 757
803 816
803 836
803 837
803 840
803 918
803 925
803 928
803 942
814 65
814 261
814 268
814 341
814 399
814 428
814 502
814 538
814 580
814 593
814 648
814 658
814 703
814 757
814 816
814 836
814 837
814 925
814 928
928 129
928 160
928 261
928 268
928 296
928 322
928 341
928 392
928 420
928 428
928 429
928 479
928 502
928 533
928 580
928 593
928 648
928 658
928 703
928 757
928 816
928 836
928 837
928 840
928 925
928 940
928 942
942 65
942 129
942 167
942 261
942 263
942 268
942 296
942 341
942 392
942 399
942 420
942 428
942 429
942 439
942 453
942 464
942 479
942 502
942 580
942 593
942 648
942 658
942 703
942 757
942 816
942 836
942 837
942 840
942 925
48 340
48 712
340 508
712 83
712 108
712 311
712 348
712 412
712 433
712 449
712 495
712 637
712 639
712 708
712 776
712 847
712 851
712 868
712 892
712 903
854 233
854 235
854 377
854 522
854 547
854 622
854 709
854 739
854 740
854 818
854 828
854 830
854 881
854 937
854 940
854 958
854 964
854 967
854 982
854 984
854 990
854 994
937 103
937 163
937 233
937 266
937 355
937 357
937 373
937 377
937 395
937 401
937 557
937 594
937 652
937 665
937 709
937 737
937 740
937 771
937 818
937 822
937 828
937 881
937 940
937 958
937 964
937 967
937 982
937 984
937 990
937 994
982 70
982 76
982 101
982 103
982 128
982 163
982 190
982 198
982 240
982 266
982 355
982 357
982 373
982 400
982 401
982 501
982 522
982 547
982 557
982 602
982 622
982 652
982 665
982 709
982 722
982 739
982 740
982 771
982 818
982 822
982 828
982 830
982 881
982 940
982 958
982 964
982 967
982 984
982 990
982 994
984 76
984 128
984 163
984 190
984 198
984 233
984 240
984 266
984 357
984 373
984 377
984 395
984 400
984 401
984 547
984 557
984 594
984 622
984 652
984 665
984 709
984 739
984 740
984 771
984 818
984 822
984 828
984 830
984 876
984 877
984 881
984 940
984 951
984 958
984 964
984 967
984 990
984 994
990 70
990 76
990 103
990 128
990 190
990 233
990 235
990 240
990 251
990 266
990 355
990 357
990 366
990 373
990 377
990 395
990 522
990 547
990 557
990 594
990 622
990 652
990 665
990 709
990 739
990 740
990 771
990 818
990 822
990 828
990 830
990 881
990 940
990 958
990 964
990 967
990 976
990 994
994 76
994 103
994 128
994 174
994 190
994 198
994 233
994 235
994 240
994 266
994 355
994 357
994 373
994 374
994 377
994 395
994 400
994 401
994 512
994 522
994 537
994 547
994 557
994 594
994 622
994 626
994 652
994 665
994 709
994 739
994 740
994 771
994 818
994 822
994 828
994 830
994 881
994 940
994 958
994 964
994 967
807 105
807 194
807 335
807 414
807 602
807 696
807 720
807 722
807 733
807 809
807 859
807 862
859 144
859 205
859 335
859 385
859 416
859 524
859 525
859 602
859 676
859 696
859 720
859 722
859 733
859 809
859 862
859 863
859 890
859 951
51 976
976 69
976 82
976 134
976 145
976 209
976 293
976 309
976 354
976 480
976 497
976 519
976 526
976 572
976 592
976 596
976 601
976 662
976 705
976 718
976 760
976 764
976 795
976 797
430 201
430 218
430 276
560 151
560 276
560 281
560 351
560 411
53 875
53 951
53 986
875 57
875 378
875 440
875 525
875 626
875 647
875 682
875 707
875 741
875 742
875 751
875 773
875 799
875 877
875 885
875 947
875 951
875 986
951 57
951 124
951 214
951 256
951 286
951 319
951 334
951 469
951 543
951 582
951 616
951 626
951 647
951 682
951 707
951 709
951 741
951 742
951 751
951 761
951 773
951 799
951 877
951 885
951 947
951 986
986 67
986 72
986 107
986 124
986 157
986 188
986 214
986 219
986 256
986 286
986 300
986 319
986 333
986 334
986 378
986 469
986 543
986 582
986 616
986 626
986 647
986 682
986 685
986 707
986 741
986 742
986 751
986 761
986 773
986 788
986 799
986 877
986 885
986 947
54 871
54 891
54 905
54 920
54 946
54 949
871 130
871 175
871 211
871 229
871 317
871 321
871 380
871 402
871 441
871 488
871 530
871 730
871 768
871 788
871 790
871 815
871 874
871 878
871 891
871 903
871 905
871 920
871 946
871 949
891 111
891 175
891 201
891 229
891 251
891 262
891 299
891 321
891 381
891 402
891 441
891 492
891 530
891 730
891 768
891 788
891 790
891 815
891 874
891 878
891 905
891 920
891 946
891 949
891 950
905 111
905 154
905 175
905 200
905 211
905 262
905 288
905 299
905 321
905 380
905 381
905 402
905 441
905 495
905 730
905 768
905 788
905 790
905 792
905 815
905 874
905 878
905 920
905 946
905 949
920 111
920 130
920 154
920 175
920 201
920 211
920 229
920 251
920 262
920 288
920 299
920 317
920 321
920 402
920 495
920 530
920 612
920 730
920 768
920 788
920 790
920 815
920 874
920 878
920 946
920 949
946 111
946 130
946 154
946 175
946 201
946 211
946 229
946 251
946 262
946 288
946 299
946 317
946 321
946 380
946 381
946 402
946 441
946 495
946 530
946 730
946 768
946 788
946 790
946 815
946 874
946 878
946 902
946 949
949 111
949 130
949 154
949 175
949 201
949 211
949 229
949 234
949 251
949 262
949 288
949 299
949 317
949 321
949 380
949 381
949 402
949 412
949 441
949 495
949 530
949 730
949 768
949 788
949 790
949 815
949 853
949 874
949 878
55 473
55 783
55 876
55 883
55 886
55 906
55 912
473 182
473 783
473 858
473 883
473 886
473 889
473 900
473 906
473 914
783 109
783 236
783 472
783 526
783 545
783 600
783 699
783 746
783 858
783 876
783 883
783 886
783 889
783 900
783 906
783 912
783 914
783 964
876 109
876 122
876 182
876 200
876 328
876 384
876 396
876 422
876 436
876 456
876 457
876 488
876 509
876 600
876 699
876 746
876 823
876 883
876 886
876 889
876 900
876 906
876 912
876 914
883 182
883 200
883 236
883 304
883 328
883 350
883 396
883 422
883 436
883 456
883 509
883 529
883 545
883 600
883 699
883 746
883 858
883 886
883 889
883 900
883 906
883 912
883 914
886 109
886 158
886 236
886 328
886 350
886 384
886 422
886 457
886 472
886 488
886 509
886 545
886 600
886 672
886 699
886 746
886 858
886 889
886 900
886 906
886 912
886 914
906 109
906 182
906 200
906 236
906 304
906 328
906 350
906 384
906 396
906 422
906 436
906 456
906 457
906 545
906 557
906 600
906 699
906 746
906 858
906 889
906 900
906 912
906 914
912 109
912 122
912 182
912 200
912 236
912 304
912 350
912 384
912 396
912 422
912 436
912 456
912 457
912 472
912 488
912 509
912 545
912 600
912 699
912 759
912 858
912 889
912 900
912 914
265 62
265 260
265 277
265 363
452 98
452 222
452 308
452 507
452 532
507 260
507 363
507 484
507 532
507 668
668 98
668 228
668 277
668 308
668 345
668 426
668 532
57 729
729 179
729 242
729 291
729 504
729 520
729 591
729 678
729 692
729 727
729 752
729 765
729 796
729 821
729 884
729 918
58 96
58 863
96 225
96 846
863 72
863 243
863 263
863 289
863 374
863 406
863 407
863 414
863 446
863 484
863 524
863 676
863 696
863 722
863 733
863 809
59 555
59 578
59 664
59 743
59 842
555 423
555 437
555 438
555 574
555 632
555 664
555 743
555 775
555 842
578 372
578 423
578 437
578 470
578 500
578 527
578 574
578 582
578 632
578 664
578 743
578 842
664 388
664 437
664 438
664 453
664 466
664 470
664 632
743 78
743 115
743 270
743 372
743 423
743 453
743 466
743 470
743 527
743 842
842 78
842 270
842 372
842 388
842 423
842 438
842 453
842 466
842 470
842 485
842 527
842 574
842 632
842 689
60 448
60 505
60 548
60 553
60 621
60 766
60 877
448 80
448 89
448 306
448 379
448 496
448 553
448 600
448 613
448 766
505 80
505 239
505 306
505 312
505 313
505 347
505 379
505 496
505 553
505 766
548 89
548 106
548 313
548 347
548 383
548 496
548 553
548 613
548 621
548 766
553 89
553 239
553 347
553 383
553 482
553 496
553 613
553 621
621 140
621 239
621 306
621 313
621 314
621 347
621 379
621 383
621 419
621 613
621 766
766 89
766 106
766 140
766 227
766 239
766 312
766 313
766 314
766 347
766 355
766 379
766 496
766 613
877 88
877 107
877 378
877 515
877 543
877 626
877 647
877 707
877 741
877 742
877 751
877 761
877 773
877 799
877 885
877 947
61 346
61 421
61 533
346 212
346 360
346 669
346 846
421 120
421 194
421 483
421 499
421 559
533 225
533 259
533 360
533 423
533 715
533 846
62 260
62 308
62 837
260 308
260 426
260 746
308 532
837 129
837 160
837 167
837 341
837 392
837 420
837 429
837 464
837 479
837 502
837 610
837 658
837 665
837 703
837 757
837 816
837 836
837 840
837 925
63 196
63 339
63 620
196 800
196 855
196 866
196 921
196 950
339 327
339 620
339 973
620 93
620 149
620 181
620 220
620 250
620 304
620 512
64 352
64 890
64 902
64 948
64 987
352 324
352 478
890 193
890 203
890 223
890 331
890 445
890 492
890 538
890 681
890 700
890 748
890 780
890 823
890 832
890 847
890 850
890 868
890 902
890 910
890 915
890 948
890 987
902 187
902 246
902 331
902 472
902 604
902 645
902 659
902 674
902 681
902 700
902 726
902 748
902 780
902 823
902 832
902 850
902 910
902 915
902 948
902 987
948 162
948 176
948 226
948 280
948 298
948 331
948 434
948 492
948 538
948 604
948 645
948 659
948 661
948 667
948 674
948 700
948 726
948 748
948 780
948 823
948 832
948 850
948 910
948 915
948 987
987 68
987 162
987 165
987 176
987 187
987 193
987 203
987 226
987 246
987 280
987 298
987 331
987 445
987 492
987 538
987 604
987 645
987 659
987 661
987 667
987 674
987 681
987 700
987 726
987 748
987 780
987 823
987 832
987 836
987 850
987 910
987 915
65 428
65 502
65 836
65 925
428 703
428 757
428 840
428 925
502 399
502 479
502 593
502 648
502 816
502 835
502 836
836 261
836 270
836 296
836 322
836 392
836 429
836 464
836 580
836 658
836 703
836 757
836 816
836 840
836 925
925 86
925 129
925 160
925 167
925 220
925 261
925 268
925 296
925 322
925 392
925 399
925 420
925 429
925 464
925 479
925 577
925 580
925 593
925 648
925 658
925 757
925 816
925 840
66 329
66 390
66 535
66 558
329 86
329 558
329 565
329 666
390 389
390 432
390 535
390 558
390 615
390 666
535 389
535 666
535 710
558 100
558 164
558 389
558 565
558 666
67 689
689 447
689 628
689 630
689 672
689 685
689 934
68 832
68 915
832 165
832 193
832 298
832 399
832 645
832 661
832 678
832 700
832 726
832 748
832 780
832 823
832 850
832 910
832 915
915 162
915 165
915 176
915 187
915 280
915 378
915 445
915 554
915 604
915 645
915 659
915 667
915 674
915 726
915 748
915 780
915 823
915 850
915 910
69 718
718 354
718 370
718 596
718 705
718 760
718 797
70 163
70 388
70 964
70 967
163 652
163 881
163 964
388 270
388 372
388 423
388 453
388 632
964 198
964 210
964 235
964 240
964 266
964 357
964 373
964 377
964 400
964 401
964 547
964 557
964 568
964 594
964 622
964 665
964 709
964 739
964 740
964 771
964 808
964 818
964 822
964 828
964 830
964 881
964 940
964 958
964 967
967 128
967 190
967 233
967 235
967 240
967 296
967 355
967 357
967 377
967 395
967 400
967 401
967 522
967 557
967 594
967 622
967 652
967 665
967 709
967 739
967 740
967 771
967 818
967 822
967 828
967 830
967 881
967 940
967 958
71 404
71 433
71 847
71 868
71 892
71 903
404 412
404 510
404 708
404 739
404 847
404 851
404 868
404 892
404 903
433 171
433 637
433 639
433 847
433 851
433 868
433 892
433 903
847 108
847 171
847 183
847 245
847 344
847 442
847 450
847 510
847 542
847 562
847 589
847 637
847 639
847 708
847 776
847 868
847 892
847 903
868 83
868 92
868 108
868 171
868 245
868 311
868 344
868 348
868 412
868 442
868 449
868 450
868 463
868 562
868 589
868 637
868 639
868 776
868 851
868 892
868 903
892 83
892 108
892 171
892 226
892 245
892 311
892 344
892 412
892 442
892 449
892 450
892 542
892 562
892 589
892 637
892 639
892 648
892 708
892 776
892 851
892 903
903 83
903 108
903 171
903 178
903 209
903 245
903 311
903 344
903 348
903 412
903 442
903 449
903 450
903 510
903 542
903 562
903 589
903 637
903 639
903 708
903 776
903 851
72 947
947 219
947 256
947 286
947 300
947 333
947 351
947 469
947 543
947 582
947 616
947 626
947 647
947 682
947 707
947 741
947 742
947 751
947 761
947 773
947 799
947 885
73 221
73 467
73 517
73 918
221 752
221 884
221 918
467 397
467 451
467 678
467 727
467 765
467 796
467 918
517 242
517 284
517 520
517 821
517 918
918 169
918 192
918 202
918 242
918 284
918 316
918 434
918 459
918 504
918 520
918 598
918 678
918 692
918 726
918 727
918 752
918 765
918 796
918 821
918 884
74 79
79 631
75 741
75 894
75 950
741 429
741 616
741 751
741 761
741 799
741 885
894 237
894 244
894 302
894 366
894 515
894 536
894 568
894 571
894 649
894 710
894 762
894 784
894 793
894 794
894 800
894 819
894 855
894 866
894 921
894 950
950 107
950 133
950 166
950 237
950 244
950 255
950 278
950 302
950 353
950 358
950 463
950 515
950 516
950 532
950 536
950 568
950 649
950 710
950 762
950 784
950 793
950 794
950 800
950 819
950 855
950 866
950 921
76 736
76 940
736 118
736 127
736 148
736 199
736 409
736 413
736 444
736 503
736 605
736 615
736 749
940 190
940 198
940 240
940 355
940 373
940 395
940 522
940 547
940 557
940 594
940 622
940 652
940 665
940 709
940 739
940 771
940 818
940 822
940 828
940 830
940 881
940 958
77 733
733 105
733 217
733 274
733 335
733 407
733 414
733 862
78 151
78 438
78 466
78 632
151 230
151 439
151 500
438 270
438 466
438 527
438 632
438 757
466 437
466 453
632 270
632 283
632 437
632 527
632 574
631 371
631 586
631 591
631 636
631 654
80 306
80 313
80 496
306 312
306 371
306 383
306 613
313 227
313 314
313 496
313 593
496 239
496 354
496 379
496 383
81 723
81 934
723 310
723 516
723 579
723 612
723 628
723 672
723 745
723 934
934 155
934 206
934 228
934 290
934 310
934 419
934 422
934 447
934 461
934 528
934 529
934 579
934 599
934 612
934 628
934 630
934 685
934 745
934 775
83 586
83 589
83 776
586 147
586 253
586 283
586 546
586 619
586 654
589 344
589 348
589 412
589 449
589 542
589 708
589 851
776 108
776 245
776 293
776 311
776 348
776 442
776 510
776 542
776 562
776 637
776 639
776 708
776 851
84 705
84 797
705 209
705 450
705 480
705 596
705 601
705 797
797 398
797 497
797 592
797 637
85 218
85 351
85 411
85 628
218 351
218 411
218 439
351 411
351 500
411 276
411 500
411 636
628 382
628 745
87 324
87 478
324 531
478 91
478 267
89 312
89 314
89 383
312 106
312 227
312 314
312 613
312 914
314 140
314 379
314 853
383 140
383 239
383 613
90 243
90 809
243 676
243 866
809 152
809 300
809 309
809 374
809 386
809 407
809 667
809 696
809 720
809 722
809 862
91 418
418 267
418 780
92 282
92 552
282 98
282 257
282 635
282 688
552 267
552 454
552 460
552 540
552 606
552 688
93 220
93 512
220 512
512 250
512 321
94 181
94 798
181 617
181 798
798 146
798 410
798 471
798 569
798 570
798 617
798 737
95 564
95 651
95 707
564 115
564 215
564 364
564 508
564 566
564 651
564 808
651 115
651 271
651 506
651 683
651 759
651 764
651 824
707 682
707 742
707 773
707 800
707 885
225 273
225 567
225 594
846 110
846 112
846 141
846 207
846 259
846 273
846 360
846 386
846 494
846 567
846 669
846 715
846 849
97 224
224 149
98 532
532 363
99 821
99 884
821 150
821 179
821 242
821 291
821 434
821 451
821 459
821 504
821 630
821 692
821 752
821 765
821 815
821 884
884 186
884 192
884 269
884 284
884 332
884 394
884 434
884 451
884 598
884 678
884 692
884 727
884 752
884 765
884 796
100 654
654 343
654 371
654 830
101 698
101 838
698 195
698 415
698 610
698 638
698 690
698 838
698 849
838 195
838 382
838 501
838 573
838 591
838 610
838 690
838 849
102 519
519 596
519 795
103 709
103 958
709 483
709 818
709 822
709 830
709 881
709 958
958 190
958 198
958 233
958 235
958 240
958 266
958 355
958 395
958 400
958 401
958 522
958 594
958 604
958 622
958 652
958 665
958 674
958 739
958 740
958 771
958 818
958 822
958 828
958 830
958 881
104 280
104 869
280 910
869 123
869 238
869 305
869 349
869 367
869 482
869 518
869 588
869 619
869 633
869 777
869 848
105 862
862 152
862 374
862 406
862 407
862 414
862 446
862 484
862 524
862 602
862 603
862 676
862 696
862 914
106 186
106 379
106 613
186 752
379 114
379 227
379 347
613 227
613 239
613 347
613 441
108 851
851 171
851 245
851 311
851 344
851 348
851 412
851 442
851 449
851 450
851 462
851 510
851 542
851 562
851 637
851 692
109 900
109 914
900 200
900 236
900 328
900 350
900 384
900 396
900 422
900 436
900 456
900 472
900 488
900 509
900 545
900 600
900 699
900 746
900 858
900 889
900 914
914 122
914 200
914 304
914 328
914 350
914 384
914 396
914 422
914 436
914 456
914 457
914 472
914 488
914 509
914 545
914 600
914 699
914 746
914 819
914 858
914 889
110 669
110 973
669 207
669 259
669 273
669 567
669 715
669 773
973 126
973 153
973 173
973 177
973 212
973 247
973 275
973 287
973 307
973 431
973 475
973 481
973 541
973 585
973 587
973 608
973 642
973 644
973 670
973 717
973 770
973 781
973 792
973 835
973 843
973 939
112 494
112 571
494 259
494 567
494 715
571 515
571 762
571 784
571 866
571 921
114 316
114 459
316 727
316 765
459 202
459 242
459 678
459 692
115 808
808 183
808 204
808 292
808 294
808 359
808 364
808 474
808 506
808 566
808 683
808 764
808 824
305 684
118 413
118 615
118 749
413 127
413 456
413 489
413 615
413 749
615 184
615 409
615 440
615 444
615 749
749 127
749 148
749 199
749 249
749 409
749 444
749 503
749 528
749 605
749 685
119 475
475 485
475 835
475 939
120 483
483 158
483 222
483 336
573 501
573 690
573 849
715 141
715 207
715 360
715 469
715 474
715 567
715 780
122 457
122 794
122 858
122 889
457 198
457 304
457 858
457 889
794 166
794 353
794 366
794 515
794 516
794 536
794 568
794 622
794 710
794 784
794 793
794 855
794 866
794 921
858 236
858 304
858 328
858 350
858 384
858 396
858 422
858 488
858 509
858 545
858 699
858 746
858 889
889 182
889 200
889 350
889 384
889 396
889 422
889 436
889 472
889 488
889 509
889 545
889 600
889 699
889 746
123 204
123 364
123 506
123 764
204 289
204 824
364 183
364 759
506 474
506 508
506 510
506 759
506 824
764 215
764 292
764 294
764 359
764 392
764 474
764 508
764 683
764 759
764 824
559 194
559 219
559 325
559 499
126 835
126 939
835 247
835 275
835 486
835 575
835 608
835 616
835 644
835 670
835 717
835 770
939 177
939 210
939 275
939 337
939 481
939 486
939 575
939 585
939 587
939 608
939 642
939 644
939 688
939 710
939 717
939 770
939 781
939 792
939 843
127 503
503 408
503 444
503 605
503 760
128 881
881 325
881 355
881 357
881 547
881 557
881 722
881 739
881 740
881 771
881 818
881 822
881 828
129 464
129 674
129 816
464 160
464 268
464 479
464 658
464 816
674 176
674 681
674 726
674 850
674 910
816 167
816 268
816 322
816 399
816 429
816 580
816 648
816 661
816 703
816 757
816 840
130 815
130 850
815 201
815 251
815 380
815 381
815 495
815 530
815 730
815 768
815 788
815 790
815 874
815 878
850 187
850 298
850 538
850 601
850 604
850 645
850 659
850 681
850 700
850 780
850 823
850 910
546 551
546 636
133 762
133 793
762 278
762 516
762 561
762 649
762 710
762 784
762 819
762 855
762 866
762 885
762 921
793 166
793 353
793 463
793 515
793 710
793 784
793 800
793 819
793 855
793 866
793 921
134 480
134 526
480 577
480 760
480 840
526 596
526 795
135 848
848 238
848 252
848 345
848 367
848 462
848 588
848 619
848 633
848 684
848 777
137 315
137 737
315 514
737 410
737 471
737 514
737 569
737 570
138 336
139 164
139 274
139 666
164 432
164 565
274 188
666 288
666 369
666 389
666 432
666 565
140 227
141 259
259 567
259 822
142 910
910 162
910 165
910 223
910 298
910 331
910 367
910 445
910 538
910 569
910 659
910 667
910 700
910 726
910 748
910 780
910 823
143 610
143 611
610 273
610 591
610 849
611 297
611 603
611 638
611 849
144 217
144 676
217 416
217 799
676 386
676 575
676 602
676 722
145 369
145 662
369 389
369 432
369 565
662 261
662 309
662 562
662 577
662 760
146 617
146 768
617 471
617 569
617 570
617 757
768 154
768 317
768 381
768 495
768 530
768 730
768 788
768 790
768 874
768 878
148 396
148 440
148 489
148 605
396 699
440 184
440 249
440 444
440 605
489 184
489 249
489 605
489 622
605 159
605 199
605 444
149 248
149 327
327 250
150 242
150 269
150 765
242 765
269 202
269 504
269 678
269 727
765 213
765 258
765 451
765 678
765 752
765 796
230 206
230 276
230 281
439 500
152 328
152 720
328 600
720 191
720 406
720 416
720 567
720 602
720 696
720 722
153 575
153 781
153 792
575 375
575 748
575 770
781 337
781 375
781 485
781 486
781 587
781 642
781 670
781 717
781 770
781 792
781 819
781 843
792 287
792 608
792 670
792 717
792 843
792 878
154 788
788 262
788 381
788 441
788 495
788 708
788 730
788 790
788 874
788 878
155 630
630 415
630 599
630 672
630 775
156 633
156 777
633 588
633 684
633 777
777 481
777 554
777 619
777 684
157 696
157 773
696 602
696 722
773 543
773 582
773 751
773 799
159 853
853 197
853 285
853 342
853 368
853 370
853 408
853 458
853 561
853 577
853 609
853 624
853 716
160 296
160 399
160 757
296 420
296 648
296 840
399 167
399 840
757 261
757 322
757 420
757 593
757 648
757 703
757 840
162 541
541 232
541 587
541 642
541 843
652 524
652 665
652 739
652 818
652 830
432 565
166 866
866 255
866 278
866 366
866 516
866 531
866 536
866 568
866 710
866 784
866 800
866 819
866 855
866 921
167 341
167 593
167 658
341 322
341 429
341 840
593 392
593 479
593 488
593 703
593 840
658 261
658 377
658 420
658 703
658 840
382 603
382 849
849 501
849 591
849 603
849 608
849 638
849 690
169 692
169 727
169 796
692 291
692 344
692 520
692 598
692 752
692 796
727 284
727 397
727 434
727 542
727 598
727 796
727 824
796 202
796 504
796 598
796 678
796 752
170 591
170 690
170 748
690 239
690 603
690 638
748 246
748 604
748 659
748 667
748 780
748 823
171 510
510 311
510 348
510 637
510 639
510 708
172 592
592 195
592 209
592 398
592 497
592 760
173 258
258 397
258 598
174 518
174 554
518 684
175 742
742 751
742 761
742 799
742 885
176 547
547 700
547 740
547 818
177 190
177 337
337 486
179 401
179 598
401 771
598 192
598 394
598 678
180 184
180 271
180 683
180 759
180 824
184 409
271 759
271 824
683 183
683 294
683 317
683 359
683 474
683 479
683 508
683 824
759 292
759 359
759 474
759 508
759 824
824 215
824 292
824 294
824 359
824 474
824 508
824 566
824 840
182 342
182 488
488 699
488 746
183 566
566 343
566 508
566 638
409 249
409 444
752 192
752 284
752 423
752 434
752 451
752 504
752 670
188 403
188 446
403 263
446 484
191 263
191 602
602 205
193 307
193 527
193 823
307 644
307 670
527 453
527 470
527 574
823 223
823 659
823 667
823 700
823 921
194 325
194 499
325 499
499 222
499 570
195 638
638 415
638 603
800 244
800 358
800 395
800 516
800 540
800 568
800 649
800 784
800 819
800 855
800 921
855 237
855 244
855 278
855 302
855 366
855 463
855 568
855 649
855 819
855 921
921 237
921 255
921 302
921 358
921 366
921 463
921 515
921 516
921 536
921 649
921 710
921 784
921 819
198 594
594 522
594 822
594 828
201 874
874 229
874 251
874 288
874 299
874 317
874 380
874 402
874 441
874 495
874 530
874 588
874 730
874 761
874 790
874 878
202 451
203 445
203 681
203 716
681 226
681 538
681 645
681 659
681 700
716 370
716 393
716 408
716 529
716 624
208 253
208 343
208 551
253 684
343 283
551 216
551 371
551 636
209 601
601 347
601 354
601 398
601 497
210 608
210 843
608 670
608 843
843 247
843 350
843 375
843 485
843 585
843 642
843 644
843 670
843 717
843 878
211 730
730 262
730 331
730 380
730 441
730 790
730 878
212 375
375 431
375 670
214 799
799 275
799 616
799 751
799 761
799 885
215 332
332 537
416 357
223 246
246 780
273 567
226 492
492 302
492 659
228 363
228 426
363 266
426 520
229 878
878 251
878 262
878 288
878 317
878 321
878 380
878 381
878 402
878 441
878 495
878 530
878 790
276 281
231 572
231 784
231 795
572 309
572 577
572 645
784 515
784 516
784 536
784 710
784 819
795 290
795 309
795 577
795 639
234 540
234 635
234 688
540 688
635 257
635 454
635 606
688 454
688 460
688 606
235 609
235 828
609 361
609 529
828 262
828 355
828 622
828 771
828 818
828 822
828 830
237 649
649 255
649 353
649 463
649 536
244 710
710 358
710 819
245 344
245 708
344 708
708 412
708 442
708 449
708 450
708 562
708 639
780 604
780 645
780 661
780 667
780 700
247 770
247 775
770 275
770 277
770 414
770 431
770 486
775 279
775 290
775 599
775 672
775 745
249 726
726 298
726 538
726 604
726 667
726 700
250 406
251 790
790 288
790 299
790 381
790 495
790 530
684 391
255 819
819 302
819 358
819 366
819 516
257 279
257 460
460 454
460 606
460 661
397 394
397 520
822 266
822 395
822 557
822 561
822 665
822 740
822 771
822 830
746 350
746 384
746 436
746 472
746 509
746 600
746 699
372 453
372 574
423 270
423 470
423 574
574 393
574 437
574 470
267 531
268 479
479 648
479 703
504 434
504 542
678 394
678 520
283 636
636 330
284 562
562 449
562 450
562 637
286 885
885 333
885 469
885 616
885 626
885 647
885 682
885 751
885 761
287 644
644 431
644 585
291 436
436 472
436 509
294 474
420 648
420 740
420 840
648 580
648 703
648 840
840 392
840 580
840 703
297 447
297 501
447 745
501 603
298 667
667 661
304 456
304 699
456 545
456 699
699 509
699 600
371 330
670 431
670 585
670 717
311 442
442 449
442 637
514 391
514 410
514 471
514 569
659 661
659 700
410 471
410 569
410 703
569 471
322 580
580 703
642 585
642 717
600 472
537 361
537 458
333 739
739 622
739 740
739 771
739 818
739 830
335 722
722 385
722 414
722 525
486 587
429 392
429 398
429 703
348 542
542 449
542 450
542 639
349 471
359 685
685 528
685 612
361 740
740 377
740 557
740 818
661 645
368 536
389 682
373 771
373 830
771 751
771 818
771 830
830 377
830 395
830 522
830 665
830 818
431 745
378 761
761 682
761 751
381 437
603 415
682 626
393 561
561 624
394 543
543 530
400 522
400 665
522 818
665 622
412 450
450 639
419 672
422 545
545 472
637 639
585 587
427 612
612 745
745 579
745 599
484 524
606 700
462 619
577 760
481 717
717 587
717 647
645 604
582 616
