0 253
0 509
0 658
0 850
0 861
0 893
0 911
253 220
253 535
253 734
253 796
253 807
253 893
253 931
509 181
509 213
509 382
509 441
509 725
509 827
509 838
509 906
509 917
509 947
509 967
658 54
658 113
658 411
658 535
658 547
658 672
658 723
658 758
658 848
658 861
658 902
658 907
658 966
658 985
658 988
850 91
850 124
850 385
850 391
850 468
850 470
850 493
850 516
850 536
850 561
850 563
850 706
850 761
850 763
850 787
850 812
850 830
850 854
850 861
850 885
850 911
850 916
850 937
850 956
850 987
861 15
861 26
861 28
861 42
861 113
861 121
861 434
861 472
861 523
861 591
861 715
861 723
861 754
861 789
861 800
861 815
861 848
861 892
861 893
861 895
861 970
861 989
861 992
861 994
893 15
893 28
893 113
893 118
893 121
893 219
893 220
893 329
893 359
893 384
893 452
893 472
893 523
893 535
893 578
893 591
893 639
893 692
893 783
893 800
893 848
893 876
893 878
893 892
893 908
893 962
893 986
911 10
911 37
911 88
911 184
911 210
911 366
911 402
911 459
911 510
911 516
911 560
911 563
911 629
911 657
911 689
911 761
911 790
911 804
911 811
911 816
911 842
911 847
911 852
911 854
911 882
911 886
911 900
911 915
911 922
911 981
911 988
1 210
1 271
1 730
1 806
1 925
1 952
1 963
210 7
210 341
210 568
210 595
210 721
210 915
271 239
271 578
271 611
271 724
271 815
271 928
271 986
730 13
730 136
730 220
730 301
730 487
730 588
730 718
730 719
730 785
730 843
730 846
730 859
730 943
730 960
730 989
730 990
730 996
730 999
806 23
806 182
806 233
806 396
806 497
806 579
806 740
806 771
806 795
806 814
806 833
806 842
806 858
806 880
806 890
806 914
806 918
806 925
806 935
806 952
806 963
806 996
925 111
925 287
925 384
925 443
925 497
925 525
925 553
925 562
925 574
925 605
925 619
925 628
925 666
925 688
925 703
925 705
925 740
925 742
925 771
925 780
925 792
925 795
925 814
925 828
925 833
925 840
925 842
925 858
925 880
925 928
925 936
925 944
925 952
925 963
952 167
952 169
952 181
952 204
952 218
952 258
952 277
952 323
952 382
952 384
952 396
952 398
952 455
952 497
952 562
952 605
952 614
952 621
952 632
952 633
952 666
952 674
952 740
952 748
952 755
952 771
952 795
952 814
952 833
952 840
952 842
952 880
952 916
952 963
952 969
952 973
952 976
963 33
963 43
963 111
963 118
963 204
963 287
963 323
963 384
963 398
963 497
963 533
963 562
963 596
963 605
963 666
963 678
963 695
963 711
963 719
963 740
963 747
963 771
963 776
963 791
963 794
963 795
963 802
963 814
963 833
963 840
963 842
963 855
963 874
963 880
963 938
963 946
963 955
963 974
963 995
2 283
2 292
2 385
2 563
2 566
2 657
2 770
283 343
283 464
283 801
283 863
283 891
283 928
283 987
283 998
292 124
292 142
292 325
292 337
292 385
292 520
292 811
292 988
385 223
385 486
385 560
385 602
385 822
385 992
385 994
563 201
563 591
563 697
563 741
563 793
563 825
563 828
563 848
563 901
563 987
566 65
566 80
566 101
566 457
566 533
566 538
566 846
566 864
566 882
566 906
566 933
566 989
657 268
657 312
657 408
657 435
657 470
657 614
657 697
657 746
657 752
657 761
657 870
657 920
657 938
657 981
770 129
770 447
770 455
770 472
770 502
770 505
770 594
770 665
770 783
770 834
770 835
770 843
770 862
770 898
770 904
770 939
770 954
770 959
770 975
770 982
3 162
3 420
3 920
3 923
3 958
3 960
3 966
162 560
162 779
162 816
162 923
162 974
162 981
420 39
420 278
420 337
420 464
420 769
420 799
420 889
420 951
420 961
920 26
920 50
920 80
920 176
920 200
920 246
920 344
920 349
920 357
920 383
920 436
920 453
920 478
920 496
920 556
920 581
920 589
920 660
920 694
920 714
920 746
920 758
920 764
920 768
920 822
920 824
920 845
920 910
920 914
920 926
920 959
920 974
920 994
923 55
923 168
923 177
923 197
923 240
923 241
923 274
923 324
923 565
923 622
923 653
923 672
923 674
923 733
923 735
923 743
923 747
923 757
923 780
923 818
923 862
923 873
923 881
923 936
923 940
923 958
923 962
923 966
923 969
923 974
923 975
923 977
923 983
958 138
958 156
958 168
958 173
958 177
958 178
958 245
958 270
958 281
958 311
958 312
958 319
958 324
958 545
958 586
958 650
958 653
958 672
958 681
958 690
958 764
958 780
958 814
958 818
958 834
958 862
958 873
958 876
958 881
958 899
958 914
958 916
958 929
958 966
958 969
958 976
958 978
958 980
958 991
960 11
960 27
960 74
960 108
960 224
960 238
960 248
960 280
960 348
960 359
960 371
960 388
960 391
960 421
960 438
960 442
960 477
960 489
960 523
960 542
960 577
960 593
960 606
960 608
960 626
960 660
960 663
960 705
960 719
960 740
960 745
960 778
960 809
960 810
960 855
960 896
960 922
960 928
960 946
960 994
966 22
966 24
966 25
966 77
966 99
966 138
966 170
966 173
966 183
966 197
966 245
966 301
966 312
966 331
966 427
966 500
966 504
966 573
966 649
966 661
966 672
966 674
966 681
966 689
966 753
966 780
966 797
966 818
966 856
966 862
966 873
966 882
966 885
966 896
966 942
966 965
966 969
966 983
966 991
4 225
4 560
4 662
4 693
4 743
4 846
4 944
225 39
225 335
225 554
225 769
225 866
225 959
225 994
560 91
560 215
560 386
560 682
560 763
560 886
560 899
560 930
560 961
662 38
662 76
662 234
662 291
662 302
662 417
662 463
662 529
662 635
662 702
662 716
662 749
662 827
662 933
662 977
693 71
693 122
693 278
693 486
693 487
693 526
693 581
693 702
693 735
693 788
693 805
693 827
693 864
693 875
693 902
693 916
743 105
743 205
743 207
743 209
743 252
743 294
743 439
743 716
743 749
743 805
743 821
743 852
743 878
743 884
743 889
743 957
743 988
846 175
846 176
846 183
846 301
846 559
846 608
846 641
846 694
846 697
846 698
846 741
846 769
846 776
846 781
846 805
846 809
846 936
846 940
846 943
846 972
846 975
846 976
846 999
944 64
944 127
944 135
944 155
944 163
944 174
944 212
944 240
944 263
944 333
944 456
944 474
944 519
944 537
944 544
944 612
944 655
944 686
944 687
944 727
944 748
944 752
944 754
944 776
944 793
944 798
944 802
944 818
944 819
944 875
944 897
944 928
944 956
944 991
944 997
944 998
5 285
5 387
5 465
5 564
5 650
5 660
5 803
285 401
285 739
285 841
285 864
285 873
285 935
285 953
285 967
387 161
387 409
387 429
387 542
387 703
387 803
387 836
387 883
387 935
465 276
465 588
465 595
465 600
465 786
465 802
465 803
465 955
465 986
465 996
564 96
564 226
564 377
564 550
564 595
564 600
564 655
564 677
564 679
564 775
564 803
564 836
650 152
650 175
650 354
650 458
650 466
650 613
650 644
650 727
650 734
650 760
650 797
650 919
650 928
650 982
660 24
660 179
660 306
660 461
660 577
660 705
660 719
660 800
660 810
660 922
660 946
660 954
660 996
803 95
803 117
803 211
803 237
803 284
803 340
803 506
803 516
803 588
803 595
803 600
803 627
803 631
803 800
803 836
803 895
803 951
803 979
803 999
6 97
6 334
6 797
6 867
6 889
6 980
6 991
97 93
97 499
97 653
97 759
97 847
97 955
334 403
334 511
334 525
334 867
334 902
334 918
334 926
334 977
797 157
797 323
797 431
797 580
797 611
797 616
797 635
797 668
797 678
797 691
797 718
797 734
797 744
797 765
797 860
797 867
797 897
797 906
797 919
867 13
867 26
867 80
867 103
867 133
867 238
867 279
867 467
867 468
867 499
867 567
867 668
867 718
867 734
867 826
867 860
867 865
867 882
867 886
867 919
867 948
867 955
867 959
867 977
867 991
889 84
889 143
889 187
889 227
889 239
889 272
889 302
889 310
889 317
889 460
889 464
889 467
889 500
889 532
889 583
889 615
889 631
889 673
889 716
889 735
889 744
889 749
889 769
889 864
889 879
889 980
889 993
980 83
980 96
980 131
980 184
980 230
980 330
980 339
980 364
980 381
980 415
980 453
980 471
980 480
980 488
980 512
980 540
980 611
980 617
980 633
980 634
980 649
980 731
980 738
980 826
980 829
980 834
980 842
980 856
980 882
980 883
980 884
980 896
980 899
980 902
980 903
980 919
980 943
980 957
980 968
980 970
980 972
980 985
980 986
991 40
991 80
991 115
991 133
991 175
991 194
991 279
991 300
991 327
991 354
991 367
991 404
991 466
991 496
991 499
991 529
991 554
991 555
991 567
991 573
991 611
991 613
991 643
991 644
991 656
991 672
991 734
991 744
991 748
991 763
991 792
991 844
991 853
991 855
991 856
991 860
991 919
991 940
991 955
991 968
991 973
991 977
991 984
7 709
7 791
7 849
7 903
7 915
7 981
709 202
709 394
709 395
709 424
709 522
709 614
709 616
709 682
709 698
709 705
709 710
709 720
709 756
709 871
709 956
709 970
709 979
791 90
791 201
791 298
791 327
791 402
791 516
791 663
791 706
791 713
791 721
791 763
791 811
791 816
791 817
791 863
791 900
791 954
791 962
791 981
791 999
849 51
849 103
849 134
849 178
849 295
849 463
849 569
849 579
849 659
849 727
849 755
849 780
849 789
849 841
849 877
849 886
849 906
849 912
849 927
849 948
849 953
849 971
849 974
849 979
849 993
903 63
903 94
903 230
903 308
903 351
903 376
903 493
903 514
903 521
903 531
903 562
903 571
903 590
903 602
903 643
903 669
903 728
903 746
903 748
903 779
903 835
903 851
903 888
903 907
903 912
903 916
903 924
903 956
903 959
903 971
915 37
915 88
915 90
915 187
915 303
915 320
915 380
915 516
915 539
915 636
915 676
915 697
915 703
915 706
915 721
915 735
915 741
915 747
915 761
915 811
915 816
915 848
915 854
915 858
915 894
915 901
915 904
915 909
915 955
915 981
915 982
981 28
981 85
981 89
981 90
981 112
981 193
981 203
981 223
981 228
981 249
981 262
981 268
981 311
981 348
981 376
981 386
981 402
981 408
981 415
981 468
981 470
981 483
981 536
981 539
981 582
981 626
981 697
981 721
981 741
981 750
981 761
981 763
981 793
981 811
981 823
981 829
981 839
981 874
981 906
981 932
981 969
8 659
8 769
8 804
8 949
8 951
8 965
8 985
659 307
659 331
659 530
659 593
659 664
659 727
659 782
659 787
659 811
659 917
659 932
659 953
659 979
659 992
769 82
769 123
769 215
769 302
769 529
769 642
769 688
769 691
769 697
769 702
769 727
769 827
769 871
769 934
769 973
769 998
804 189
804 251
804 341
804 353
804 451
804 482
804 519
804 568
804 586
804 614
804 646
804 696
804 808
804 837
804 881
804 891
804 942
804 943
804 949
804 965
804 989
949 9
949 23
949 32
949 92
949 131
949 189
949 190
949 257
949 263
949 322
949 330
949 353
949 373
949 416
949 451
949 455
949 482
949 519
949 543
949 568
949 586
949 680
949 696
949 718
949 728
949 751
949 795
949 837
949 839
949 918
949 922
949 927
949 942
949 965
949 985
949 989
949 993
951 25
951 125
951 166
951 214
951 261
951 328
951 433
951 477
951 508
951 515
951 544
951 597
951 603
951 622
951 674
951 686
951 694
951 701
951 756
951 757
951 773
951 787
951 788
951 839
951 840
951 863
951 871
951 883
951 908
951 913
951 947
951 961
951 967
951 970
951 976
951 987
965 9
965 27
965 62
965 92
965 189
965 190
965 238
965 257
965 259
965 322
965 338
965 353
965 373
965 450
965 451
965 472
965 482
965 519
965 530
965 546
965 586
965 602
965 672
965 680
965 696
965 720
965 721
965 741
965 773
965 823
965 837
965 876
965 896
965 918
965 942
965 967
965 977
965 983
965 995
985 38
985 69
985 78
985 92
985 141
985 195
985 226
985 258
985 316
985 390
985 394
985 441
985 445
985 463
985 519
985 549
985 561
985 625
985 626
985 629
985 635
985 638
985 646
985 652
985 669
985 675
985 680
985 684
985 687
985 729
985 731
985 771
985 825
985 829
985 866
985 872
985 884
985 942
985 978
985 984
985 993
985 995
985 996
9 11
9 744
9 764
9 935
9 942
11 118
11 705
11 736
11 772
11 946
744 73
744 137
744 230
744 499
744 514
744 573
744 611
744 617
744 644
744 656
744 708
744 858
744 897
744 927
744 955
764 26
764 235
764 251
764 446
764 478
764 590
764 605
764 667
764 721
764 739
764 869
764 897
764 910
764 937
764 967
764 973
764 990
935 68
935 85
935 134
935 211
935 259
935 273
935 279
935 357
935 397
935 479
935 484
935 485
935 508
935 618
935 678
935 679
935 716
935 772
935 781
935 786
935 795
935 799
935 813
935 848
935 875
935 900
935 913
935 929
935 933
935 946
935 955
935 957
935 973
942 62
942 92
942 99
942 189
942 190
942 247
942 257
942 259
942 322
942 353
942 399
942 430
942 451
942 482
942 519
942 586
942 607
942 623
942 638
942 680
942 696
942 788
942 818
942 837
942 851
942 859
942 862
942 866
942 910
942 921
942 945
942 962
10 447
10 652
10 879
10 971
10 972
10 982
447 52
447 57
447 665
447 879
447 882
447 939
447 943
447 956
447 982
652 96
652 101
652 154
652 290
652 305
652 710
652 715
652 716
652 778
652 843
652 901
652 932
652 939
652 982
879 19
879 183
879 290
879 335
879 355
879 455
879 538
879 585
879 591
879 618
879 623
879 664
879 714
879 778
879 783
879 787
879 834
879 843
879 901
879 924
879 954
879 956
879 968
879 979
879 982
879 988
971 38
971 64
971 128
971 145
971 163
971 198
971 246
971 347
971 362
971 364
971 384
971 401
971 481
971 572
971 582
971 587
971 604
971 607
971 670
971 692
971 729
971 750
971 761
971 762
971 773
971 783
971 817
971 834
971 858
971 864
971 865
971 895
971 918
971 929
971 930
971 933
971 973
971 983
971 988
971 989
972 33
972 176
972 207
972 211
972 236
972 313
972 325
972 362
972 363
972 400
972 448
972 487
972 510
972 540
972 585
972 592
972 624
972 638
972 642
972 711
972 713
972 717
972 719
972 776
972 782
972 807
972 815
972 823
972 828
972 833
972 838
972 876
972 894
972 912
972 936
972 943
972 962
972 976
972 979
972 990
972 999
982 120
982 143
982 203
982 284
982 290
982 327
982 370
982 386
982 428
982 461
982 487
982 505
982 521
982 526
982 571
982 574
982 620
982 665
982 667
982 672
982 686
982 722
982 749
982 778
982 786
982 787
982 793
982 834
982 843
982 887
982 894
982 899
982 901
982 905
982 914
982 939
982 954
982 969
982 975
982 989
118 599
118 898
118 975
118 988
705 333
705 391
705 421
705 548
705 577
705 719
705 801
705 819
705 883
705 902
705 922
705 946
705 950
736 176
736 380
736 602
736 688
736 707
736 728
736 737
736 798
736 853
736 872
736 883
736 907
736 912
736 916
736 932
736 964
736 967
736 993
772 85
772 338
772 360
772 490
772 618
772 699
772 723
772 726
772 786
772 799
772 813
772 826
772 875
772 881
772 900
772 929
772 957
772 974
772 990
946 27
946 91
946 108
946 112
946 238
946 280
946 348
946 371
946 388
946 438
946 442
946 540
946 577
946 583
946 596
946 603
946 664
946 678
946 688
946 712
946 713
946 719
946 742
946 745
946 810
946 832
946 862
946 871
946 905
946 908
946 922
946 936
12 372
12 714
12 765
12 800
12 859
12 936
12 999
372 353
372 578
372 651
372 685
372 689
372 807
372 813
372 876
714 78
714 478
714 491
714 556
714 597
714 617
714 645
714 701
714 716
714 732
714 739
714 818
714 926
714 939
714 973
765 18
765 75
765 89
765 110
765 477
765 495
765 596
765 631
765 689
765 725
765 755
765 796
765 839
765 874
765 884
765 897
765 945
765 947
765 996
800 29
800 37
800 220
800 339
800 411
800 422
800 452
800 472
800 515
800 523
800 591
800 606
800 609
800 723
800 848
800 888
800 931
800 969
859 107
859 186
859 317
859 325
859 369
859 520
859 669
859 679
859 690
859 698
859 717
859 735
859 784
859 808
859 828
859 876
859 892
859 932
859 943
859 970
859 976
859 979
859 990
859 999
936 130
936 167
936 176
936 252
936 260
936 269
936 325
936 483
936 487
936 528
936 536
936 634
936 691
936 717
936 722
936 753
936 757
936 760
936 761
936 776
936 808
936 809
936 828
936 837
936 845
936 876
936 902
936 917
936 943
936 990
936 993
999 62
999 83
999 99
999 145
999 151
999 243
999 255
999 281
999 297
999 313
999 373
999 400
999 433
999 442
999 448
999 520
999 608
999 685
999 689
999 698
999 699
999 718
999 722
999 753
999 773
999 781
999 807
999 808
999 809
999 810
999 823
999 828
999 851
999 870
999 900
999 904
999 912
999 921
999 926
999 929
999 943
999 976
999 990
13 345
13 595
13 702
13 776
13 990
345 65
345 355
345 656
345 664
345 700
345 913
345 931
345 962
595 156
595 161
595 427
595 470
595 537
595 557
595 600
595 608
595 922
702 61
702 123
702 132
702 242
702 425
702 464
702 554
702 680
702 683
702 716
702 827
702 954
702 964
776 33
776 362
776 612
776 623
776 694
776 753
776 807
776 814
776 909
776 943
776 948
776 957
776 976
776 990
776 993
990 66
990 140
990 149
990 213
990 216
990 268
990 269
990 275
990 342
990 363
990 518
990 527
990 532
990 592
990 608
990 685
990 691
990 699
990 713
990 753
990 767
990 781
990 785
990 801
990 807
990 809
990 823
990 828
990 857
990 858
990 860
990 876
990 900
990 902
990 904
990 918
990 943
990 970
990 997
14 463
14 691
14 841
14 851
14 927
14 967
14 988
463 68
463 125
463 593
463 684
463 912
463 974
463 992
691 120
691 136
691 243
691 633
691 667
691 722
691 781
691 808
691 824
691 934
691 976
691 993
841 110
841 111
841 231
841 244
841 291
841 336
841 354
841 425
841 483
841 496
841 530
841 598
841 680
841 708
841 721
841 789
841 795
841 821
841 885
841 940
841 967
841 974
841 992
851 47
851 86
851 146
851 351
851 357
851 448
851 473
851 533
851 571
851 590
851 643
851 779
851 835
851 868
851 876
851 917
851 924
851 948
851 950
851 954
851 956
851 959
927 57
927 74
927 81
927 346
927 425
927 468
927 530
927 579
927 598
927 661
927 665
927 667
927 697
927 727
927 755
927 856
927 870
927 884
927 894
927 899
927 912
927 921
927 922
927 926
927 933
927 953
927 964
927 967
927 974
927 979
927 992
927 998
967 57
967 74
967 142
967 217
967 243
967 244
967 309
967 336
967 357
967 407
967 410
967 424
967 434
967 511
967 593
967 606
967 634
967 644
967 697
967 706
967 708
967 722
967 782
967 836
967 847
967 857
967 886
967 899
967 907
967 912
967 947
967 974
967 979
967 992
988 42
988 105
988 132
988 151
988 198
988 227
988 256
988 306
988 316
988 368
988 383
988 423
988 429
988 437
988 504
988 516
988 524
988 533
988 534
988 546
988 632
988 642
988 671
988 722
988 732
988 752
988 785
988 808
988 820
988 832
988 843
988 898
988 904
988 907
988 943
988 964
988 970
988 975
988 989
988 996
15 203
15 513
15 543
15 591
15 710
203 374
203 787
203 901
203 933
203 939
513 43
513 352
513 573
513 811
513 820
513 868
513 870
513 891
513 895
513 962
513 994
543 281
543 485
543 711
543 729
543 739
543 902
543 906
543 907
543 908
543 977
591 29
591 535
591 742
591 749
591 779
591 792
591 848
591 910
710 254
710 395
710 569
710 666
710 671
710 790
710 793
710 830
710 872
710 908
710 970
710 976
710 979
710 987
710 998
16 21
16 159
16 261
16 323
16 559
16 590
16 955
21 62
21 768
21 788
21 853
21 899
21 987
159 309
159 909
159 931
159 962
159 974
159 994
261 438
261 610
261 830
261 832
261 862
261 987
323 287
323 371
323 525
323 738
323 814
559 214
559 474
559 517
559 577
559 616
559 623
559 696
559 871
559 872
559 902
559 970
590 89
590 289
590 721
590 816
590 835
590 845
590 888
590 924
590 930
590 959
955 55
955 80
955 137
955 157
955 175
955 229
955 262
955 347
955 402
955 404
955 413
955 426
955 469
955 550
955 562
955 567
955 573
955 611
955 613
955 644
955 656
955 676
955 685
955 718
955 739
955 747
955 810
955 863
955 871
955 919
955 941
955 978
17 617
17 619
17 623
17 731
17 823
17 997
17 998
617 106
617 183
617 220
617 240
617 506
617 655
617 793
617 928
617 997
617 998
619 254
619 507
619 548
619 648
619 666
619 868
619 891
619 914
619 934
619 938
619 950
619 962
623 303
623 537
623 624
623 812
623 819
623 854
623 868
623 994
623 997
623 998
731 296
731 594
731 601
731 675
731 712
731 760
731 782
731 794
731 826
731 847
731 872
731 890
731 896
731 899
731 968
731 969
823 269
823 364
823 429
823 528
823 592
823 654
823 685
823 698
823 700
823 713
823 781
823 810
823 848
823 876
823 888
823 922
823 943
823 969
997 72
997 155
997 168
997 174
997 267
997 303
997 376
997 380
997 393
997 414
997 417
997 421
997 437
997 455
997 456
997 460
997 474
997 503
997 517
997 526
997 540
997 548
997 573
997 599
997 665
997 666
997 677
997 703
997 748
997 750
997 754
997 757
997 793
997 802
997 819
997 829
997 834
997 843
997 863
997 881
997 897
997 926
997 928
997 977
997 984
998 32
998 55
998 66
998 100
998 139
998 267
998 282
998 303
998 311
998 349
998 356
998 362
998 376
998 390
998 413
998 414
998 456
998 517
998 565
998 585
998 599
998 615
998 616
998 649
998 655
998 670
998 692
998 696
998 703
998 748
998 754
998 762
998 802
998 834
998 839
998 880
998 897
998 908
998 910
998 928
998 943
998 961
18 163
18 462
18 573
18 835
18 874
18 884
163 436
163 476
163 572
163 865
462 53
462 185
462 329
462 391
462 416
462 495
462 552
462 621
462 793
462 945
573 301
573 718
573 737
573 792
573 860
573 978
835 89
835 93
835 126
835 300
835 361
835 375
835 483
835 514
835 530
835 531
835 571
835 628
835 766
835 802
835 884
835 888
835 908
835 924
835 956
835 959
874 20
874 49
874 140
874 208
874 228
874 232
874 356
874 367
874 379
874 392
874 481
874 495
874 552
874 625
874 637
874 639
874 701
874 725
874 778
874 796
874 844
874 866
874 947
874 957
884 82
884 149
884 169
884 246
884 248
884 251
884 367
884 375
884 379
884 392
884 407
884 612
884 631
884 640
884 692
884 796
884 875
884 892
884 945
884 989
884 992
884 993
19 450
19 670
19 778
19 843
19 929
19 954
450 187
450 484
450 499
450 653
450 734
450 752
450 782
450 792
450 919
670 30
670 106
670 107
670 139
670 208
670 399
670 418
670 615
670 773
670 918
670 930
670 954
670 989
778 275
778 284
778 295
778 327
778 418
778 436
778 500
778 630
778 665
778 834
778 844
778 901
778 906
778 907
778 939
843 119
843 140
843 239
843 336
843 370
843 455
843 477
843 515
843 597
843 665
843 699
843 783
843 787
843 855
843 901
843 910
843 939
843 954
929 32
929 68
929 153
929 166
929 357
929 360
929 397
929 479
929 484
929 508
929 582
929 618
929 668
929 678
929 698
929 737
929 768
929 781
929 786
929 798
929 799
929 805
929 813
929 854
929 875
929 900
929 933
929 948
929 954
929 957
954 33
954 68
954 120
954 129
954 143
954 154
954 237
954 279
954 295
954 297
954 306
954 327
954 390
954 455
954 505
954 526
954 547
954 577
954 588
954 620
954 665
954 783
954 787
954 834
954 901
954 937
954 939
954 962
954 993
954 994
20 126
20 186
20 558
20 666
20 711
20 945
126 381
126 439
126 542
126 877
126 909
186 720
186 725
186 745
186 796
186 891
186 892
558 119
558 130
558 295
558 299
558 392
558 541
558 580
558 607
558 689
558 945
558 947
558 974
666 398
666 671
666 675
666 678
666 784
666 795
666 840
666 842
666 880
711 199
711 341
711 405
711 497
711 511
711 572
711 621
711 661
711 683
711 706
711 742
711 882
711 907
711 977
945 119
945 130
945 134
945 141
945 149
945 157
945 190
945 196
945 208
945 248
945 299
945 321
945 367
945 457
945 492
945 495
945 541
945 626
945 631
945 689
945 692
945 796
945 815
945 865
945 877
945 880
945 892
945 934
945 977
945 978
945 983
945 994
62 538
62 644
62 837
768 193
768 332
768 369
768 435
768 439
768 501
768 532
768 585
768 610
768 663
768 694
768 725
768 747
768 829
768 863
768 877
768 887
768 905
788 60
788 141
788 152
788 355
788 477
788 479
788 604
788 671
788 813
788 830
788 837
788 842
788 869
788 872
788 908
788 961
788 968
788 987
853 47
853 172
853 206
853 291
853 453
853 497
853 503
853 521
853 583
853 629
853 688
853 700
853 847
853 852
853 890
853 916
853 921
853 932
853 938
853 940
853 964
853 968
853 993
899 134
899 147
899 155
899 160
899 339
899 453
899 488
899 504
899 540
899 594
899 618
899 633
899 651
899 654
899 836
899 852
899 856
899 864
899 868
899 883
899 896
899 964
899 968
987 22
987 35
987 66
987 165
987 218
987 235
987 263
987 328
987 392
987 403
987 404
987 432
987 440
987 442
987 460
987 515
987 551
987 616
987 622
987 640
987 720
987 749
987 785
987 790
987 807
987 808
987 821
987 845
987 871
987 872
987 895
987 900
987 902
987 910
987 933
987 961
987 970
987 973
987 976
987 995
22 371
22 446
22 554
22 673
22 739
371 75
371 596
371 618
371 719
371 922
446 61
446 227
446 290
446 391
446 547
446 707
446 869
446 926
446 973
554 82
554 181
554 475
554 546
554 601
554 740
554 749
554 864
554 969
673 196
673 273
673 478
673 575
673 767
673 777
673 822
673 875
673 880
673 885
673 937
673 964
673 973
673 986
739 53
739 351
739 355
739 478
739 718
739 758
739 869
739 885
739 914
739 918
739 926
739 979
739 983
23 378
23 382
23 581
23 600
23 947
378 630
378 816
378 838
378 848
378 912
378 917
378 919
378 947
378 984
382 250
382 707
382 726
382 838
382 873
382 917
382 947
581 53
581 331
581 344
581 367
581 680
581 754
581 838
581 917
581 937
581 939
581 947
600 138
600 270
600 409
600 550
600 805
600 818
600 836
600 894
600 953
947 53
947 60
947 119
947 213
947 297
947 298
947 320
947 331
947 342
947 344
947 359
947 389
947 434
947 441
947 525
947 622
947 630
947 726
947 753
947 794
947 813
947 815
947 838
947 916
947 917
947 919
947 922
947 961
947 983
24 349
24 583
24 672
24 909
24 969
349 332
349 694
349 822
349 910
349 917
349 926
583 284
583 545
583 627
583 685
583 704
583 829
583 873
583 916
583 940
583 964
672 263
672 265
672 820
672 862
672 881
672 882
672 969
672 983
909 84
909 128
909 150
909 222
909 249
909 293
909 396
909 415
909 417
909 454
909 488
909 518
909 553
909 603
909 664
909 674
909 676
909 694
909 700
909 820
909 906
909 913
909 930
909 931
909 957
909 962
909 970
969 36
969 52
969 59
969 138
969 177
969 178
969 179
969 245
969 274
969 309
969 399
969 412
969 461
969 568
969 569
969 585
969 611
969 622
969 674
969 681
969 718
969 754
969 773
969 780
969 860
969 873
969 881
969 910
969 964
969 977
969 983
25 756
25 783
25 895
25 913
25 970
756 196
756 213
756 402
756 431
756 432
756 492
756 544
756 597
756 614
756 682
756 716
756 749
756 808
756 813
756 950
756 961
756 970
783 120
783 143
783 241
783 284
783 335
783 648
783 698
783 774
783 787
783 807
783 834
783 891
783 939
783 976
783 994
895 30
895 64
895 111
895 145
895 177
895 180
895 191
895 476
895 507
895 561
895 587
895 588
895 626
895 713
895 722
895 757
895 848
895 858
895 864
895 865
895 887
895 897
895 930
895 989
895 995
913 44
913 143
913 150
913 152
913 229
913 352
913 390
913 415
913 565
913 596
913 603
913 620
913 625
913 631
913 655
913 679
913 700
913 715
913 820
913 824
913 870
913 872
913 886
913 931
913 956
913 959
913 962
913 974
913 994
970 117
970 207
970 214
970 229
970 233
970 260
970 328
970 481
970 512
970 515
970 544
970 548
970 614
970 636
970 671
970 686
970 720
970 755
970 771
970 809
970 810
970 812
970 818
970 828
970 830
970 839
970 855
970 872
970 914
970 961
26 201
26 869
26 926
201 112
201 223
201 302
201 763
201 876
869 68
869 102
869 195
869 301
869 304
869 318
869 436
869 496
869 584
869 615
869 634
869 645
869 758
869 808
869 824
869 829
869 833
869 865
869 885
869 894
869 910
869 914
869 973
926 29
926 196
926 200
926 281
926 296
926 350
926 365
926 428
926 556
926 615
926 624
926 645
926 726
926 814
926 822
926 833
926 870
926 885
926 896
926 910
926 912
926 917
926 931
926 933
926 937
926 956
27 577
27 678
27 832
27 922
577 56
577 338
577 391
577 461
577 932
577 968
678 54
678 134
678 274
678 592
678 625
678 786
678 813
678 875
678 900
678 957
832 157
832 256
832 306
832 368
832 423
832 429
832 546
832 556
832 572
832 654
832 668
832 722
832 732
832 734
832 785
832 830
832 898
832 904
832 948
832 975
922 90
922 200
922 212
922 226
922 238
922 280
922 388
922 391
922 421
922 438
922 442
922 461
922 482
922 637
922 654
922 713
922 719
922 734
922 745
922 810
922 844
922 865
922 894
28 491
28 609
28 781
28 848
491 135
491 589
491 724
491 746
491 811
491 816
491 910
491 973
491 989
609 29
609 208
609 389
609 472
609 523
609 610
609 718
609 723
609 812
609 848
609 868
609 900
781 73
781 206
781 287
781 575
781 589
781 685
781 753
781 808
781 809
781 816
781 828
781 953
781 976
848 29
848 50
848 185
848 237
848 411
848 452
848 523
848 535
848 723
848 733
848 738
848 872
848 939
29 217
29 273
217 103
217 233
217 460
217 632
217 900
217 979
273 305
273 400
273 555
273 898
273 934
30 363
30 552
30 738
30 858
30 900
363 339
363 685
363 813
363 881
363 943
363 992
552 45
552 342
552 375
552 379
552 502
552 689
552 692
552 725
552 780
552 995
738 91
738 488
738 633
738 649
738 695
738 794
738 826
738 838
738 856
738 868
738 896
738 953
738 956
738 968
738 974
858 32
858 189
858 278
858 369
858 418
858 490
858 556
858 607
858 724
858 748
858 749
858 757
858 773
858 819
858 865
858 918
858 924
858 930
858 989
900 113
900 357
900 397
900 419
900 428
900 454
900 479
900 484
900 508
900 618
900 635
900 665
900 725
900 786
900 799
900 813
900 816
900 875
900 957
31 94
31 533
31 585
31 787
31 924
31 959
31 992
94 93
94 631
94 787
94 956
94 989
533 473
533 644
533 780
533 916
533 924
533 956
533 959
585 221
585 266
585 305
585 628
585 845
585 891
585 938
585 941
787 60
787 143
787 388
787 416
787 620
787 753
787 816
787 834
787 901
787 919
787 939
924 56
924 74
924 93
924 114
924 165
924 195
924 260
924 264
924 308
924 414
924 493
924 514
924 521
924 531
924 601
924 620
924 632
924 732
924 758
924 767
924 888
924 904
924 917
924 956
924 959
924 978
924 979
959 65
959 86
959 89
959 174
959 190
959 194
959 205
959 260
959 269
959 366
959 422
959 473
959 493
959 514
959 521
959 531
959 571
959 592
959 643
959 758
959 782
959 814
959 888
959 897
959 904
959 941
959 950
959 956
959 976
992 77
992 82
992 114
992 122
992 244
992 247
992 282
992 319
992 398
992 424
992 425
992 444
992 449
992 510
992 530
992 532
992 579
992 598
992 606
992 639
992 645
992 677
992 708
992 755
992 779
992 782
992 831
992 857
992 864
992 892
992 908
992 912
992 930
992 933
992 948
992 953
992 974
992 979
992 995
32 599
32 755
32 793
599 343
599 473
599 634
599 655
599 793
599 815
599 863
599 912
599 957
599 978
755 169
755 231
755 341
755 346
755 611
755 725
755 727
755 757
755 838
755 886
755 912
755 919
755 921
793 112
793 160
793 338
793 417
793 437
793 494
793 545
793 703
793 819
793 863
793 897
793 916
33 275
33 592
33 995
275 88
275 362
275 592
275 761
275 890
592 325
592 359
592 698
592 771
592 805
592 822
592 956
995 69
995 70
995 78
995 104
995 144
995 187
995 195
995 219
995 226
995 308
995 331
995 394
995 429
995 445
995 452
995 458
995 466
995 503
995 527
995 531
995 574
995 576
995 610
995 626
995 641
995 646
995 668
995 675
995 825
995 826
995 829
995 860
995 866
995 896
995 919
995 939
995 978
995 984
995 986
995 993
995 996
34 322
34 335
34 398
34 551
34 760
34 883
34 896
322 680
322 763
322 837
322 866
322 989
335 332
335 494
335 833
335 901
335 939
398 601
398 679
398 805
398 840
398 880
551 105
551 152
551 178
551 477
551 622
551 720
551 779
551 871
551 885
551 908
551 956
760 150
760 336
760 381
760 469
760 470
760 498
760 594
760 649
760 654
760 826
760 833
760 868
760 883
760 896
760 906
760 912
883 296
883 339
883 471
883 480
883 499
883 505
883 519
883 530
883 540
883 594
883 651
883 654
883 732
883 837
883 868
883 894
883 896
883 901
883 968
883 976
883 978
896 147
896 231
896 244
896 356
896 357
896 373
896 440
896 615
896 649
896 651
896 654
896 784
896 794
896 821
896 826
896 856
896 868
896 875
896 905
35 178
35 190
35 790
35 817
35 830
35 872
178 561
178 885
178 983
190 837
190 956
790 199
790 265
790 276
790 381
790 426
790 433
790 440
790 614
790 663
790 718
790 735
790 839
790 870
790 871
790 878
790 890
790 908
790 961
817 121
817 228
817 483
817 523
817 584
817 640
817 669
817 683
817 690
817 707
817 727
817 742
817 810
817 882
817 902
817 906
817 907
817 933
817 939
817 979
830 70
830 165
830 238
830 355
830 431
830 477
830 498
830 546
830 597
830 622
830 641
830 686
830 762
830 785
830 802
830 928
830 976
872 280
872 320
872 355
872 430
872 477
872 492
872 499
872 515
872 616
872 679
872 686
872 696
872 720
872 839
872 860
872 871
872 916
36 405
36 514
36 520
36 606
36 780
36 953
405 262
405 610
405 649
405 674
405 681
405 708
405 881
405 983
514 282
514 531
514 774
514 888
514 894
514 934
520 145
520 216
520 295
520 306
520 713
520 906
520 943
520 976
606 142
606 443
606 444
606 569
606 579
606 715
606 857
606 912
606 943
780 130
780 185
780 449
780 568
780 569
780 643
780 674
780 761
780 771
780 818
780 873
780 983
953 77
953 103
953 146
953 216
953 233
953 303
953 307
953 341
953 383
953 408
953 409
953 444
953 524
953 530
953 532
953 579
953 598
953 690
953 708
953 727
953 751
953 752
953 782
953 813
953 857
953 878
953 886
953 892
953 902
953 912
953 962
953 974
37 481
37 706
37 918
37 986
481 128
481 202
481 343
481 749
481 773
481 865
481 989
706 366
706 374
706 386
706 403
706 454
706 468
706 588
706 700
706 761
706 864
706 902
706 950
918 57
918 86
918 98
918 180
918 307
918 369
918 505
918 512
918 561
918 582
918 604
918 607
918 634
918 713
918 750
918 757
918 773
918 877
918 930
918 939
918 961
918 977
918 989
918 993
986 41
986 46
986 76
986 179
986 180
986 189
986 202
986 263
986 301
986 313
986 314
986 316
986 318
986 337
986 397
986 422
986 432
986 433
986 454
986 503
986 504
986 534
986 553
986 557
986 637
986 647
986 667
986 696
986 712
986 724
986 733
986 775
986 815
986 831
986 847
986 852
986 860
986 894
986 905
986 921
986 933
38 633
38 750
38 930
38 974
633 222
633 480
633 539
633 794
633 868
633 876
633 885
633 968
633 977
750 111
750 270
750 399
750 476
750 490
750 561
750 719
750 763
750 773
750 865
750 917
750 933
750 956
750 961
750 984
930 64
930 77
930 98
930 121
930 299
930 476
930 503
930 507
930 545
930 561
930 572
930 587
930 604
930 607
930 612
930 634
930 674
930 697
930 700
930 757
930 808
930 827
930 897
930 919
930 968
930 989
974 58
974 69
974 72
974 77
974 107
974 169
974 181
974 233
974 336
974 411
974 425
974 438
974 532
974 556
974 626
974 632
974 639
974 708
974 727
974 747
974 762
974 857
974 886
974 912
974 941
974 979
974 984
39 188
39 214
39 529
39 647
39 968
188 115
188 437
188 761
188 821
188 827
188 934
188 957
214 70
214 302
214 630
214 669
529 160
529 417
529 464
529 467
529 602
529 627
529 799
529 827
647 388
647 492
647 504
647 637
647 686
647 712
647 735
647 766
647 815
647 831
647 852
647 894
647 978
968 147
968 184
968 197
968 230
968 286
968 330
968 393
968 443
968 453
968 471
968 480
968 488
968 555
968 594
968 645
968 649
968 654
968 708
968 745
968 746
968 784
968 794
968 826
968 840
968 842
968 855
968 868
968 904
968 940
968 989
40 575
40 645
40 836
40 891
40 919
40 937
575 281
575 326
575 451
575 492
575 746
575 847
575 887
575 937
575 973
575 983
645 91
645 414
645 692
645 881
645 885
645 914
645 937
645 938
645 973
836 156
836 170
836 212
836 237
836 276
836 340
836 402
836 409
836 424
836 427
836 482
836 525
836 550
836 593
836 677
836 703
836 805
836 914
891 167
891 216
891 224
891 266
891 286
891 305
891 389
891 397
891 410
891 548
891 555
891 616
891 626
891 782
891 845
891 878
891 897
891 931
891 934
891 938
891 941
891 950
919 44
919 109
919 137
919 157
919 158
919 194
919 242
919 244
919 262
919 279
919 288
919 424
919 518
919 528
919 653
919 656
919 681
919 792
919 847
919 860
937 43
937 102
937 134
937 196
937 209
937 264
937 281
937 299
937 350
937 393
937 437
937 440
937 547
937 584
937 642
937 694
937 727
937 748
937 749
937 822
937 854
937 856
937 870
937 885
937 908
937 914
937 973
937 975
41 386
41 406
41 449
41 852
41 894
41 979
386 85
386 741
386 775
386 796
386 811
406 471
406 512
406 519
406 555
406 707
406 845
406 938
406 950
406 984
449 239
449 578
449 637
449 733
449 880
449 894
449 921
449 950
852 51
852 164
852 202
852 314
852 317
852 390
852 545
852 557
852 562
852 574
852 674
852 720
852 724
852 762
852 775
852 815
852 866
852 894
852 921
894 56
894 87
894 128
894 327
894 337
894 339
894 422
894 504
894 507
894 578
894 621
894 712
894 733
894 775
894 815
894 831
894 989
979 58
979 72
979 81
979 158
979 233
979 319
979 341
979 424
979 515
979 528
979 530
979 532
979 535
979 579
979 639
979 640
979 674
979 679
979 708
979 716
979 720
979 745
979 749
979 782
979 807
979 857
979 886
979 977
979 996
42 79
42 620
42 726
42 904
42 975
79 329
79 511
79 556
79 625
79 933
79 977
620 232
620 295
620 607
620 641
620 665
620 724
620 754
620 834
620 939
726 122
726 254
726 255
726 475
726 557
726 648
726 775
726 845
726 907
726 934
726 938
726 941
726 950
904 247
904 306
904 318
904 328
904 383
904 423
904 524
904 534
904 546
904 632
904 655
904 699
904 732
904 752
904 775
904 785
904 795
904 898
904 964
904 975
904 978
904 993
975 151
975 198
975 227
975 243
975 246
975 247
975 248
975 249
975 256
975 306
975 353
975 368
975 370
975 383
975 429
975 524
975 534
975 546
975 576
975 589
975 629
975 632
975 725
975 732
975 752
975 785
975 815
975 824
975 847
975 860
975 864
975 898
975 940
975 989
975 993
43 700
43 905
43 962
43 994
700 343
700 478
700 610
700 628
700 664
700 870
700 931
700 962
700 994
905 192
905 193
905 329
905 332
905 397
905 404
905 435
905 436
905 501
905 542
905 570
905 602
905 610
905 625
905 636
905 646
905 727
905 747
905 766
905 775
905 854
905 877
905 887
905 898
905 931
905 933
962 205
962 208
962 219
962 229
962 232
962 270
962 289
962 390
962 396
962 415
962 498
962 518
962 522
962 565
962 596
962 603
962 669
962 679
962 723
962 820
962 840
962 856
962 870
962 890
962 910
962 931
962 994
994 147
994 150
994 229
994 342
994 352
994 356
994 390
994 396
994 415
994 417
994 422
994 428
994 489
994 500
994 518
994 521
994 522
994 565
994 567
994 596
994 603
994 664
994 679
994 681
994 708
994 735
994 737
994 796
994 802
994 813
994 820
994 870
994 931
994 984
44 100
44 293
44 498
44 580
44 774
100 192
100 193
100 267
100 376
100 961
293 142
293 289
293 535
293 671
293 774
293 948
293 978
498 548
498 580
498 719
498 751
498 821
498 824
498 948
580 516
580 624
580 661
580 774
580 784
580 824
580 856
580 948
580 983
774 98
774 109
774 224
774 427
774 567
774 608
774 624
774 628
774 715
774 751
774 777
774 784
774 824
774 865
774 948
774 996
45 64
45 177
45 300
45 792
45 978
45 993
64 246
64 681
177 720
177 901
177 983
300 603
300 663
300 701
300 878
300 978
300 993
792 184
792 242
792 328
792 354
792 404
792 426
792 586
792 613
792 641
792 653
792 680
792 741
792 782
792 860
792 908
978 88
978 187
978 221
978 234
978 258
978 361
978 365
978 394
978 428
978 443
978 458
978 473
978 518
978 549
978 574
978 629
978 646
978 675
978 684
978 687
978 688
978 729
978 816
978 827
978 829
978 845
978 866
978 878
978 892
978 984
978 993
978 996
993 104
993 106
993 187
993 195
993 223
993 235
993 240
993 256
993 264
993 394
993 396
993 445
993 458
993 549
993 576
993 638
993 646
993 684
993 692
993 717
993 729
993 825
993 829
993 866
993 878
993 888
993 910
993 921
993 948
993 984
993 996
46 266
46 422
46 504
46 734
46 796
46 831
266 70
266 230
266 232
266 648
266 938
422 116
422 389
422 721
422 762
504 351
504 550
504 712
504 762
504 907
734 164
734 222
734 284
734 413
734 466
734 625
734 655
734 656
734 758
734 860
796 154
796 299
796 375
796 479
796 483
796 615
796 621
796 631
796 725
796 748
796 799
796 875
796 939
831 56
831 76
831 99
831 116
831 252
831 256
831 269
831 433
831 557
831 637
831 733
831 775
831 816
831 878
831 921
831 939
831 983
831 984
831 996
47 108
47 637
47 838
47 916
47 964
108 407
108 758
108 766
108 810
637 318
637 362
637 368
637 473
637 532
637 724
637 907
637 921
838 60
838 103
838 119
838 139
838 213
838 297
838 308
838 344
838 434
838 594
838 603
838 630
838 818
838 885
838 917
838 984
916 185
916 277
916 301
916 319
916 321
916 480
916 486
916 524
916 547
916 627
916 688
916 704
916 728
916 737
916 771
916 798
916 822
916 890
916 932
916 940
916 941
964 49
964 63
964 133
964 181
964 206
964 249
964 288
964 291
964 411
964 451
964 486
964 635
964 639
964 641
964 695
964 704
964 728
964 737
964 759
964 779
964 798
964 808
964 860
964 862
964 863
964 890
964 921
964 932
964 934
964 940
964 941
964 983
48 136
48 294
48 500
48 586
48 601
48 699
48 716
136 608
136 665
136 757
136 870
294 127
294 165
294 209
294 350
294 716
294 822
294 901
500 81
500 171
500 354
500 497
500 601
500 636
500 821
586 336
586 353
586 655
586 656
586 680
586 789
586 837
601 215
601 716
601 720
601 749
601 763
601 805
601 821
601 886
699 175
699 257
699 313
699 487
699 694
699 717
699 753
699 808
699 839
699 943
699 976
716 135
716 182
716 667
716 821
716 864
716 892
49 63
49 143
49 160
49 545
49 754
63 65
63 247
63 641
63 779
160 602
160 663
160 887
545 291
545 469
545 502
545 798
545 822
545 940
754 189
754 215
754 414
754 453
754 461
754 517
754 777
754 801
754 802
754 819
754 863
754 984
50 86
50 428
50 472
50 746
50 885
86 471
86 571
86 956
428 200
428 589
428 632
428 973
472 452
472 523
472 697
472 741
746 141
746 176
746 350
746 556
746 674
746 732
746 816
746 822
746 885
746 914
746 940
746 956
885 196
885 235
885 308
885 393
885 589
885 677
885 684
885 718
885 777
885 814
885 816
885 910
885 973
885 977
51 122
51 473
51 737
51 815
51 921
122 499
122 934
122 941
473 171
473 643
473 703
473 956
737 115
737 145
737 172
737 185
737 321
737 432
737 434
737 759
737 794
737 847
737 890
737 940
815 56
815 553
815 567
815 724
815 733
815 735
815 762
815 794
815 881
815 921
815 996
921 179
921 202
921 314
921 318
921 466
921 475
921 476
921 496
921 530
921 553
921 557
921 567
921 642
921 651
921 679
921 724
921 733
921 762
921 775
921 856
921 897
52 656
52 695
52 934
52 941
52 950
656 128
656 264
656 426
656 464
656 499
656 530
656 611
656 840
695 135
695 312
695 615
695 688
695 694
695 701
695 758
695 802
695 807
695 857
695 910
695 914
695 973
934 87
934 166
934 169
934 197
934 248
934 250
934 254
934 277
934 310
934 338
934 379
934 389
934 548
934 628
934 646
934 648
934 654
934 707
934 801
934 845
934 864
934 886
934 938
934 941
934 950
941 166
941 167
941 255
941 289
941 307
941 324
941 338
941 389
941 400
941 410
941 475
941 548
941 555
941 556
941 628
941 640
941 649
941 682
941 704
941 707
941 745
941 752
941 753
941 931
941 938
941 950
941 983
950 149
950 166
950 235
950 254
950 267
950 286
950 305
950 400
950 410
950 431
950 475
950 478
950 628
950 648
950 649
950 732
950 751
950 773
950 777
950 802
950 845
950 902
950 931
950 932
950 938
950 961
53 342
53 875
53 917
342 77
342 173
342 441
342 917
875 85
875 360
875 479
875 480
875 484
875 508
875 636
875 717
875 719
875 786
875 799
875 813
875 910
875 957
875 989
875 996
917 60
917 119
917 173
917 213
917 238
917 297
917 298
917 309
917 318
917 320
917 331
917 346
917 403
917 434
917 441
917 510
917 536
917 745
917 775
54 639
54 799
54 810
54 813
54 957
639 532
639 598
639 664
639 683
639 727
639 761
639 782
639 957
799 78
799 314
799 357
799 360
799 528
799 576
799 729
799 786
799 813
799 857
799 914
799 957
799 961
810 89
810 112
810 329
810 359
810 377
810 388
810 391
810 438
810 501
810 742
810 745
810 857
813 425
813 479
813 494
813 508
813 757
813 773
813 786
813 957
957 68
957 134
957 153
957 265
957 351
957 357
957 360
957 397
957 421
957 479
957 484
957 501
957 508
957 589
957 618
957 641
957 648
957 684
957 719
957 728
957 782
957 786
957 795
957 948
55 241
55 567
55 718
55 856
241 440
241 818
241 827
241 862
241 983
567 109
567 121
567 562
567 718
567 844
718 644
718 668
718 819
718 860
856 83
856 131
856 184
856 218
856 230
856 381
856 388
856 410
856 488
856 525
856 540
856 582
856 651
856 773
856 794
56 272
56 671
272 120
272 310
272 642
272 822
272 864
272 933
671 152
671 553
671 616
671 627
671 682
671 749
671 908
671 943
671 961
57 58
57 424
57 811
58 507
58 762
58 890
58 912
424 296
424 444
424 493
811 98
811 251
811 475
811 524
811 541
811 661
811 697
811 721
811 763
811 777
811 816
811 854
811 938
507 470
507 490
507 604
507 627
507 745
507 865
507 989
762 85
762 179
762 337
762 515
762 553
762 584
762 712
762 775
762 809
762 870
890 170
890 185
890 246
890 358
890 377
890 380
890 384
890 399
890 511
890 538
890 589
890 627
890 635
890 641
890 759
890 779
890 855
890 931
890 932
890 940
912 68
912 72
912 74
912 191
912 250
912 319
912 445
912 536
912 593
912 626
912 683
912 857
912 881
912 886
912 989
59 340
59 527
59 881
59 956
59 976
59 983
340 211
340 430
340 588
340 646
340 677
340 866
527 574
527 578
527 594
527 675
527 684
527 687
527 763
527 825
527 828
881 75
881 170
881 183
881 228
881 270
881 537
881 582
881 674
881 753
881 798
881 814
881 818
881 862
881 873
881 908
881 983
956 65
956 146
956 264
956 308
956 351
956 361
956 430
956 493
956 521
956 571
956 643
956 682
956 704
956 752
956 763
956 825
956 840
956 888
976 87
976 107
976 154
976 216
976 234
976 299
976 326
976 352
976 392
976 608
976 677
976 685
976 698
976 713
976 722
976 753
976 807
976 808
976 809
976 826
976 828
976 839
976 870
976 876
976 907
976 940
983 99
983 104
983 170
983 173
983 197
983 207
983 231
983 270
983 309
983 312
983 324
983 389
983 452
983 490
983 569
983 698
983 798
983 802
983 807
983 818
983 820
983 829
983 837
983 842
983 862
983 873
60 330
60 331
330 88
330 352
330 381
330 732
330 826
331 701
331 808
61 302
61 384
61 681
61 864
61 973
302 747
302 789
302 805
384 809
384 814
384 842
681 99
681 270
681 445
681 467
681 712
681 721
681 862
681 873
681 882
864 123
864 125
864 127
864 231
864 467
864 544
864 614
864 735
864 805
864 827
864 842
864 907
973 168
973 172
973 209
973 278
973 287
973 295
973 304
973 320
973 392
973 478
973 496
973 521
973 547
973 556
973 615
973 644
973 701
973 758
973 767
973 785
973 822
973 837
973 888
973 914
973 996
538 69
538 661
538 669
538 907
538 932
538 933
538 939
538 977
644 242
644 392
644 604
644 611
644 704
644 844
837 110
837 365
837 396
837 451
837 482
837 519
837 680
837 696
837 752
837 763
837 914
837 948
65 698
65 888
247 524
247 534
247 821
641 200
641 377
641 779
641 855
641 898
641 932
779 230
779 277
779 635
779 688
779 729
779 847
779 866
779 908
779 932
779 938
779 940
246 561
246 572
698 255
698 561
698 807
698 808
698 887
698 940
888 146
888 153
888 264
888 343
888 361
888 493
888 521
888 550
888 571
888 593
888 643
888 742
888 751
888 777
888 822
888 857
888 928
888 996
66 142
66 282
66 748
66 863
142 72
142 782
282 431
282 494
282 863
282 880
282 897
748 174
748 311
748 612
748 683
748 703
748 812
748 877
748 910
748 928
863 95
863 174
863 258
863 413
863 588
863 602
863 622
863 655
863 719
863 798
863 801
863 802
863 812
863 819
863 928
67 326
67 395
67 492
67 689
67 882
67 886
67 977
326 358
326 493
326 511
326 569
326 625
326 882
395 129
395 207
395 218
395 440
395 548
395 632
395 675
492 510
492 525
492 882
492 907
492 977
689 140
689 149
689 341
689 416
689 483
689 692
689 786
689 801
882 114
882 296
882 319
882 383
882 419
882 469
882 640
882 661
882 686
882 767
882 840
882 902
882 906
882 907
882 933
882 977
886 81
886 232
886 444
886 479
886 532
886 540
886 593
886 598
886 636
886 708
886 717
886 857
886 910
886 933
886 948
977 101
977 182
977 319
977 358
977 364
977 375
977 425
977 485
977 506
977 525
977 528
977 539
977 584
977 631
977 640
977 661
977 663
977 667
977 669
977 690
977 798
977 801
977 902
977 906
977 907
69 720
69 866
69 878
720 128
720 199
720 515
720 686
720 839
720 908
866 172
866 365
866 486
866 571
866 574
866 576
866 613
866 638
866 684
866 729
866 827
866 829
866 887
866 961
866 984
866 996
878 144
878 161
878 219
878 265
878 338
878 350
878 351
878 478
878 626
878 629
878 646
878 684
878 687
878 745
878 825
878 839
878 865
878 984
878 996
70 526
70 686
70 908
526 84
526 284
526 295
526 497
526 901
526 932
526 939
686 236
686 355
686 425
686 454
686 597
686 717
686 802
908 139
908 263
908 346
908 403
908 432
908 460
908 515
908 610
908 616
908 682
908 758
908 818
908 819
908 961
71 512
71 642
71 821
71 827
71 868
71 996
512 191
512 582
512 604
512 634
512 751
512 933
512 989
642 168
642 171
642 234
642 368
642 636
642 692
642 821
642 827
821 125
821 127
821 175
821 298
821 379
821 444
821 605
821 621
821 636
821 735
821 805
821 870
827 229
827 239
827 278
827 312
827 368
827 493
827 733
827 805
827 820
827 860
868 96
868 296
868 303
868 443
868 444
868 488
868 562
868 594
868 723
868 784
868 794
868 809
868 826
868 938
868 996
996 78
996 104
996 106
996 191
996 195
996 226
996 258
996 402
996 412
996 445
996 485
996 549
996 565
996 574
996 584
996 604
996 626
996 629
996 638
996 646
996 675
996 684
996 685
996 687
996 825
996 829
996 871
996 984
72 129
72 173
129 834
129 887
129 901
173 148
173 168
73 164
73 431
73 471
73 845
73 938
164 571
164 707
164 834
164 938
431 368
431 389
431 648
431 938
471 443
471 453
471 464
471 547
471 654
845 114
845 171
845 286
845 400
845 418
845 475
845 548
845 608
845 687
845 707
845 808
845 839
845 842
845 938
938 166
938 202
938 361
938 410
938 489
938 547
938 548
938 555
938 570
938 628
938 812
938 819
938 834
938 897
938 907
938 914
938 940
74 456
74 708
456 139
456 171
456 194
456 303
456 812
456 840
456 906
708 135
708 176
708 259
708 478
708 490
708 857
75 123
75 183
75 467
75 873
123 127
123 375
123 740
183 723
183 873
467 234
467 280
467 550
467 805
467 901
873 138
873 198
873 265
873 309
873 374
873 458
873 487
873 598
873 622
873 663
873 818
873 819
873 844
873 862
873 928
76 288
76 578
76 723
76 775
288 377
288 380
288 448
288 534
288 598
288 855
578 296
578 490
578 712
578 729
578 733
578 857
723 121
723 220
723 411
723 452
723 461
723 687
723 786
723 910
775 151
775 179
775 205
775 308
775 314
775 557
775 724
775 984
77 795
795 233
795 325
795 562
795 696
795 741
795 771
795 814
795 824
795 833
795 842
795 880
78 137
78 598
137 426
137 441
137 603
598 638
598 727
598 812
598 844
598 928
329 439
329 747
329 877
329 887
511 459
511 621
511 742
511 759
511 761
511 906
556 393
556 485
556 701
625 193
625 474
625 501
625 602
625 766
625 789
625 887
933 170
933 401
933 469
933 485
933 506
933 584
933 661
933 664
933 667
933 669
933 683
933 690
933 767
933 898
933 902
933 906
933 907
80 727
80 844
727 401
727 822
727 943
844 109
844 175
844 244
844 279
844 332
844 354
844 404
844 426
844 480
844 497
844 611
844 613
844 668
844 677
844 833
844 854
844 865
81 234
81 310
81 857
234 212
234 735
310 110
310 195
310 239
310 317
310 749
857 150
857 341
857 579
857 593
857 732
857 758
857 847
857 862
857 939
857 984
857 989
82 252
82 541
82 735
252 171
252 306
252 464
252 877
541 248
541 486
541 495
541 621
541 684
541 692
541 829
541 928
735 171
735 315
735 413
735 542
735 636
735 725
83 339
83 635
83 722
83 759
339 549
339 651
635 181
635 362
635 701
635 759
635 798
635 855
635 940
722 243
722 487
722 603
722 608
722 694
722 809
722 828
722 931
759 226
759 486
759 534
759 539
759 621
759 638
759 648
759 701
759 728
759 798
759 847
759 855
759 940
84 413
84 603
84 676
84 940
413 317
413 404
413 653
413 668
603 222
603 565
603 961
676 197
676 356
676 417
676 469
676 596
676 607
676 697
676 820
676 870
676 877
676 898
676 931
940 146
940 172
940 231
940 268
940 375
940 380
940 499
940 502
940 593
940 704
940 728
940 798
940 819
940 847
940 855
940 860
940 932
85 470
470 402
470 418
470 763
470 854
571 138
571 840
571 943
87 622
87 717
87 808
87 931
622 158
622 207
622 433
622 542
622 682
717 301
717 313
717 376
717 653
717 713
717 789
717 828
717 833
717 939
808 243
808 418
808 464
808 589
808 828
931 92
931 222
931 356
931 392
931 396
931 415
931 508
931 522
931 596
931 613
931 651
931 664
931 679
931 687
931 741
931 820
931 834
931 870
88 741
88 816
741 219
741 454
741 468
741 536
741 579
741 697
741 854
741 880
816 249
816 454
816 466
816 468
816 516
816 721
816 914
89 289
289 568
289 624
289 751
289 948
90 432
90 483
90 862
432 218
432 495
432 707
432 871
483 621
483 631
483 892
862 254
862 274
862 309
862 324
862 388
862 423
862 503
862 544
862 568
862 569
862 572
91 412
91 697
412 145
412 278
412 376
412 582
412 773
412 865
412 989
697 517
697 703
697 854
92 259
92 782
259 350
259 696
259 871
782 231
782 319
782 350
782 485
782 593
782 907
93 451
93 547
93 812
451 313
451 403
451 607
547 701
547 812
547 910
547 914
812 215
812 240
812 311
812 442
812 482
812 517
812 655
812 677
812 785
812 819
812 834
812 928
631 367
631 376
631 407
631 613
631 692
989 180
989 191
989 205
989 279
989 324
989 364
989 369
989 399
989 418
989 476
989 490
989 501
989 544
989 572
989 604
989 634
989 712
989 757
989 773
989 865
989 901
95 410
95 588
95 624
95 677
95 826
410 338
410 613
410 928
588 156
588 427
588 502
588 677
588 877
624 267
624 374
624 436
624 489
624 707
624 784
624 801
624 824
677 156
677 237
677 414
677 550
677 669
677 948
826 318
826 381
826 540
826 602
826 615
826 618
826 649
826 687
826 707
826 733
826 794
96 457
96 794
96 892
457 245
457 411
457 488
457 640
457 690
457 902
457 906
457 907
794 131
794 184
794 206
794 286
794 548
794 579
794 589
794 616
794 901
892 110
892 140
892 208
892 228
892 251
892 367
892 379
892 392
892 416
892 459
892 468
892 510
892 621
892 653
892 668
892 688
892 725
892 777
499 517
499 914
653 221
653 262
653 466
653 528
653 668
653 898
653 939
847 206
847 286
847 291
847 321
847 380
847 435
847 688
847 694
847 728
847 855
847 932
847 939
98 489
98 607
98 745
489 120
489 715
489 751
489 777
489 824
489 948
607 490
607 534
607 587
607 614
745 280
745 348
745 421
745 461
745 618
745 719
745 798
99 445
445 409
445 687
445 757
192 665
192 766
192 777
192 789
192 839
192 887
193 169
193 393
193 439
267 414
267 535
267 842
376 537
376 928
961 117
961 207
961 236
961 240
961 263
961 265
961 366
961 415
961 444
961 460
961 544
961 597
961 608
961 614
961 616
961 682
961 704
961 713
961 802
961 828
961 834
961 839
961 871
101 419
101 490
101 536
101 742
419 194
419 254
419 333
419 358
419 360
419 584
419 902
490 604
536 366
536 408
536 565
536 753
536 761
742 358
742 435
742 501
742 510
742 569
742 640
742 667
742 767
742 906
742 932
102 125
102 281
102 352
102 397
102 589
125 570
125 636
281 426
281 694
352 150
352 612
352 767
397 368
397 786
589 235
589 534
589 910
103 324
103 753
324 170
324 553
753 277
753 448
753 537
753 713
753 809
753 906
104 147
104 680
104 825
147 243
147 785
680 117
680 367
680 373
680 523
680 696
825 216
825 250
825 327
825 364
825 365
825 452
825 549
825 627
825 638
825 809
825 819
825 829
825 860
825 898
825 984
105 115
105 315
105 478
105 948
115 636
115 805
115 901
315 205
315 522
315 654
315 721
315 749
315 805
315 833
948 148
948 161
948 221
948 224
948 304
948 307
948 347
948 366
948 374
948 430
948 459
948 460
948 587
948 715
948 751
948 777
948 784
948 824
948 854
948 901
106 337
106 729
106 785
337 461
337 553
337 712
729 258
729 488
729 574
729 594
729 634
729 684
729 771
729 829
785 155
785 260
785 316
785 383
785 423
785 524
785 570
785 632
785 752
785 898
107 426
107 719
107 876
426 347
426 596
719 388
719 442
876 150
876 269
876 373
876 414
876 416
876 453
876 685
876 712
876 713
876 807
876 809
876 824
876 870
876 943
407 130
407 151
407 208
407 692
407 860
407 932
758 135
758 191
758 350
758 393
758 436
758 488
758 640
758 701
766 332
766 358
766 501
766 524
766 602
766 610
766 643
766 663
766 747
766 786
766 877
766 887
766 902
766 910
766 932
109 484
109 854
109 860
484 131
484 409
484 865
484 871
854 366
854 408
854 440
854 454
854 516
854 518
854 528
854 539
854 605
854 648
854 688
854 721
860 194
860 220
860 245
860 354
860 466
860 613
860 747
110 232
110 416
232 248
232 299
416 438
416 557
416 725
111 587
111 824
587 127
587 189
587 434
587 555
587 582
587 584
587 715
587 865
824 221
824 274
824 304
824 307
824 430
824 664
824 675
824 751
824 767
824 777
112 280
112 461
280 223
280 616
461 408
113 341
113 411
113 417
411 525
411 668
417 522
417 870
114 260
114 308
114 839
260 493
260 651
308 784
839 117
839 236
839 265
839 402
839 403
839 614
839 682
839 771
839 818
636 317
636 464
636 833
636 943
805 239
805 553
805 715
805 749
805 777
805 840
805 943
901 149
901 174
901 327
901 370
901 455
901 505
901 548
901 570
901 665
901 880
901 898
116 459
116 557
116 616
116 684
116 733
459 224
459 430
459 546
459 733
459 777
459 784
557 355
557 683
557 712
557 752
616 773
684 223
684 506
684 712
684 984
733 196
733 367
733 553
733 614
733 814
733 932
117 629
117 871
629 167
629 626
629 687
629 767
629 829
629 906
629 984
871 124
871 148
871 165
871 361
871 370
871 433
871 439
871 440
871 682
871 724
871 767
871 819
898 198
898 227
898 242
898 256
898 258
898 305
898 316
898 368
898 442
898 524
898 546
898 550
898 565
898 632
898 732
898 752
119 370
370 429
370 724
370 939
120 423
423 227
423 549
423 608
423 751
121 506
506 144
506 182
506 683
506 690
506 704
506 906
127 687
375 140
375 437
375 621
740 218
740 240
740 497
740 604
740 613
740 703
740 798
740 833
740 840
740 842
740 870
740 880
124 532
124 539
124 763
124 807
532 453
539 237
539 614
539 690
539 721
539 761
763 185
763 408
763 555
763 638
763 721
807 158
807 301
807 346
807 479
807 487
807 789
807 855
807 943
570 209
570 377
570 435
570 610
570 725
570 747
570 789
570 877
381 284
381 667
381 801
439 250
439 313
439 501
439 865
542 254
542 328
542 663
542 747
542 877
542 887
877 216
877 278
877 328
877 332
877 380
877 421
877 435
877 602
877 661
877 663
877 747
877 789
877 855
877 887
687 594
687 626
687 870
687 984
128 634
634 418
634 773
634 822
634 865
834 296
834 455
834 505
834 572
834 784
834 939
887 179
887 312
887 359
887 377
887 452
887 501
887 510
887 521
887 602
887 610
887 663
887 747
887 789
887 818
887 906
130 174
130 627
174 286
627 274
627 277
627 502
627 798
627 880
627 932
131 453
131 522
453 443
522 255
522 394
522 441
522 679
522 870
132 316
132 648
132 732
132 752
132 818
316 287
316 333
316 429
648 209
648 605
648 707
648 928
732 306
732 466
732 546
732 752
732 761
732 928
752 198
752 505
752 534
752 632
752 786
818 197
818 245
818 568
818 674
818 829
133 194
133 448
133 505
133 613
194 932
448 528
448 604
448 761
448 784
448 943
505 369
505 767
505 939
613 374
613 855
135 284
608 176
608 531
665 502
665 628
665 724
757 200
757 364
757 399
757 418
757 582
757 842
757 865
870 180
870 229
870 518
870 565
870 679
870 820
441 369
441 630
441 833
138 685
685 226
685 568
685 664
685 682
685 809
139 801
139 842
801 212
801 235
801 255
801 325
801 343
801 360
801 414
801 444
801 474
801 503
801 655
801 928
842 287
842 399
842 466
842 605
842 771
842 833
842 840
842 928
140 344
344 264
344 320
344 321
344 630
141 149
141 251
141 902
251 299
251 582
902 155
902 469
902 485
902 510
902 525
902 640
902 667
902 675
902 683
902 761
902 906
144 458
144 523
144 910
144 984
458 546
458 549
458 728
458 789
458 984
523 354
523 502
910 209
910 393
910 496
910 694
910 798
910 809
910 822
910 833
910 914
984 187
984 196
984 219
984 307
984 325
984 365
984 516
984 549
984 576
984 611
984 626
984 630
984 638
984 646
984 663
984 675
984 713
984 724
984 728
984 789
984 829
984 880
145 572
572 221
572 612
572 630
146 508
146 784
508 482
508 495
508 555
784 148
784 221
784 307
784 343
784 374
784 751
784 767
784 777
243 928
148 347
148 715
148 809
347 307
347 549
347 715
347 751
715 374
715 430
715 475
715 576
715 707
715 751
715 777
809 204
809 255
809 632
809 721
809 943
151 474
151 632
474 321
474 517
474 605
474 654
474 802
632 751
152 433
152 773
433 305
433 574
773 401
773 486
773 561
153 373
153 438
153 618
153 675
373 696
373 840
438 442
438 480
618 304
618 786
618 828
675 574
675 668
675 829
675 939
154 379
154 932
154 939
379 228
379 287
379 383
932 165
932 182
932 185
932 277
932 291
932 321
932 361
932 377
932 486
932 502
932 688
932 707
932 798
939 224
939 257
939 290
939 327
939 394
939 544
155 333
155 612
333 311
333 819
333 897
333 914
612 184
612 436
612 503
612 703
612 819
612 928
156 524
156 537
524 594
537 212
537 638
537 865
537 897
537 928
157 211
157 400
211 161
211 550
211 646
400 204
400 377
400 707
158 336
158 401
158 897
336 268
336 480
401 231
401 346
401 383
401 943
897 204
897 215
897 240
897 276
897 298
897 348
897 437
897 494
897 503
897 798
897 802
897 819
897 928
309 568
309 664
602 789
663 343
663 610
663 789
161 276
161 530
276 198
276 237
276 682
436 496
436 694
476 364
476 388
476 460
476 544
476 683
865 169
865 180
865 256
865 503
865 561
707 167
707 628
165 236
236 245
236 304
236 747
166 584
166 704
584 683
584 690
584 855
584 906
704 321
704 486
704 502
704 605
704 798
704 819
704 906
167 286
167 311
286 429
311 482
311 928
168 312
168 494
312 568
494 434
494 437
494 713
494 819
494 928
169 244
244 297
170 501
501 789
171 880
880 204
880 353
880 354
880 497
880 605
880 646
880 668
880 771
880 814
880 833
880 840
172 549
172 597
172 855
549 274
549 356
597 365
597 440
597 544
597 611
597 833
597 906
855 181
855 313
855 502
855 688
855 728
855 749
855 798
855 828
175 535
535 452
535 455
535 651
561 728
561 820
179 692
692 392
692 477
692 621
180 233
180 802
802 303
802 437
802 517
802 703
802 943
181 688
688 298
688 771
182 630
182 661
182 669
630 297
630 298
630 320
630 574
630 605
661 199
661 690
661 712
661 828
661 928
669 510
669 525
669 679
669 767
669 822
184 576
576 277
576 394
576 626
576 696
576 829
725 228
725 369
725 621
725 724
187 393
393 409
437 690
761 402
761 454
191 346
191 369
346 425
346 682
777 221
777 224
777 304
777 568
777 751
789 332
789 610
789 646
789 747
789 786
195 840
840 287
840 358
840 562
840 605
840 771
840 833
197 828
828 291
828 360
828 468
828 528
828 713
198 713
199 495
199 667
199 751
199 767
495 396
495 683
495 943
667 485
667 655
667 767
667 907
751 728
751 820
767 469
767 475
767 640
767 906
767 907
200 515
200 914
515 814
914 209
914 235
914 356
914 408
914 477
914 487
914 546
914 615
914 694
914 701
914 822
223 249
223 418
202 297
202 724
297 640
724 314
724 822
374 907
204 820
204 833
820 353
820 390
820 553
820 596
820 655
820 664
820 906
820 928
833 649
833 771
833 814
205 317
205 749
317 212
317 278
206 215
206 228
206 728
215 503
728 218
728 377
728 496
207 703
703 268
703 503
703 655
208 328
328 460
568 786
721 579
550 409
550 427
550 814
646 219
212 928
928 343
928 468
928 531
928 819
213 249
213 683
249 268
683 366
683 485
683 510
216 362
362 408
460 263
460 355
218 477
219 455
220 822
822 615
822 694
822 701
222 531
222 679
222 798
531 229
531 299
531 351
679 356
679 394
224 682
682 265
682 628
226 638
638 227
638 579
227 415
415 290
230 651
651 257
651 305
651 320
651 540
651 654
248 486
245 593
304 430
304 493
747 435
747 466
237 604
604 643
238 348
348 359
348 786
348 819
239 611
440 408
242 256
242 668
242 701
668 262
668 553
701 314
701 517
593 318
593 365
534 429
534 582
268 454
250 475
250 555
250 628
475 380
555 389
555 487
628 338
628 786
582 391
582 399
464 421
255 943
943 313
943 517
943 518
943 528
943 654
943 771
943 906
257 519
257 565
519 540
519 594
565 540
565 664
258 298
298 434
350 615
696 389
696 468
696 482
610 814
262 443
262 517
443 291
443 649
264 643
643 321
643 516
643 655
643 829
414 485
454 270
269 649
269 786
649 480
305 404
274 569
569 399
569 521
569 674
279 360
380 394
290 295
290 444
290 502
325 528
296 480
640 479
640 907
434 320
303 409
409 427
430 496
404 366
404 907
664 518
314 518
314 562
518 396
562 358
562 814
654 469
654 594
318 712
712 319
712 427
525 906
814 359
814 605
814 771
358 907
332 516
403 544
403 596
403 614
425 690
359 421
615 579
351 361
361 521
907 442
907 469
907 690
907 906
421 829
364 496
365 452
596 390
596 674
621 435
383 546
390 829
391 771
771 427
427 690
690 488
690 906
574 435
469 510
