0: 0 80 94 111 121 130 137 249 256 293 320 384 476 504 526 550 552 615 618 620 648 662 663 697 727 731 763 769 833 861 882 889 900 934 955 965 998
1: 1 23 24 52 55 115 126 131 149 168 205 209 229 381 390 395 428 430 535 544 563 597 598 610 628 632 676 748 775 801 818 858 886 938 950 952 956 970 992
2: 2 20 43 45 59 73 88 145 179 193 225 233 244 262 282 288 290 315 332 385 408 448 450 459 483 612 616 623 630 647 683 686 701 734 744 759 770 806 812 842 899 941 977 990
3: 3 25 36 67 90 127 138 278 313 318 337 358 373 401 421 427 456 462 470 485 514 520 591 593 594 644 655 725 745 776 790 836 928 964 986 994 999
4: 4 12 40 50 51 62 89 178 250 424 432 451 545 599 611 691 764 774 825 868 903 907 925
5: 5 18 87 128 148 197 203 217 226 228 251 305 311 312 324 361 442 444 445 454 478 513 518 523 531 542 554 601 669 690 696 750 771 841 883 920 929 954 959 962 963 968 981
6: 6 11 44 63 113 144 147 157 227 281 304 334 341 379 495 503 521 539 547 629 645 659 670 675 685 689 693 717 719 797 808 826 834 860 931 943 971 973 974 985 988
7: 7 17 57 75 82 160 166 210 215 219 238 317 441 461 487 497 507 508 546 569 572 574 581 585 614 649 651 666 705 736 758 780 786 799 803 859 915 940 951 976 989
8: 8 42 65 74 154 158 172 201 211 253 276 287 342 352 376 383 388 471 486 562 608 656 681 700 708 712 741 743 761 802 813 862 874 913 919 980 993
9: 9 64 71 189 236 309 323 335 350 353 394 413 453 474 494 506 537 621 704 707 718 729 756
10: 10 86 103 165 198 277 365 443 467 493 499 517 519 533 567 575 710 746 798 800 821 829 872 902 930
11: 13 66 78 143 204 221 280 308 371 407 589 596 631 638 660 720 752 792 816 823 839 885 918
12: 14 30 37 54 69 84 97 152 188 192 252 264 346 366 389 429 435 458 515 525 540 543 559 560 682 757 766 815 855 856 878 908 966 969
13: 15 33 104 110 141 142 150 200 212 220 240 241 246 279 283 296 306 319 359 387 530 566 573 588 674 702 738 785 820 838 853 857 876 904 937
14: 16 28 35 49 170 289 322 338 349 355 356 363 372 400 473 509 553 561 590 661 765 827 837 871 921 939 944
15: 19 38 53 96 98 100 102 134 146 171 176 196 206 326 357 498 541 558 587 606 635 650 678 698 723 730 735 754 875 917 949 967
16: 21 48 70 112 133 257 295 331 354 405 431 472 477 502 534 600 609 617 646 714 726 824 831 891
17: 22 26 27 46 114 135 263 266 268 298 367 396 417 489 536 571 602 627 652 713 716 722 781 810 846 884 887 888 897 923 958 961 984
18: 29 39 91 117 124 132 186 223 258 261 269 294 348 362 420 449 466 564 624 767 789 850 864 879 880 890 894 957
19: 31 60 72 79 81 92 105 107 140 185 214 216 231 235 255 285 292 316 333 336 409 423 464 490 500 522 577 636 684 706 779 869 927 979
20: 32 108 116 129 155 161 162 164 173 195 297 314 330 339 391 426 455 469 475 491 516 528 549 555 578 747 753 772 793 835 843 845 852 854 905 911 932 935 936 947 960
21: 34 47 58 68 101 167 180 194 222 239 247 254 301 344 370 397 399 412 434 437 439 479 480 488 510 607 625 641 642 787 807 873 901 906 914 924 926 978 983
22: 41 99 106 123 139 177 181 190 274 286 303 436 463 505 584 622 626 658 742 755 768 783
23: 56 118 163 169 175 202 270 369 380 419 422 457 501 568 570 579 657 664 679 680 692 721 751 778 811 819 895 898 942 945
24: 61 183 187 191 199 242 243 267 275 284 299 325 328 425 446 484 511 556 580 582 605 613 637 668 672 687 694 703 711 740 784 805 822 892 922 933 975 991
25: 76 93 109 120 153 159 174 207 213 218 291 327 386 392 402 410 415 433 447 460 468 538 548 633 643 654 709 739 773 777 782 794 847 865 866 881 995
26: 77 136 182 234 248 272 273 340 374 382 393 406 438 465 492 586 592 595 603 619 653 665 673 699 762 788 832 844 870 972
27: 83 85 95 125 156 208 237 259 265 300 302 321 343 411 416 418 524 557 565 576 583 695 715 809 814 828 849 877 893 910 946 948 953 987
28: 119 122 151 184 224 230 245 271 310 329 345 347 360 364 368 375 377 398 404 481 496 527 529 604 634 640 667 677 724 728 733 737 749 760 804 830 840 851 863 867 909 916 982 996 997
29: 232 260 307 351 378 403 414 440 452 482 512 532 551 639 671 688 732 791 795 796 817 848 896 912
