0: 0 8 34 60 81 95 281 326 443 498 549 569 573 603 617 621 668 721 754 767 805 816 854 885 939 952 986
1: 1 17 70 74 140 185 267 286 355 390 409 420 442 460 517 518 630 636 677 693 763 801 828 875 965 968
2: 2 27 37 63 66 104 162 181 197 225 226 228 292 312 334 337 356 359 361 363 375 398 422 426 441 456 463 468 491 519 625 653 688 696 711 733 759 798 830 866 872 931 949 967 983
3: 3 11 80 87 105 110 131 138 144 147 154 159 176 186 192 216 220 270 273 307 354 385 391 416 434 461 500 532 564 574 610 616 640 652 730 758 821 832 848 977
4: 4 39 67 102 106 108 127 172 200 247 310 311 397 436 451 489 496 572 587 593 626 638 649 715 729 745 753 760 792 797 808 819 859 919 943
5: 5 46 82 89 153 179 203 205 232 258 272 288 347 445 502 513 515 522 529 539 575 590 618 689 698 782 785 849 892 908 947 955 957 989
6: 6 12 19 101 174 190 223 231 235 245 249 261 285 289 314 344 402 413 417 438 452 466 471 486 504 512 531 563 592 654 708 735 742 789 790 794 812 831 852 882 929 933 973 982
7: 7 22 119 253 266 271 329 358 469 475 483 509 514 523 534 651 667 747 752 807 897 912 935
8: 9 75 111 129 152 204 217 246 298 315 418 425 431 447 478 508 525 546 589 612 635 637 642 660 665 680 710 718 736 757 761 762 769 780 788 861 868 880 886 979
9: 10 26 29 77 83 91 146 177 194 209 250 291 304 341 401 404 439 488 516 542 543 560 566 578 600 608 609 627 658 670 674 697 766 803 907 930 944 960 976 987 996
10: 13 28 36 94 117 178 191 236 240 256 308 317 328 335 336 367 369 392 427 444 473 477 536 537 538 596 682 784 876 909 925 928 942
11: 14 49 97 180 233 293 316 357 362 423 470 510 601 628 719 793 800 802 825 888 901
12: 15 18 59 64 100 171 234 268 346 396 437 449 472 506 556 588 639 672 675 704 731 771 795 915 945 964
13: 16 31 40 124 189 290 321 364 379 424 429 499 526 632 701 723 809 829 891 906 927 962 971
14: 20 163 187 212 219 252 262 269 277 278 327 373 399 415 464 503 535 553 571 671 703 728 842 845 853 954 994
15: 21 23 44 47 109 114 148 188 206 287 365 371 389 432 568 657 714 725 734 815 822 835 839 857 873 978
16: 24 62 71 115 183 296 297 302 303 562 584 598 599 614 634 646 706 717 751 770 843 862 863 916 975
17: 25 52 107 133 150 158 169 173 175 218 224 243 265 279 300 313 345 370 377 412 421 428 561 586 591 629 631 641 683 700 716 740 749 818 871 878 884 898 900 970 972 992
18: 30 33 38 92 118 137 151 156 196 211 241 242 263 283 284 350 403 419 448 474 511 548 557 570 602 613 659 666 691 702 712 755 772 779 840 865 922 924 961 969 980
19: 32 43 51 57 65 161 325 333 338 348 352 383 405 408 465 495 528 544 550 585 597 645 676 684 695 820 824 851 855 867 869 902 946 958 999
20: 35 42 58 69 98 112 120 143 165 229 254 295 467 497 662 776 796 836 841 895 904 921 941 950 974
21: 41 54 68 84 86 125 126 145 149 155 157 170 193 195 214 230 275 299 306 323 331 351 384 406 455 479 484 490 551 558 576 581 605 647 686 722 732 738 741 774 786 804 858 879 889 893 905 914 966 993
22: 45 55 56 79 116 198 215 222 301 319 324 374 378 382 386 480 507 579 615 678 713 834 936
23: 48 72 88 90 99 164 221 309 330 376 393 433 450 454 501 577 619 643 679 709 720 806 844 850 856 870 881 896 934 938
24: 50 61 134 182 208 244 255 305 360 395 524 554 555 606 633 655 727 775 778 810 813 837 846 917 985
25: 53 167 349 368 381 459 482 559 565 595 664 726 746 773 791 823 894 910 948 959 997
26: 73 78 93 121 128 132 160 213 259 372 505 530 541 547 604 644 669 673 681 692 739 768 777 833
27: 76 122 130 141 207 280 282 294 320 339 342 388 411 430 440 476 485 487 494 520 527 607 611 623 661 694 748 756 799 817 826 883 899 911 953 963 981 984
28: 85 103 135 139 166 202 227 238 248 276 318 332 340 343 353 366 380 410 457 458 481 521 540 545 622 624 663 690 699 705 743 764 765 781 811 827 838 860 874 877 890 913 918 920 923 951
29: 96 113 168 210 239 260 322 407 453 462 552 580 582 583 707 724 783 787 864 932 991 995 998
30: 123 136 142 184 199 201 237 251 257 264 274 387 394 400 414 435 446 492 493 533 567 594 620 648 650 656 685 687 737 744 750 814 847 887 903 926 937 940 956 988 990
