0: 0 5 33 62 168 235 327 435 459 471 476 568 617 626 660 666 740 754 764 840 857 872 896 899 934
1: 1 83 112 177 249 282 318 328 366 373 411 437 494 536 551 586 591 643 741 749 765 794
2: 2 35 48 61 90 133 170 171 183 234 251 266 281 399 429 468 487 501 522 537 554 558 593 615 640 648 678 733 737 768 791 812 844 881 967 978
3: 3 22 115 122 206 209 210 222 242 245 255 276 284 352 360 371 372 385 386 410 421 448 527 559 574 595 610 657 720 756 757 772 814 834 865 871 894 922 931 935 950 953 960
4: 4 12 29 47 126 149 175 231 232 236 283 298 315 368 370 378 390 394 439 458 480 490 509 572 589 607 608 611 642 644 656 698 743 820 825 837 848 875 906 926 966 994
5: 6 15 142 160 208 224 320 427 434 449 451 452 504 512 529 547 582 631 707 712 723 773 777 810 828 898 914 938 947 968 970 985 989 990 996
6: 7 54 58 137 163 164 228 248 267 326 354 383 417 442 498 562 579 580 624 687 717 722 744 808 832 885 886 946
7: 8 9 14 24 59 63 67 89 100 108 157 174 185 198 237 238 257 260 275 294 304 306 382 401 419 425 462 472 503 514 523 565 588 637 653 668 674 702 704 759 806 821 833 873 932 949 958 971 987
8: 10 11 96 107 110 182 204 215 227 316 343 369 389 393 412 423 464 485 493 496 538 584 585 604 614 620 625 654 655 664 682 699 703 782 787 795 830 892 893 917 944 952 962 963
9: 13 20 148 151 162 205 261 262 264 301 314 359 387 461 486 502 507 560 716 721 746 766 769 779 799
10: 16 41 138 150 197 212 299 339 347 380 398 406 414 440 446 447 450 508 517 525 540 549 557 583 600 619 622 650 659 679 691 693 705 708 736 747 767 817 822 827 867 928 936 943 954 977 980
11: 17 26 73 80 102 146 155 159 169 195 225 296 337 374 391 477 484 506 518 541 544 548 576 636 681 748 786 802 838 851 861 863 868 880 910 918 955 988
12: 18 51 55 98 141 189 252 263 269 293 297 331 345 355 357 358 362 375 405 409 470 479 481 516 519 546 566 618 638 646 665 694 890 905 921 961 973 974 984
13: 19 27 40 42 49 70 74 116 165 191 287 312 350 407 432 443 475 495 511 545 578 628 675 677 750 803 813 849 876 887 902 937 956 957 981 986 992 993
14: 21 45 76 121 135 140 156 192 214 223 279 381 418 431 457 489 690 774 860 866 882
15: 23 36 66 84 216 233 271 278 280 285 289 292 338 376 416 492 602 672 673 785 797 864
16: 25 65 77 88 103 104 154 166 190 202 309 364 365 379 400 415 436 444 483 500 539 598 609 728 731 745 755 775 792 826 843 862 883 919 929 941 982 983 995 998
17: 28 79 94 113 114 173 207 243 253 277 335 441 454 513 563 571 697 742 776 789 801 809 891 897 930 939 940
18: 30 32 46 82 119 247 270 286 363 438 455 592 603 663 676 709 710 719 726 805 841 842 877 879 884
19: 31 78 91 101 117 123 134 176 188 229 290 313 346 377 453 478 570 647 652 700 735 804 807 824
20: 34 38 56 81 106 201 203 303 311 342 348 356 515 526 577 594 601 616 621 630 634 662 696 715 729 780 788 800 818 853 909 945 965 969 997
21: 37 127 158 194 211 219 250 274 344 353 456 488 505 524 555 573 605 645 725 815 847 870 903
22: 39 44 68 111 172 200 244 258 300 310 323 341 388 395 520 533 627 651 706 751 762 783 819 831 913 942 948
23: 43 120 139 153 161 186 218 226 230 273 308 349 367 422 473 497 534 612 635 641 701 738 784
24: 50 52 99 105 125 130 179 220 254 268 305 333 361 445 465 482 649 688 689 761 811 816 888 908
25: 53 57 60 72 118 124 147 180 187 332 510 552 553 569 613 639 670 685 718 732 734 753 781 823 911 912 916 933 964
26: 64 71 92 136 167 178 196 199 259 288 295 317 322 324 325 329 334 384 392 396 408 424 433 467 491 530 599 669 686 692 711 714 727 739 752 758 836 854 856 901 924 959 972 975 976 979 991 999
27: 69 109 181 221 256 302 330 402 420 426 469 531 532 596 597 629 667 724 845 846 852 874 889 895
28: 75 85 97 129 265 397 403 466 550 567 587 590 623 633 683 770 771 790 793 798 855
29: 86 87 93 143 152 213 239 241 319 336 351 413 528 561 564 661 684 695 730 829 835 839 869 927
30: 95 144 184 193 240 307 340 428 430 535 542 543 556 575 581 606 632 658 671 760 763 850 858 907 920
31: 128 131 132 145 217 246 272 291 321 404 460 463 474 499 521 680 713 778 796 859 878 900 904 915 923 925 951
