0 187
0 628
0 887
0 889
0 958
0 992
0 999
187 530
187 637
187 756
187 907
187 980
187 984
187 998
628 266
628 607
628 692
628 723
628 788
628 831
628 882
628 951
628 957
628 966
628 968
628 986
628 992
628 999
887 18
887 34
887 62
887 163
887 224
887 266
887 311
887 375
887 390
887 399
887 484
887 496
887 571
887 662
887 718
887 725
887 763
887 766
887 783
887 800
887 808
887 822
887 841
887 865
887 914
887 923
887 926
887 941
887 954
889 60
889 83
889 203
889 279
889 289
889 328
889 345
889 350
889 387
889 603
889 615
889 630
889 657
889 659
889 695
889 699
889 771
889 780
889 781
889 795
889 851
889 869
889 872
889 908
889 910
889 935
889 965
889 967
889 976
958 95
958 115
958 124
958 182
958 239
958 287
958 349
958 435
958 449
958 463
958 513
958 614
958 618
958 653
958 667
958 710
958 717
958 732
958 750
958 769
958 789
958 805
958 814
958 824
958 831
958 850
958 882
958 933
958 934
958 954
958 957
958 966
958 968
958 985
958 992
958 998
958 999
992 14
992 45
992 89
992 92
992 99
992 104
992 109
992 115
992 159
992 259
992 280
992 283
992 322
992 416
992 433
992 449
992 481
992 513
992 518
992 600
992 607
992 614
992 618
992 632
992 653
992 667
992 710
992 715
992 728
992 732
992 769
992 781
992 789
992 811
992 830
992 831
992 882
992 892
992 906
992 957
992 966
992 968
992 970
992 981
992 999
999 14
999 89
999 92
999 95
999 99
999 104
999 287
999 391
999 435
999 449
999 463
999 481
999 487
999 492
999 494
999 513
999 522
999 569
999 600
999 607
999 610
999 613
999 614
999 618
999 622
999 653
999 710
999 732
999 769
999 789
999 794
999 831
999 834
999 838
999 844
999 882
999 892
999 948
999 949
999 957
999 966
999 968
999 980
999 986
999 988
999 993
1 345
1 530
1 744
1 885
1 897
1 908
1 944
345 289
345 481
345 563
345 659
345 795
345 907
345 967
345 976
530 56
530 309
530 627
530 691
530 692
530 746
530 764
530 771
530 799
530 909
530 939
744 46
744 202
744 203
744 229
744 304
744 464
744 492
744 523
744 700
744 754
744 758
744 763
744 839
744 885
744 897
744 908
744 944
744 980
744 983
885 19
885 46
885 60
885 89
885 202
885 224
885 296
885 317
885 353
885 370
885 409
885 434
885 457
885 492
885 549
885 559
885 564
885 595
885 700
885 805
885 897
885 908
885 911
885 943
885 944
885 945
885 997
897 46
897 60
897 184
897 202
897 263
897 289
897 296
897 317
897 370
897 377
897 434
897 453
897 464
897 492
897 549
897 559
897 571
897 597
897 800
897 810
897 904
897 908
897 915
897 944
897 946
897 983
897 994
908 60
908 184
908 229
908 263
908 296
908 317
908 370
908 434
908 457
908 473
908 492
908 523
908 549
908 559
908 645
908 700
908 721
908 787
908 874
908 895
908 917
908 925
908 944
908 953
908 972
908 991
944 46
944 54
944 60
944 184
944 202
944 226
944 229
944 256
944 263
944 296
944 317
944 318
944 353
944 370
944 434
944 457
944 464
944 492
944 523
944 541
944 549
944 559
944 693
944 700
944 767
944 809
944 896
944 962
944 980
944 983
944 995
2 641
2 724
2 820
2 871
2 883
2 946
2 990
641 70
641 363
641 438
641 466
641 473
641 551
641 610
641 685
641 699
641 791
641 796
641 882
641 984
641 998
724 38
724 214
724 372
724 433
724 524
724 567
724 579
724 594
724 644
724 646
724 795
724 820
724 838
724 855
724 909
724 936
724 946
724 990
820 61
820 205
820 291
820 340
820 391
820 480
820 681
820 713
820 836
820 838
820 839
820 884
820 902
820 922
820 925
820 940
820 942
820 946
820 950
820 974
820 990
871 57
871 77
871 116
871 174
871 274
871 301
871 323
871 386
871 388
871 521
871 635
871 647
871 679
871 689
871 717
871 729
871 741
871 755
871 790
871 804
871 806
871 902
871 912
871 943
871 961
871 967
883 36
883 59
883 61
883 121
883 269
883 311
883 340
883 359
883 421
883 456
883 460
883 480
883 501
883 538
883 558
883 661
883 696
883 721
883 838
883 855
883 884
883 905
883 942
883 945
883 946
883 971
883 990
883 996
946 7
946 38
946 194
946 271
946 359
946 429
946 455
946 482
946 497
946 499
946 501
946 526
946 529
946 579
946 617
946 644
946 645
946 646
946 690
946 696
946 721
946 838
946 839
946 848
946 855
946 884
946 933
946 943
946 977
946 980
946 990
990 36
990 80
990 84
990 121
990 183
990 194
990 205
990 332
990 340
990 356
990 359
990 362
990 405
990 456
990 497
990 501
990 516
990 518
990 526
990 538
990 567
990 579
990 602
990 644
990 646
990 660
990 690
990 701
990 704
990 718
990 719
990 721
990 736
990 814
990 838
990 855
990 884
990 922
990 942
990 970
990 983
990 995
990 998
3 165
3 300
3 349
3 480
3 508
3 554
3 895
165 182
165 204
165 564
165 671
165 701
165 864
165 913
300 90
300 140
300 486
300 619
300 675
300 712
300 736
300 895
349 368
349 663
349 706
349 783
349 904
349 923
349 935
349 957
480 210
480 234
480 356
480 433
480 612
480 690
480 884
480 942
480 947
508 140
508 188
508 431
508 486
508 675
508 691
508 781
508 804
508 825
508 864
508 895
554 95
554 276
554 502
554 542
554 693
554 768
554 800
554 863
554 881
554 938
554 942
554 988
895 94
895 129
895 152
895 182
895 192
895 202
895 275
895 334
895 431
895 461
895 486
895 505
895 515
895 564
895 619
895 675
895 701
895 703
895 808
895 864
895 898
895 912
895 961
895 965
895 979
895 981
4 525
4 651
4 716
4 901
4 914
4 966
4 985
525 43
525 493
525 567
525 576
525 679
525 720
525 914
525 924
525 929
525 952
525 974
525 981
651 42
651 346
651 396
651 527
651 540
651 664
651 688
651 720
651 921
651 929
651 943
651 949
651 974
651 981
651 985
716 278
716 388
716 528
716 662
716 690
716 734
716 754
716 761
716 848
716 849
716 857
716 892
716 927
716 937
716 959
716 964
716 973
901 93
901 252
901 314
901 319
901 377
901 385
901 398
901 434
901 444
901 469
901 512
901 549
901 629
901 639
901 652
901 739
901 760
901 792
901 812
901 866
901 914
901 921
901 924
901 929
901 952
901 957
901 968
901 970
901 981
901 985
914 75
914 207
914 247
914 274
914 302
914 319
914 377
914 399
914 404
914 470
914 527
914 534
914 610
914 629
914 689
914 697
914 792
914 876
914 921
914 924
914 929
914 936
914 952
914 967
914 974
914 981
914 985
914 998
966 14
966 41
966 75
966 92
966 104
966 109
966 158
966 365
966 435
966 454
966 463
966 481
966 513
966 607
966 614
966 618
966 637
966 653
966 666
966 667
966 668
966 681
966 706
966 710
966 732
966 738
966 769
966 789
966 827
966 882
966 925
966 933
966 956
966 957
966 968
985 42
985 86
985 100
985 164
985 172
985 207
985 226
985 319
985 377
985 386
985 396
985 402
985 469
985 470
985 509
985 527
985 620
985 629
985 652
985 709
985 792
985 807
985 812
985 817
985 848
985 856
985 857
985 894
985 910
985 916
985 921
985 924
985 929
985 951
985 952
985 965
985 974
985 981
985 984
985 993
985 995
5 66
5 467
5 683
5 684
5 880
5 979
5 982
66 459
66 592
66 788
66 852
66 940
66 960
467 363
467 426
467 452
467 536
467 704
467 706
467 859
467 902
467 994
467 997
683 60
683 68
683 216
683 334
683 548
683 612
683 648
683 735
683 770
683 835
683 851
683 880
683 928
683 962
683 979
683 982
684 47
684 78
684 420
684 455
684 460
684 529
684 570
684 577
684 621
684 657
684 668
684 761
684 849
684 907
684 978
684 987
880 109
880 139
880 157
880 170
880 177
880 203
880 271
880 517
880 529
880 539
880 560
880 564
880 601
880 648
880 650
880 687
880 714
880 735
880 770
880 791
880 856
880 870
880 894
880 912
880 928
880 979
880 982
979 31
979 85
979 86
979 136
979 170
979 173
979 177
979 211
979 251
979 271
979 347
979 424
979 479
979 485
979 539
979 555
979 560
979 564
979 577
979 578
979 648
979 650
979 662
979 672
979 770
979 791
979 803
979 816
979 823
979 826
979 839
979 847
979 865
979 870
979 907
979 919
979 928
979 945
979 982
982 10
982 31
982 47
982 68
982 85
982 110
982 157
982 170
982 173
982 179
982 271
982 347
982 424
982 451
982 485
982 517
982 526
982 539
982 560
982 577
982 578
982 594
982 648
982 650
982 659
982 693
982 735
982 769
982 770
982 791
982 801
982 833
982 835
982 844
982 865
982 870
982 921
982 928
982 938
982 973
982 988
6 258
6 427
6 521
6 775
6 796
6 813
6 984
258 490
258 645
258 854
258 875
258 948
258 971
258 991
258 995
427 41
427 115
427 189
427 379
427 516
427 605
427 608
427 688
427 826
427 925
521 64
521 273
521 361
521 399
521 426
521 595
521 610
521 618
521 907
521 945
775 135
775 241
775 318
775 395
775 438
775 495
775 496
775 500
775 510
775 515
775 534
775 546
775 551
775 596
775 602
775 636
775 676
775 907
775 980
775 998
796 221
796 228
796 255
796 384
796 447
796 474
796 583
796 589
796 595
796 620
796 676
796 711
796 718
796 770
796 804
796 907
796 937
796 948
796 984
796 998
813 49
813 163
813 293
813 343
813 395
813 426
813 473
813 510
813 551
813 567
813 636
813 647
813 664
813 804
813 810
813 913
813 923
813 927
813 935
813 980
813 984
813 998
984 43
984 49
984 246
984 255
984 261
984 264
984 293
984 384
984 395
984 414
984 426
984 447
984 466
984 473
984 505
984 545
984 602
984 610
984 634
984 636
984 647
984 676
984 691
984 712
984 756
984 815
984 829
984 835
984 862
984 874
984 907
984 912
984 931
984 955
984 962
984 980
984 995
984 996
984 998
7 318
7 474
7 544
7 800
7 989
7 996
318 399
318 596
318 619
318 676
318 903
318 998
474 111
474 678
474 823
474 827
474 894
474 900
474 905
474 972
474 989
474 996
544 27
544 53
544 146
544 196
544 704
544 706
544 782
544 904
544 911
544 991
544 994
544 997
800 31
800 171
800 259
800 362
800 392
800 574
800 687
800 805
800 806
800 827
800 837
800 894
800 900
800 905
800 928
800 972
800 989
800 996
989 17
989 28
989 39
989 42
989 51
989 62
989 86
989 136
989 137
989 171
989 209
989 237
989 240
989 260
989 362
989 368
989 372
989 385
989 413
989 457
989 462
989 574
989 614
989 632
989 648
989 687
989 688
989 714
989 730
989 793
989 805
989 808
989 818
989 837
989 878
989 893
989 894
989 900
989 905
989 961
989 965
989 972
989 991
989 994
989 996
996 13
996 17
996 28
996 39
996 51
996 53
996 136
996 171
996 207
996 240
996 260
996 299
996 335
996 362
996 368
996 385
996 392
996 413
996 519
996 559
996 565
996 632
996 646
996 687
996 706
996 714
996 793
996 805
996 811
996 837
996 839
996 860
996 869
996 893
996 894
996 898
996 900
996 905
996 926
996 935
996 960
996 972
996 975
8 56
8 278
8 630
8 712
8 778
8 845
8 976
56 617
56 708
56 949
56 967
56 976
278 380
278 761
278 816
278 927
278 937
278 959
278 973
630 504
630 650
630 670
630 708
630 754
630 771
630 778
630 779
630 872
630 915
630 939
630 967
630 976
712 114
712 286
712 387
712 657
712 663
712 779
712 795
712 827
712 844
712 851
712 869
712 872
712 967
712 976
712 991
778 64
778 223
778 431
778 598
778 647
778 682
778 699
778 708
778 726
778 779
778 795
778 807
778 850
778 851
778 872
778 892
778 947
778 967
778 976
845 113
845 125
845 265
845 298
845 313
845 440
845 452
845 483
845 519
845 528
845 585
845 634
845 727
845 737
845 742
845 773
845 841
845 890
845 907
845 913
845 915
845 935
845 953
845 973
976 12
976 27
976 64
976 89
976 216
976 222
976 230
976 233
976 247
976 286
976 289
976 350
976 440
976 462
976 597
976 603
976 637
976 657
976 659
976 682
976 699
976 771
976 779
976 795
976 825
976 833
976 834
976 850
976 851
976 858
976 862
976 869
976 909
976 962
976 967
9 653
9 666
9 677
9 694
9 858
9 963
9 991
653 452
653 600
653 671
653 707
653 710
653 715
653 732
653 882
653 899
653 957
653 968
666 275
666 612
666 673
666 740
666 751
666 819
666 833
666 848
666 886
666 921
666 932
666 963
666 986
666 991
677 237
677 276
677 391
677 590
677 708
677 741
677 757
677 786
677 848
677 886
677 923
677 931
677 932
677 963
677 986
677 987
694 214
694 425
694 486
694 675
694 741
694 758
694 786
694 818
694 833
694 854
694 925
694 926
694 931
694 932
694 986
694 991
858 30
858 39
858 126
858 262
858 502
858 519
858 528
858 580
858 582
858 585
858 603
858 634
858 671
858 723
858 736
858 742
858 753
858 773
858 830
858 841
858 926
858 939
858 950
858 953
858 983
963 23
963 42
963 101
963 135
963 178
963 312
963 408
963 425
963 565
963 590
963 623
963 637
963 643
963 680
963 736
963 746
963 758
963 784
963 786
963 797
963 833
963 848
963 850
963 877
963 886
963 892
963 931
963 932
963 951
963 960
963 970
963 971
963 973
963 981
963 986
963 991
991 23
991 90
991 105
991 135
991 178
991 195
991 259
991 408
991 425
991 447
991 514
991 562
991 565
991 577
991 590
991 599
991 638
991 643
991 662
991 673
991 680
991 692
991 741
991 784
991 786
991 819
991 833
991 842
991 843
991 853
991 886
991 891
991 905
991 917
991 920
991 927
991 931
991 932
991 986
10 196
10 363
10 751
10 994
10 997
10 998
196 204
196 498
196 782
196 864
196 904
196 994
363 44
363 146
363 356
363 360
363 776
363 911
363 960
751 129
751 269
751 302
751 498
751 504
751 587
751 591
751 692
751 748
751 752
751 809
751 829
751 841
751 846
751 865
751 877
751 899
751 933
994 53
994 58
994 71
994 81
994 114
994 117
994 146
994 168
994 204
994 236
994 280
994 294
994 305
994 356
994 364
994 448
994 465
994 571
994 576
994 620
994 654
994 707
994 715
994 722
994 727
994 737
994 753
994 771
994 774
994 783
994 809
994 857
994 859
994 873
994 884
994 888
994 891
994 904
994 923
994 930
994 935
994 941
994 997
997 20
997 25
997 44
997 61
997 114
997 146
997 151
997 204
997 236
997 290
997 356
997 392
997 407
997 426
997 448
997 493
997 513
997 514
997 535
997 536
997 620
997 638
997 647
997 650
997 689
997 691
997 706
997 722
997 755
997 783
997 803
997 809
997 859
997 866
997 873
997 888
997 899
997 904
997 913
997 926
997 930
997 932
997 935
997 998
998 45
998 58
998 65
998 141
998 221
998 228
998 246
998 264
998 293
998 295
998 384
998 395
998 399
998 414
998 426
998 438
998 447
998 459
998 466
998 495
998 501
998 503
998 510
998 512
998 548
998 561
998 595
998 596
998 636
998 776
998 798
998 804
998 907
998 938
998 951
998 974
998 980
11 328
11 383
11 417
11 528
11 733
11 818
11 956
328 222
328 657
328 659
328 688
328 851
328 869
328 986
383 25
383 186
383 409
383 745
383 818
383 910
383 941
383 952
383 956
417 541
417 566
417 586
417 649
417 681
417 731
417 755
417 793
417 856
417 916
528 123
528 325
528 402
528 580
528 727
528 804
528 841
528 847
528 983
733 94
733 292
733 430
733 450
733 520
733 598
733 613
733 634
733 745
733 763
733 818
733 839
733 894
733 920
733 931
733 941
733 956
733 974
818 176
818 219
818 409
818 430
818 520
818 526
818 535
818 593
818 678
818 682
818 745
818 753
818 763
818 808
818 910
818 921
818 956
818 995
956 121
956 153
956 162
956 176
956 183
956 191
956 201
956 211
956 273
956 292
956 409
956 430
956 444
956 447
956 450
956 468
956 486
956 548
956 593
956 598
956 604
956 615
956 633
956 648
956 678
956 745
956 746
956 763
956 781
956 859
956 875
956 910
956 922
12 188
12 529
12 582
12 850
12 872
12 967
188 357
188 413
188 825
188 839
188 874
188 970
529 509
529 516
529 588
529 617
529 776
529 868
529 960
529 978
529 987
582 69
582 174
582 221
582 440
582 543
582 685
582 737
582 742
582 857
582 879
582 953
582 983
850 64
850 339
850 579
850 603
850 657
850 659
850 699
850 708
850 726
850 771
850 777
850 835
850 842
850 851
850 859
850 864
850 869
850 872
850 896
850 943
850 967
872 34
872 121
872 222
872 233
872 251
872 299
872 312
872 387
872 416
872 603
872 637
872 657
872 659
872 771
872 779
872 795
872 869
872 941
872 950
872 967
872 970
872 973
967 64
967 83
967 123
967 156
967 222
967 289
967 350
967 370
967 389
967 429
967 452
967 504
967 560
967 563
967 657
967 699
967 708
967 726
967 771
967 773
967 779
967 795
967 803
967 851
967 861
967 869
967 906
967 993
13 28
13 36
13 581
13 893
13 894
13 898
28 268
28 465
28 862
28 972
36 143
36 340
36 443
36 942
581 419
581 565
581 740
581 757
581 824
581 852
581 863
581 865
581 879
581 896
581 903
581 920
581 960
893 31
893 39
893 51
893 220
893 260
893 272
893 350
893 385
893 413
893 437
893 457
893 574
893 687
893 714
893 770
893 793
893 799
893 805
893 821
893 837
893 860
893 882
893 894
893 896
893 900
893 905
893 972
894 240
894 307
894 372
894 392
894 506
894 553
894 632
894 687
894 714
894 793
894 805
894 812
894 837
894 856
894 900
894 904
894 905
894 919
894 968
894 972
894 995
898 110
898 118
898 169
898 257
898 277
898 330
898 364
898 412
898 482
898 485
898 644
898 739
898 760
898 768
898 797
898 802
898 815
898 823
898 824
898 854
898 861
898 875
898 945
898 947
898 948
898 971
898 995
14 810
14 957
14 968
14 969
810 52
810 124
810 156
810 173
810 193
810 299
810 335
810 344
810 361
810 507
810 557
810 575
810 670
810 711
810 758
810 811
810 821
810 848
810 863
810 934
957 104
957 109
957 115
957 215
957 301
957 435
957 449
957 463
957 481
957 503
957 513
957 594
957 600
957 607
957 618
957 619
957 663
957 667
957 748
957 781
957 789
957 831
957 847
957 867
957 882
957 955
957 968
957 973
957 983
968 21
968 57
968 82
968 92
968 95
968 115
968 179
968 287
968 366
968 435
968 449
968 481
968 600
968 607
968 616
968 618
968 642
968 652
968 665
968 667
968 678
968 710
968 732
968 769
968 789
968 831
968 862
968 874
968 980
968 987
969 29
969 35
969 63
969 88
969 108
969 149
969 160
969 189
969 197
969 221
969 245
969 285
969 315
969 332
969 401
969 408
969 423
969 444
969 451
969 468
969 476
969 534
969 535
969 557
969 561
969 593
969 748
969 782
969 805
969 809
969 825
969 839
969 874
969 890
969 917
969 947
969 970
969 972
969 973
15 65
15 255
15 635
15 688
15 907
15 960
15 980
65 68
65 384
65 735
65 792
65 980
255 194
255 264
255 610
255 668
255 776
255 980
635 103
635 107
635 679
635 717
635 729
635 787
635 828
635 902
635 943
635 948
635 949
635 961
635 980
688 242
688 271
688 371
688 500
688 501
688 511
688 589
688 605
688 608
688 670
688 814
688 826
907 17
907 120
907 141
907 261
907 273
907 414
907 447
907 491
907 510
907 512
907 595
907 685
907 738
907 753
907 766
907 936
907 959
907 972
907 980
907 987
960 29
960 71
960 142
960 147
960 206
960 261
960 305
960 348
960 410
960 459
960 517
960 569
960 612
960 634
960 638
960 656
960 698
960 718
960 720
960 740
960 757
960 788
960 840
960 852
960 863
960 877
960 879
960 903
960 916
960 940
960 954
960 973
980 49
980 67
980 141
980 228
980 246
980 261
980 359
980 433
980 447
980 466
980 473
980 510
980 512
980 551
980 587
980 624
980 636
980 647
980 654
980 676
980 685
980 703
980 746
980 756
980 804
980 838
980 857
980 886
980 978
16 533
16 731
16 740
16 879
16 903
16 940
16 949
533 111
533 421
533 487
533 527
533 645
533 746
533 747
533 799
533 834
533 855
533 939
533 945
731 113
731 139
731 145
731 297
731 308
731 326
731 387
731 418
731 541
731 566
731 586
731 649
731 705
731 721
731 738
731 755
731 815
740 98
740 509
740 594
740 602
740 612
740 654
740 698
740 757
740 774
740 786
740 824
740 863
740 879
740 903
740 920
740 977
879 98
879 142
879 184
879 206
879 305
879 365
879 425
879 563
879 594
879 612
879 650
879 656
879 679
879 682
879 745
879 757
879 824
879 848
879 857
879 863
879 903
879 916
879 938
879 940
903 71
903 206
903 305
903 365
903 459
903 517
903 591
903 638
903 656
903 695
903 707
903 710
903 721
903 723
903 757
903 788
903 824
903 832
903 852
903 881
903 899
903 916
903 940
903 972
903 987
940 185
940 206
940 216
940 305
940 309
940 348
940 356
940 402
940 410
940 517
940 526
940 574
940 587
940 594
940 612
940 638
940 643
940 698
940 719
940 757
940 809
940 824
940 843
940 852
940 863
940 877
940 916
940 931
940 977
949 19
949 73
949 112
949 167
949 175
949 209
949 268
949 320
949 333
949 342
949 405
949 432
949 453
949 485
949 601
949 622
949 631
949 640
949 675
949 719
949 739
949 747
949 758
949 860
949 862
949 866
949 882
949 891
949 912
949 945
949 965
949 971
17 355
17 714
17 904
17 972
355 242
355 379
355 511
355 557
355 608
355 773
355 812
355 814
355 826
714 289
714 414
714 574
714 575
714 774
714 790
714 805
714 837
714 900
714 905
714 972
714 987
904 25
904 76
904 122
904 129
904 331
904 391
904 493
904 524
904 536
904 576
904 665
904 671
904 704
904 705
904 757
904 803
904 849
904 859
904 916
904 923
904 930
904 935
904 954
972 33
972 51
972 136
972 153
972 171
972 260
972 333
972 342
972 368
972 372
972 385
972 392
972 413
972 441
972 574
972 632
972 665
972 687
972 777
972 793
972 805
972 837
972 856
972 905
972 934
972 935
972 953
972 988
18 74
18 642
18 832
18 923
18 941
18 954
74 87
74 261
74 267
74 941
74 954
74 981
642 91
642 127
642 378
642 606
642 623
642 787
642 794
642 807
642 828
642 831
642 843
642 877
642 970
832 214
832 373
832 414
832 420
832 422
832 655
832 707
832 742
832 749
832 827
832 853
832 856
832 867
832 876
832 884
832 910
832 918
832 925
832 936
832 950
832 974
832 993
923 46
923 76
923 114
923 146
923 168
923 180
923 254
923 334
923 360
923 448
923 468
923 491
923 493
923 536
923 614
923 622
923 663
923 665
923 722
923 746
923 803
923 809
923 849
923 859
923 888
923 935
941 32
941 34
941 128
941 158
941 163
941 220
941 266
941 267
941 311
941 374
941 456
941 484
941 496
941 571
941 615
941 662
941 718
941 719
941 725
941 745
941 766
941 790
941 808
941 867
941 870
941 873
941 888
941 954
954 32
954 62
954 128
954 134
954 140
954 158
954 163
954 220
954 224
954 266
954 267
954 311
954 315
954 390
954 476
954 484
954 496
954 514
954 522
954 571
954 576
954 662
954 718
954 725
954 762
954 766
954 774
954 803
954 808
954 829
954 854
19 747
19 816
19 881
19 891
19 965
747 52
747 200
747 286
747 325
747 453
747 572
747 622
747 625
747 648
747 780
747 795
747 862
747 866
747 891
747 945
747 965
747 986
816 99
816 133
816 146
816 193
816 200
816 269
816 302
816 472
816 498
816 579
816 580
816 587
816 748
816 752
816 755
816 829
816 846
816 899
816 933
816 937
881 160
881 198
881 230
881 276
881 295
881 329
881 411
881 415
881 498
881 523
881 542
881 669
881 679
881 693
881 695
881 759
881 765
881 798
881 861
881 917
881 930
881 938
881 950
881 962
881 965
881 988
891 73
891 101
891 180
891 227
891 239
891 251
891 269
891 298
891 310
891 405
891 446
891 453
891 489
891 601
891 671
891 674
891 780
891 817
891 851
891 853
891 866
891 892
891 931
891 945
891 955
965 61
965 73
965 112
965 158
965 166
965 167
965 180
965 209
965 239
965 253
965 283
965 310
965 325
965 337
965 382
965 432
965 491
965 504
965 531
965 572
965 601
965 640
965 674
965 769
965 783
965 826
965 847
965 848
965 853
965 866
965 926
965 945
20 24
20 617
20 693
20 917
20 955
20 978
24 217
24 506
24 570
24 730
24 754
24 988
617 27
617 150
617 160
617 329
617 515
617 768
617 877
617 878
617 896
617 929
617 988
693 354
693 400
693 415
693 454
693 706
693 759
693 765
693 768
693 855
693 917
693 975
693 988
917 27
917 75
917 150
917 246
917 306
917 325
917 454
917 491
917 538
917 543
917 592
917 624
917 668
917 730
917 759
917 765
917 785
917 798
917 801
917 878
917 896
917 930
917 938
917 986
917 987
917 988
955 91
955 128
955 250
955 279
955 324
955 393
955 406
955 463
955 478
955 532
955 537
955 583
955 584
955 599
955 611
955 658
955 664
955 711
955 728
955 741
955 762
955 766
955 772
955 774
955 806
955 875
955 876
955 877
955 899
955 911
955 938
955 951
955 975
955 977
978 47
978 78
978 99
978 161
978 162
978 223
978 288
978 310
978 389
978 436
978 455
978 502
978 503
978 506
978 509
978 546
978 552
978 558
978 573
978 588
978 621
978 639
978 668
978 690
978 701
978 711
978 728
978 734
978 776
978 789
978 840
978 868
978 900
978 933
978 950
978 962
978 973
978 987
978 988
21 527
21 727
21 792
21 929
21 974
21 981
527 55
527 100
527 498
527 857
527 922
527 924
527 974
527 987
727 102
727 267
727 304
727 308
727 323
727 394
727 580
727 637
727 700
727 737
727 915
727 920
727 953
727 983
727 993
792 223
792 227
792 314
792 381
792 391
792 470
792 629
792 715
792 812
792 826
792 840
792 857
792 886
792 921
792 924
792 929
792 952
929 86
929 91
929 170
929 194
929 252
929 351
929 377
929 398
929 404
929 555
929 606
929 611
929 652
929 669
929 676
929 697
929 709
929 710
929 720
929 812
929 857
929 921
929 924
929 964
929 981
974 38
974 42
974 43
974 122
974 138
974 164
974 314
974 319
974 396
974 398
974 404
974 531
974 652
974 660
974 697
974 709
974 726
974 755
974 785
974 790
974 812
974 857
974 910
974 913
974 921
974 924
974 948
974 952
974 975
974 981
974 993
981 43
981 77
981 86
981 137
981 138
981 226
981 232
981 247
981 252
981 295
981 314
981 315
981 353
981 377
981 398
981 404
981 489
981 531
981 697
981 709
981 745
981 768
981 812
981 833
981 839
981 846
981 851
981 857
981 868
981 921
981 924
981 933
981 952
22 440
22 736
22 753
22 770
22 836
22 854
22 971
440 442
440 599
440 841
440 864
440 920
440 924
440 983
736 59
736 69
736 348
736 482
736 483
736 519
736 585
736 773
736 836
736 853
736 920
736 951
736 973
736 983
753 68
753 126
753 143
753 319
753 394
753 452
753 475
753 671
753 672
753 777
753 830
753 841
753 920
753 952
753 964
770 68
770 157
770 158
770 415
770 424
770 577
770 578
770 674
770 735
770 835
770 862
770 870
770 911
770 975
836 265
836 304
836 442
836 483
836 523
836 543
836 591
836 671
836 672
836 690
836 730
836 742
836 777
836 814
836 830
836 834
836 841
836 860
836 875
836 920
836 921
836 953
854 330
854 376
854 438
854 458
854 482
854 604
854 732
854 739
854 760
854 781
854 789
854 823
854 861
854 875
854 922
854 927
854 947
854 948
854 971
854 993
854 995
971 37
971 118
971 154
971 159
971 169
971 231
971 238
971 248
971 257
971 277
971 343
971 366
971 412
971 465
971 478
971 482
971 548
971 604
971 698
971 722
971 739
971 760
971 802
971 806
971 846
971 861
971 875
971 919
971 933
971 939
971 947
971 948
971 975
971 995
23 203
23 599
23 692
23 930
23 932
203 257
203 835
203 865
203 928
599 324
599 522
599 561
599 584
599 658
599 664
599 673
599 686
599 728
599 729
692 172
692 562
692 610
692 631
692 741
692 768
692 797
692 821
692 843
692 931
692 932
692 986
930 25
930 58
930 117
930 280
930 290
930 352
930 493
930 512
930 514
930 558
930 562
930 576
930 605
930 620
930 631
930 663
930 665
930 689
930 715
930 728
930 739
930 783
930 803
930 859
930 888
930 906
930 945
932 58
932 111
932 131
932 185
932 201
932 230
932 364
932 378
932 379
932 405
932 408
932 416
932 425
932 565
932 680
932 758
932 784
932 786
932 828
932 833
932 843
932 848
932 856
932 886
932 951
932 986
217 313
217 442
217 606
217 646
217 933
217 938
217 988
506 303
506 352
506 367
506 532
506 552
506 661
506 776
506 860
506 987
570 307
570 312
570 377
570 460
570 503
570 639
570 668
570 776
570 849
570 870
570 906
570 987
730 142
730 411
730 415
730 491
730 502
730 660
730 675
730 759
730 785
730 798
730 807
730 874
730 878
730 896
730 988
754 86
754 94
754 199
754 234
754 547
754 575
754 686
754 734
754 738
754 761
754 849
754 927
754 937
754 959
754 964
754 973
988 75
988 198
988 294
988 313
988 403
988 411
988 415
988 432
988 436
988 454
988 475
988 479
988 569
988 588
988 592
988 618
988 624
988 669
988 695
988 732
988 746
988 759
988 764
988 773
988 785
988 801
988 805
988 852
988 863
988 866
988 878
988 896
988 924
988 938
988 987
25 783
25 906
25 977
783 114
783 236
783 254
783 360
783 389
783 487
783 524
783 545
783 663
783 704
783 884
783 934
783 935
783 936
906 54
906 55
906 70
906 79
906 113
906 139
906 151
906 207
906 297
906 326
906 351
906 369
906 418
906 489
906 541
906 566
906 578
906 586
906 595
906 649
906 681
906 755
906 761
906 815
906 821
906 964
977 41
977 103
977 138
977 139
977 145
977 268
977 281
977 321
977 329
977 386
977 393
977 397
977 406
977 439
977 448
977 458
977 488
977 505
977 522
977 531
977 532
977 584
977 658
977 664
977 686
977 719
977 722
977 728
977 762
977 814
977 873
977 876
977 911
977 913
977 918
977 926
977 934
977 951
26 150
26 256
26 927
26 937
26 959
26 964
26 973
150 354
150 400
150 491
150 759
150 828
256 77
256 361
256 369
256 494
256 702
256 919
256 934
927 119
927 130
927 190
927 250
927 284
927 356
927 375
927 388
927 540
927 547
927 639
927 689
927 734
927 738
927 745
927 761
927 777
927 842
927 849
927 855
927 921
927 936
927 937
927 959
927 964
927 973
937 33
937 96
937 130
937 147
937 190
937 218
937 284
937 301
937 388
937 499
937 536
937 540
937 547
937 556
937 637
937 658
937 708
937 734
937 738
937 749
937 761
937 846
937 849
937 921
937 959
937 964
937 973
959 33
959 82
959 130
959 147
959 199
959 218
959 284
959 285
959 375
959 388
959 394
959 459
959 490
959 540
959 542
959 547
959 568
959 597
959 609
959 698
959 734
959 738
959 761
959 821
959 849
959 910
959 925
959 964
959 970
959 973
959 987
964 33
964 82
964 118
964 119
964 130
964 147
964 176
964 190
964 199
964 218
964 284
964 375
964 388
964 413
964 540
964 547
964 558
964 713
964 725
964 734
964 737
964 738
964 761
964 802
964 809
964 849
964 856
964 868
964 948
964 973
973 33
973 82
973 119
973 130
973 147
973 175
973 190
973 199
973 218
973 284
973 319
973 332
973 352
973 375
973 387
973 388
973 540
973 547
973 611
973 680
973 734
973 738
973 761
973 849
27 798
27 801
27 993
798 249
798 294
798 403
798 436
798 454
798 460
798 569
798 611
798 616
798 661
798 669
798 758
798 765
798 768
798 902
798 916
798 938
801 75
801 134
801 230
801 337
801 491
801 556
801 569
801 578
801 585
801 592
801 624
801 765
801 785
801 795
801 852
801 867
801 874
801 878
993 90
993 120
993 127
993 179
993 214
993 317
993 332
993 341
993 354
993 373
993 403
993 419
993 420
993 437
993 446
993 543
993 545
993 553
993 563
993 568
993 609
993 626
993 655
993 667
993 690
993 705
993 707
993 717
993 749
993 774
993 806
993 827
993 830
993 844
993 856
993 886
993 913
993 918
993 925
993 936
993 950
268 322
268 556
268 645
268 674
268 719
268 975
465 229
465 376
465 604
465 808
465 823
465 865
465 918
465 995
862 166
862 175
862 227
862 253
862 289
862 298
862 346
862 572
862 601
862 631
862 640
862 662
862 674
862 717
862 780
862 853
862 860
862 892
862 961
862 987
29 418
29 468
29 479
29 825
29 970
418 94
418 139
418 147
418 586
418 815
418 821
418 876
418 950
468 615
468 633
468 682
468 745
468 763
468 781
468 890
479 353
479 472
479 535
479 616
479 661
479 767
479 825
479 970
479 986
825 275
825 332
825 335
825 353
825 476
825 495
825 500
825 552
825 561
825 575
825 597
825 616
825 668
825 767
825 851
825 874
825 878
825 890
970 35
970 63
970 88
970 108
970 138
970 149
970 189
970 264
970 275
970 285
970 332
970 357
970 361
970 423
970 451
970 476
970 534
970 535
970 597
970 616
970 623
970 767
970 772
970 839
970 874
970 884
970 890
970 920
970 928
970 953
30 249
30 378
30 576
30 807
30 877
30 943
249 64
249 186
249 320
249 534
249 550
249 606
249 750
378 212
378 542
378 596
378 756
378 807
378 819
378 822
576 265
576 524
576 663
576 665
576 687
576 704
576 859
576 888
807 91
807 219
807 308
807 366
807 416
807 496
807 606
807 654
807 725
807 750
807 784
807 794
807 842
807 856
807 877
807 987
877 72
877 91
877 219
877 232
877 416
877 428
877 445
877 638
877 717
877 743
877 750
877 755
877 794
877 819
877 822
877 828
877 829
877 842
877 947
943 40
943 57
943 87
943 103
943 107
943 116
943 148
943 174
943 238
943 274
943 323
943 333
943 371
943 422
943 503
943 541
943 660
943 674
943 679
943 717
943 723
943 729
943 790
943 819
943 840
943 902
943 912
943 961
943 987
31 33
31 650
31 928
33 610
650 87
650 211
650 326
650 539
650 788
650 843
650 865
650 870
650 928
928 68
928 102
928 157
928 170
928 173
928 195
928 202
928 208
928 367
928 485
928 560
928 577
928 676
928 689
928 717
928 735
928 766
928 791
928 835
928 865
928 870
928 909
928 921
928 961
32 718
32 721
32 808
32 811
32 819
718 62
718 148
718 224
718 267
718 307
718 390
718 446
718 484
718 496
718 571
718 709
718 808
721 323
721 371
721 477
721 526
721 567
721 646
721 695
721 785
721 855
721 884
721 922
721 942
808 128
808 158
808 163
808 266
808 340
808 390
808 496
808 571
808 591
808 632
808 662
808 725
808 815
811 50
811 241
811 244
811 270
811 306
811 336
811 369
811 451
811 507
811 557
811 575
811 702
811 711
811 802
811 803
811 865
811 919
811 947
811 995
819 132
819 142
819 186
819 428
819 436
819 445
819 597
819 606
819 623
819 654
819 676
819 750
819 787
819 812
819 822
819 828
819 842
610 192
610 602
610 627
610 676
610 756
610 804
34 214
34 484
34 662
34 725
214 407
214 844
214 925
484 376
484 609
484 662
484 674
484 676
484 757
484 766
662 266
662 311
662 390
662 766
662 852
662 952
725 88
725 128
725 158
725 220
725 224
725 267
725 311
725 524
725 760
725 766
725 780
725 986
35 100
35 281
35 646
35 839
35 890
100 191
100 252
100 470
100 673
281 144
281 282
281 556
281 737
281 913
281 951
281 975
646 183
646 429
646 499
646 538
646 607
646 644
646 690
646 695
646 823
839 149
839 245
839 275
839 362
839 534
839 561
839 597
839 616
839 667
839 767
839 804
839 874
839 890
839 902
890 108
890 149
890 197
890 275
890 285
890 315
890 336
890 353
890 423
890 446
890 472
890 495
890 534
890 597
890 679
890 709
890 738
890 767
890 865
890 874
890 882
890 986
890 995
143 302
143 326
143 566
143 681
143 755
143 821
340 48
340 276
340 495
340 838
340 855
443 538
443 639
443 661
443 672
443 776
443 840
443 868
443 952
443 962
443 987
942 61
942 72
942 121
942 130
942 183
942 274
942 279
942 346
942 391
942 429
942 456
942 477
942 482
942 526
942 538
942 567
942 579
942 586
942 690
942 696
942 704
942 773
942 815
942 823
942 884
942 886
942 922
942 939
37 400
37 647
37 678
37 875
37 948
37 995
400 436
400 470
400 473
400 489
400 515
400 555
400 896
647 221
647 253
647 322
647 414
647 438
647 596
647 602
647 640
647 685
678 153
678 243
678 286
678 444
678 450
678 593
678 598
678 682
678 763
678 826
678 886
678 910
875 155
875 245
875 343
875 466
875 482
875 510
875 579
875 673
875 739
875 760
875 802
875 823
875 861
875 876
875 905
875 945
875 947
875 948
875 986
875 995
948 108
948 154
948 155
948 159
948 225
948 248
948 257
948 277
948 412
948 419
948 482
948 548
948 562
948 618
948 621
948 739
948 760
948 763
948 781
948 802
948 812
948 823
948 861
948 947
948 983
948 995
995 118
995 154
995 155
995 159
995 169
995 225
995 248
995 257
995 277
995 330
995 343
995 376
995 395
995 412
995 434
995 482
995 520
995 548
995 604
995 659
995 685
995 726
995 739
995 756
995 760
995 776
995 802
995 823
995 861
995 912
995 922
995 947
995 951
38 197
38 838
38 873
38 922
197 80
197 88
197 401
197 552
197 844
838 93
838 106
838 218
838 518
838 538
838 567
838 579
838 605
838 644
838 670
838 766
838 795
838 855
838 884
838 922
838 935
873 215
873 279
873 321
873 458
873 463
873 477
873 537
873 543
873 649
873 658
873 664
873 719
873 762
873 772
873 774
873 784
873 789
873 790
873 876
873 911
873 913
873 926
873 951
922 131
922 183
922 204
922 425
922 429
922 433
922 456
922 477
922 483
922 497
922 499
922 501
922 518
922 526
922 549
922 567
922 614
922 696
922 752
922 855
922 884
922 905
922 951
39 316
39 701
39 900
316 415
316 421
316 645
316 782
316 817
316 834
316 902
316 909
701 129
701 207
701 243
701 346
701 387
701 431
701 461
701 505
701 564
701 619
701 703
701 726
701 864
900 132
900 136
900 171
900 246
900 260
900 330
900 362
900 490
900 566
900 632
900 671
900 687
900 765
900 793
900 805
900 826
900 837
900 905
900 911
900 938
900 961
40 148
40 449
40 536
40 902
40 912
40 961
148 477
148 823
148 902
148 912
148 961
449 331
449 769
449 773
449 791
449 831
536 280
536 297
536 689
536 706
536 749
536 882
536 888
902 103
902 116
902 121
902 174
902 208
902 238
902 274
902 301
902 458
902 589
902 657
902 660
902 679
902 723
902 729
902 759
902 790
902 851
902 911
902 912
902 961
912 77
912 85
912 107
912 174
912 213
912 238
912 274
912 301
912 445
912 469
912 532
912 660
912 679
912 717
912 723
912 729
912 762
912 790
912 888
912 961
912 975
912 987
961 57
961 77
961 87
961 107
961 116
961 213
961 238
961 248
961 274
961 301
961 323
961 390
961 410
961 424
961 522
961 572
961 657
961 660
961 679
961 680
961 717
961 723
961 729
961 767
961 790
961 804
961 861
41 608
41 720
41 814
41 910
608 125
608 287
608 431
608 441
608 494
608 511
608 658
608 720
608 785
608 882
720 304
720 307
720 331
720 339
720 379
720 441
720 494
720 605
720 670
720 706
720 814
720 826
720 868
814 125
814 231
814 242
814 307
814 371
814 379
814 494
814 500
814 584
814 594
814 605
814 670
814 709
814 826
814 867
910 80
910 94
910 152
910 153
910 191
910 382
910 409
910 430
910 444
910 450
910 520
910 593
910 598
910 615
910 633
910 673
910 682
910 745
910 757
910 781
910 915
42 194
42 226
194 205
194 429
194 433
226 135
226 545
226 697
226 924
43 298
43 812
43 882
298 166
298 398
298 674
298 860
298 945
812 175
812 456
812 469
812 542
812 629
812 697
812 705
812 709
812 794
812 857
812 921
812 952
882 89
882 95
882 109
882 117
882 303
882 463
882 481
882 513
882 732
882 761
882 769
882 789
882 797
882 831
882 846
44 543
44 547
44 620
44 803
44 952
543 69
543 98
543 102
543 272
543 737
543 743
543 915
547 413
547 498
547 738
547 764
547 835
547 953
620 81
620 210
620 360
620 411
620 455
620 722
620 779
620 888
620 935
803 58
803 112
803 117
803 291
803 470
803 556
803 663
803 704
803 706
803 722
803 864
803 888
803 935
952 137
952 141
952 164
952 247
952 288
952 342
952 379
952 396
952 398
952 469
952 472
952 531
952 535
952 551
952 629
952 652
952 697
952 709
952 791
952 857
952 888
952 915
952 921
952 924
45 492
45 746
45 799
45 834
45 939
492 434
492 469
492 612
492 700
492 934
746 93
746 552
746 627
746 645
746 691
746 713
746 782
746 817
746 822
746 834
746 909
746 939
799 71
799 234
799 301
799 327
799 368
799 381
799 421
799 464
799 487
799 645
799 664
799 764
799 774
799 782
799 817
799 830
799 909
799 939
834 63
834 111
834 163
834 210
834 371
834 381
834 421
834 487
834 627
834 656
834 691
834 698
834 752
834 764
834 817
834 846
834 909
834 939
939 111
939 210
939 261
939 291
939 309
939 327
939 381
939 421
939 487
939 627
939 645
939 685
939 691
939 696
939 741
939 752
939 756
939 764
939 782
939 789
939 817
939 824
939 861
939 863
939 909
46 434
46 829
434 114
434 247
434 951
829 133
829 242
829 308
829 462
829 488
829 498
829 504
829 550
829 587
829 613
829 748
829 752
829 785
829 846
829 876
829 899
829 924
829 933
47 200
47 580
47 962
47 987
200 462
200 566
200 752
200 899
200 933
580 172
580 304
580 604
580 734
580 784
580 830
580 915
580 920
580 983
962 52
962 78
962 110
962 123
962 142
962 161
962 223
962 277
962 288
962 367
962 374
962 389
962 431
962 455
962 460
962 503
962 509
962 546
962 552
962 558
962 588
962 621
962 668
962 681
962 791
962 840
962 841
962 868
962 911
962 915
962 920
987 78
987 84
987 110
987 136
987 179
987 262
987 303
987 312
987 331
987 338
987 367
987 374
987 389
987 460
987 470
987 509
987 546
987 558
987 568
987 573
987 621
987 639
987 661
987 668
987 699
987 776
987 840
48 210
48 435
48 502
48 592
48 624
48 878
210 764
210 817
210 909
435 419
435 583
435 607
435 709
435 822
502 160
502 270
502 471
502 539
502 592
502 878
502 896
592 290
592 331
592 411
592 412
592 415
592 538
592 780
592 878
624 138
624 411
624 424
624 489
624 491
624 507
624 541
624 828
624 896
624 938
878 264
878 295
878 403
878 420
878 471
878 489
878 515
878 569
878 601
878 695
878 765
878 843
878 859
878 874
878 916
878 934
878 936
878 938
878 953
49 201
49 384
49 767
49 827
201 176
201 559
201 629
201 633
201 781
384 159
384 190
384 198
384 264
384 786
767 184
767 189
767 305
767 315
767 332
767 353
767 495
767 535
767 597
767 604
767 699
767 828
767 874
827 141
827 233
827 294
827 341
827 380
827 419
827 563
827 626
827 706
827 749
827 843
827 844
827 856
827 866
827 925
827 936
827 950
50 63
50 67
50 292
50 589
50 711
50 919
63 535
63 616
63 667
67 120
67 466
67 595
67 756
67 916
292 593
292 664
292 742
292 745
292 781
292 925
589 124
589 299
589 336
589 501
589 507
589 711
589 864
589 868
589 919
589 934
711 156
711 267
711 335
711 336
711 507
711 557
711 568
711 761
711 852
711 919
711 934
919 52
919 156
919 181
919 193
919 241
919 244
919 270
919 299
919 335
919 336
919 344
919 361
919 369
919 461
919 575
919 578
919 601
919 643
919 764
919 768
919 772
919 828
919 837
919 934
51 805
51 909
51 920
805 313
805 368
805 376
805 392
805 494
805 593
805 837
805 853
805 905
909 93
909 97
909 228
909 309
909 381
909 421
909 487
909 541
909 627
909 645
909 681
909 691
909 739
909 764
909 782
909 817
909 835
909 841
909 888
909 947
920 381
920 394
920 402
920 452
920 475
920 500
920 585
920 634
920 671
920 672
920 708
920 729
920 742
920 765
920 773
920 841
920 847
920 896
920 915
920 983
52 335
52 663
52 934
335 557
335 794
335 934
335 950
663 364
663 612
663 784
663 809
663 859
663 869
663 886
934 124
934 241
934 244
934 299
934 306
934 336
934 344
934 361
934 369
934 457
934 460
934 489
934 507
934 557
934 575
934 702
934 707
934 763
934 771
934 786
934 925
53 151
53 578
53 675
53 704
151 263
151 514
151 665
151 859
151 950
578 211
578 251
578 409
578 648
578 791
578 865
578 870
675 152
675 192
675 486
675 505
675 564
675 623
675 679
675 681
675 703
675 864
704 126
704 236
704 357
704 398
704 524
704 669
704 722
704 849
704 935
54 416
54 445
54 541
54 566
54 755
416 466
416 490
416 550
416 743
416 750
445 147
445 212
445 243
445 743
445 750
445 772
445 892
541 79
541 566
541 681
541 737
541 913
566 181
566 685
566 755
566 821
566 975
755 139
755 326
755 478
755 586
755 649
755 652
755 815
755 817
755 821
55 253
55 351
55 815
55 821
55 924
253 144
253 227
253 797
253 851
253 860
351 104
351 149
351 645
351 681
351 815
351 821
351 840
815 70
815 79
815 113
815 293
815 297
815 513
815 586
815 626
815 649
815 681
815 817
815 821
815 855
821 70
821 113
821 280
821 297
821 540
821 586
821 598
821 649
821 681
821 794
821 938
924 79
924 207
924 252
924 326
924 404
924 470
924 482
924 487
924 531
924 629
924 652
924 697
924 699
924 833
924 841
924 857
924 936
924 938
708 350
708 433
708 510
708 619
708 699
708 726
708 771
708 806
708 851
708 869
57 450
57 660
57 788
450 571
450 593
450 705
450 763
450 781
450 841
660 511
660 607
660 679
660 723
660 729
660 743
660 788
660 790
788 206
788 365
788 376
788 392
788 559
788 594
788 656
788 698
788 750
788 790
788 824
788 852
788 863
788 916
58 117
58 722
117 204
117 761
722 140
722 168
722 274
722 285
722 448
722 535
722 665
722 690
722 888
722 935
59 573
59 830
59 841
59 847
59 983
573 84
573 123
573 312
573 438
573 563
573 668
573 713
573 757
573 840
573 852
573 868
830 126
830 198
830 265
830 269
830 304
830 444
830 452
830 455
830 771
830 789
830 841
830 847
830 876
830 915
830 953
830 983
841 88
841 244
841 442
841 773
841 847
841 868
841 915
841 936
841 953
841 983
847 181
847 272
847 333
847 442
847 444
847 475
847 501
847 524
847 585
847 634
847 661
847 671
847 737
847 899
847 915
847 953
847 975
847 983
983 69
983 85
983 102
983 130
983 191
983 193
983 272
983 388
983 394
983 402
983 442
983 512
983 519
983 560
983 569
983 585
983 634
983 638
983 671
983 737
983 742
983 773
983 777
983 779
983 918
983 926
983 953
60 456
456 168
456 323
456 499
456 501
61 696
61 986
696 273
696 302
696 391
696 411
696 477
696 526
696 538
696 598
696 680
696 884
696 896
986 105
986 122
986 131
986 135
986 172
986 178
986 195
986 259
986 373
986 406
986 408
986 410
986 562
986 590
986 605
986 614
986 643
986 673
986 741
986 758
986 763
986 786
986 797
986 833
986 843
986 848
986 886
986 915
986 931
986 935
62 115
62 766
62 951
115 752
766 154
766 266
766 267
766 311
766 422
766 496
766 571
766 669
766 703
766 921
951 106
951 215
951 279
951 324
951 333
951 353
951 393
951 439
951 471
951 522
951 532
951 583
951 656
951 658
951 686
951 719
951 728
951 774
951 848
951 911
951 913
951 926
951 975
535 245
535 495
535 509
535 735
616 108
616 236
616 315
616 401
616 495
616 596
616 680
616 823
667 99
667 244
667 670
667 710
667 769
667 831
667 840
667 936
64 412
412 604
412 802
412 809
412 835
412 861
68 437
735 85
735 173
735 177
735 361
735 413
735 551
735 762
735 791
735 824
735 835
735 849
735 870
459 379
459 638
459 757
459 842
459 852
459 863
852 71
852 162
852 169
852 248
852 348
852 410
852 638
852 654
852 656
852 698
852 707
852 749
852 863
852 916
120 320
120 756
120 804
120 884
466 228
466 537
466 595
466 793
595 365
595 411
595 473
595 596
595 685
595 769
756 293
756 327
756 399
756 414
756 473
756 572
756 676
756 702
756 723
756 764
756 804
916 142
916 185
916 216
916 362
916 365
916 410
916 433
916 487
916 517
916 518
916 594
916 612
916 638
916 656
916 698
916 757
916 776
916 790
916 824
916 913
437 354
437 429
437 705
437 719
437 844
437 876
437 936
437 950
69 265
69 338
69 787
265 129
265 170
265 177
265 953
338 84
338 123
338 237
338 252
338 288
338 364
338 588
338 658
787 177
787 186
787 320
787 321
787 366
787 397
787 428
787 606
787 623
787 698
787 742
787 789
787 794
787 822
787 828
787 842
70 252
70 366
70 649
252 793
252 857
366 199
366 428
366 743
366 794
366 828
649 212
649 297
649 326
649 350
649 469
649 681
649 802
649 869
71 594
71 802
594 397
594 612
594 638
594 760
802 202
802 225
802 251
802 341
802 376
802 482
802 658
802 760
802 823
802 844
802 861
802 947
72 490
72 583
72 654
72 794
72 950
490 212
490 397
490 553
490 654
490 822
490 842
490 855
583 153
583 354
583 537
583 555
583 611
583 658
583 689
583 876
583 911
654 76
654 495
654 550
654 750
654 822
654 828
654 842
654 933
794 182
794 186
794 232
794 243
794 313
794 428
794 457
794 550
794 822
794 842
794 884
794 936
950 233
950 341
950 352
950 354
950 407
950 485
950 545
950 563
950 568
950 625
950 644
950 655
950 705
950 713
950 777
950 806
950 826
950 844
950 853
950 856
950 857
950 867
950 918
950 925
73 325
73 362
73 475
73 864
325 390
325 436
325 853
325 945
362 837
362 905
475 483
475 550
475 626
475 672
475 742
475 915
475 953
864 129
864 140
864 152
864 192
864 240
864 334
864 346
864 431
864 439
864 486
864 505
864 564
864 655
864 703
864 837
864 866
87 510
87 679
87 723
261 141
261 510
261 602
267 370
75 411
75 896
411 515
411 843
896 159
896 160
896 294
896 313
896 403
896 415
896 454
896 569
896 680
896 729
896 765
896 768
896 835
896 857
896 886
896 938
76 768
76 809
76 843
76 935
768 134
768 230
768 295
768 324
768 403
768 569
768 607
768 695
768 697
768 758
768 759
809 199
809 204
809 239
809 493
809 524
809 689
809 715
809 859
809 888
809 892
809 935
843 131
843 173
843 178
843 186
843 408
843 425
843 673
843 680
843 741
843 758
843 784
843 886
843 931
843 975
935 81
935 209
935 280
935 354
935 356
935 364
935 423
935 448
935 493
935 514
935 534
935 621
935 822
935 859
935 888
77 514
77 717
514 235
514 280
514 639
514 715
514 859
717 191
717 213
717 224
717 323
717 679
717 723
717 790
717 869
78 190
78 344
78 665
190 326
190 849
344 124
344 248
344 507
344 532
344 682
344 702
665 517
665 689
665 715
665 769
665 866
665 867
665 888
79 681
79 785
79 831
681 285
681 451
681 586
785 317
785 436
785 471
785 489
785 515
785 542
785 636
785 669
785 695
785 765
785 860
785 913
831 99
831 388
831 481
831 499
831 524
831 552
831 656
831 732
831 769
831 780
831 789
831 856
831 953
80 771
80 779
80 795
80 851
771 83
771 360
771 615
771 625
771 637
771 699
771 726
771 846
771 869
779 82
779 92
779 350
779 501
779 516
779 586
779 637
779 640
779 726
779 795
779 851
779 947
795 127
795 293
795 387
795 584
795 623
795 658
795 659
795 726
795 869
851 286
851 334
851 387
851 637
851 659
851 699
851 726
851 748
851 844
851 911
81 168
81 277
81 337
81 806
168 382
168 627
168 706
277 159
277 602
277 734
337 385
337 601
337 640
337 780
337 791
337 853
337 945
806 179
806 352
806 419
806 565
806 568
806 609
806 655
806 707
806 837
806 844
806 856
806 918
806 925
806 936
82 761
82 772
761 540
761 542
761 633
761 734
761 738
761 849
772 88
772 172
772 178
772 231
772 322
772 398
772 406
772 439
772 611
772 719
772 855
772 876
772 913
772 926
772 975
83 135
83 241
83 286
83 637
135 673
135 886
241 306
241 702
241 886
286 105
286 387
286 519
637 279
637 350
637 699
637 869
84 331
84 621
84 726
331 162
331 668
331 868
621 503
621 534
621 661
621 750
621 793
621 840
621 868
621 953
726 269
726 488
726 587
726 603
726 657
726 697
726 869
85 835
85 947
835 157
835 170
835 424
835 485
835 532
835 539
835 560
835 569
835 759
835 791
835 865
835 905
947 154
947 155
947 159
947 169
947 225
947 248
947 250
947 257
947 330
947 376
947 421
947 472
947 518
947 548
947 553
947 604
947 627
947 739
947 760
947 791
947 823
947 861
86 652
652 106
652 287
652 319
652 447
652 469
652 531
652 618
510 273
510 804
510 911
679 386
679 524
679 790
723 173
723 301
723 323
723 607
723 698
723 729
723 790
723 824
88 423
423 272
423 285
423 401
423 611
423 757
423 953
89 476
89 769
476 96
476 174
476 332
476 451
476 495
476 597
476 921
769 105
769 110
769 512
769 591
769 607
769 618
769 732
90 436
90 643
90 784
90 886
436 295
436 695
436 741
643 240
643 348
643 562
643 564
643 572
643 673
643 680
643 758
643 797
784 131
784 155
784 442
784 540
784 562
784 673
784 728
784 758
784 833
784 848
784 886
784 931
886 122
886 178
886 381
886 425
886 562
886 758
886 776
886 786
886 833
886 861
886 876
886 931
91 232
91 496
232 606
232 623
232 759
232 782
496 163
496 224
496 601
92 372
92 546
372 293
372 368
372 793
372 899
372 905
546 105
546 132
546 319
546 374
546 389
546 558
546 702
546 868
93 111
93 365
93 782
111 454
365 698
365 824
365 945
782 97
782 133
782 291
782 306
782 320
782 627
782 645
782 691
782 764
782 817
782 828
94 409
94 682
409 191
409 633
409 823
409 888
682 101
682 166
682 392
682 444
682 598
682 615
682 745
682 781
95 676
95 953
676 399
676 551
676 596
676 702
676 760
953 126
953 181
953 206
953 304
953 357
953 424
953 498
953 519
953 671
953 672
953 737
953 742
953 773
953 777
953 817
953 905
953 915
96 133
96 748
96 866
96 899
96 933
133 625
133 853
133 899
133 933
748 113
748 235
748 462
748 472
748 493
748 550
748 591
748 613
748 661
748 777
748 846
748 899
748 933
866 112
866 144
866 175
866 310
866 382
866 405
866 453
866 574
866 622
866 631
866 715
866 853
866 860
866 892
866 938
866 945
899 235
899 308
899 393
899 472
899 488
899 498
899 504
899 588
899 591
899 613
899 713
899 752
899 757
899 776
899 846
899 888
899 933
933 235
933 269
933 302
933 308
933 357
933 407
933 441
933 462
933 472
933 488
933 504
933 591
933 613
933 626
933 672
933 703
933 752
933 846
97 291
97 309
97 392
97 629
97 791
291 348
291 593
291 764
291 817
309 138
309 627
309 640
309 691
392 837
629 405
629 531
629 710
629 824
629 870
629 921
791 177
791 271
791 347
791 439
791 539
791 590
791 865
791 870
98 142
98 604
98 638
98 757
142 225
604 343
604 732
604 739
604 786
638 577
638 738
638 863
757 216
757 612
757 631
757 863
99 572
572 166
572 297
572 310
572 601
572 622
572 780
572 855
191 430
191 763
470 659
470 857
470 918
470 921
673 282
673 503
673 565
673 729
673 741
673 786
101 122
101 478
101 797
101 931
122 537
122 565
478 172
478 282
478 324
478 329
478 454
478 913
478 926
478 975
797 239
797 259
797 336
797 368
797 425
797 534
797 553
797 590
797 593
797 680
797 741
797 833
797 848
797 931
931 105
931 155
931 323
931 374
931 403
931 408
931 477
931 562
931 590
931 671
931 685
931 699
931 715
931 741
931 758
931 786
931 790
931 833
931 848
102 452
102 639
102 734
452 119
452 152
452 342
639 110
639 271
639 367
639 486
639 503
639 840
639 868
734 235
734 375
734 648
734 738
734 793
734 828
734 849
103 175
103 729
103 855
175 144
175 945
729 116
729 304
729 655
729 763
729 790
729 938
855 183
855 234
855 359
855 403
855 477
855 507
855 672
855 690
855 884
855 926
104 215
104 322
215 245
215 537
215 876
215 926
322 329
322 406
322 439
322 762
105 848
848 172
848 283
848 590
848 680
848 703
848 741
848 758
848 786
848 833
848 859
106 360
106 406
106 686
106 913
360 290
360 356
360 568
360 657
406 128
406 233
406 522
406 911
406 945
686 171
686 321
686 375
686 458
686 520
686 537
686 674
686 728
686 773
686 876
686 911
686 926
913 145
913 250
913 279
913 282
913 302
913 321
913 393
913 532
913 556
913 561
913 655
913 728
913 774
913 876
913 911
913 975
107 205
107 428
107 462
205 404
205 497
205 538
205 745
428 519
428 750
428 789
428 817
428 822
462 498
462 587
462 605
462 752
108 287
108 859
287 516
287 614
287 789
859 254
859 290
859 347
859 603
859 632
859 689
859 705
859 715
859 863
859 911
109 373
109 602
373 227
373 552
373 553
373 625
373 918
373 936
602 293
602 512
602 644
602 685
602 905
110 389
389 661
389 853
389 888
454 230
454 804
454 938
112 209
112 817
112 945
209 600
209 674
209 853
817 327
817 487
817 560
817 645
817 691
817 764
817 867
945 155
945 160
945 167
945 180
945 227
945 239
945 333
945 342
945 464
945 622
945 674
945 739
945 780
945 833
945 860
945 892
113 586
586 421
586 453
586 936
114 853
853 137
853 167
853 283
853 382
853 432
853 598
853 600
853 640
853 780
853 892
853 911
752 178
752 370
752 422
752 488
752 504
752 587
752 596
752 613
752 846
116 648
116 804
648 485
648 560
648 577
648 609
648 631
648 865
804 396
804 438
804 447
804 512
804 557
804 596
804 636
204 763
118 294
118 793
118 861
294 584
294 669
294 938
793 153
793 297
793 385
793 413
793 513
793 574
793 632
793 837
793 905
861 330
861 343
861 376
861 548
861 577
861 640
861 739
861 743
861 759
861 760
861 777
861 823
119 330
119 672
119 849
330 597
330 824
672 483
672 512
672 634
672 737
672 777
672 915
672 925
849 218
849 270
849 284
849 315
849 375
849 463
849 540
849 600
849 738
320 132
320 550
320 842
320 856
884 361
884 433
884 477
884 499
884 518
884 526
884 690
884 691
884 742
884 760
884 876
884 905
121 690
690 415
690 429
690 433
690 504
537 237
537 455
537 460
537 728
537 876
537 975
565 195
565 377
565 401
565 741
565 888
123 312
123 552
312 500
312 634
312 840
552 503
552 661
552 776
552 840
124 306
124 732
306 244
306 259
306 703
732 126
732 141
732 600
732 618
732 698
732 789
125 157
125 426
125 494
125 605
157 379
157 763
426 131
426 213
426 246
426 264
494 339
494 371
494 441
494 588
494 670
605 242
605 379
605 442
605 526
605 826
126 359
359 391
359 493
359 567
359 915
127 341
127 358
127 625
127 888
341 505
341 626
341 687
341 705
341 865
358 208
358 274
358 352
358 507
358 588
358 600
358 625
358 749
358 867
625 266
625 282
625 446
625 561
625 626
625 844
625 867
625 936
888 213
888 246
888 254
888 364
888 524
888 685
888 689
888 706
888 715
128 571
571 220
571 390
571 575
571 710
129 505
505 140
505 182
505 282
505 385
130 254
254 422
254 448
254 764
254 865
131 670
131 680
670 242
670 441
670 500
670 511
670 520
670 826
670 975
680 590
680 758
680 833
680 860
132 448
132 623
132 743
132 842
448 162
448 364
448 707
623 219
623 250
623 414
623 743
623 750
623 828
743 186
743 219
743 397
743 542
743 550
743 622
743 644
743 822
743 842
743 869
743 925
842 243
842 251
842 403
842 538
842 550
842 553
842 606
842 700
842 822
842 828
842 846
134 500
134 577
134 765
134 925
134 938
500 339
500 371
500 516
500 826
577 539
577 710
577 865
577 870
765 198
765 219
765 336
765 364
765 438
765 439
765 515
765 695
765 762
765 938
925 233
925 380
925 407
925 422
925 563
925 568
925 609
925 705
925 707
925 713
925 844
925 856
925 860
925 867
925 868
925 918
938 198
938 276
938 295
938 313
938 403
938 408
938 453
938 471
938 542
938 575
938 669
938 759
136 368
136 446
368 293
446 179
446 518
446 553
446 713
446 918
137 613
137 615
137 697
137 857
613 235
613 410
613 504
613 587
613 591
613 655
613 656
615 146
615 444
615 520
615 674
615 745
615 763
615 781
697 183
697 243
697 382
697 709
697 759
697 870
857 138
857 321
857 396
857 398
857 596
857 622
857 921
857 975
138 709
709 164
709 193
709 299
709 396
709 511
709 921
139 826
139 905
826 307
826 371
826 379
826 441
826 511
826 515
826 516
826 531
826 626
905 385
905 395
905 526
905 574
905 632
905 687
905 738
905 837
905 892
140 169
140 703
169 562
169 760
703 145
703 182
703 334
703 346
703 461
703 564
703 619
703 915
141 685
685 228
685 263
685 273
685 438
225 431
225 713
225 750
302 269
302 846
326 664
144 603
144 860
144 892
144 918
603 657
603 699
603 745
603 759
603 822
603 869
860 239
860 250
860 296
860 333
860 342
860 515
860 601
860 631
860 640
860 674
860 780
860 892
860 921
892 283
892 285
892 310
892 333
892 342
892 405
892 432
892 548
892 601
892 622
892 631
892 640
892 658
892 674
892 874
918 230
918 282
918 324
918 352
918 367
918 396
918 419
918 420
918 473
918 550
918 553
918 560
918 609
918 655
918 705
918 713
918 749
918 856
918 867
918 936
145 376
145 458
145 911
145 975
458 247
458 471
458 664
458 762
458 975
911 231
911 250
911 279
911 329
911 347
911 584
911 719
911 728
911 774
911 865
911 876
911 975
975 231
975 250
975 279
975 377
975 386
975 399
975 439
975 522
975 549
975 567
975 584
975 611
975 657
975 658
975 762
975 774
975 876
975 926
975 936
146 276
276 491
276 519
276 542
147 515
515 313
477 579
477 669
477 762
823 234
823 238
823 257
823 429
823 548
823 739
823 760
149 245
149 611
149 657
245 534
245 738
245 874
611 224
611 282
611 329
611 532
611 664
611 774
657 869
354 422
354 707
354 749
491 271
491 542
491 555
759 262
759 542
759 669
759 695
759 728
759 776
828 219
828 243
828 397
828 503
828 550
828 585
828 606
828 822
263 290
263 464
263 523
263 700
152 192
152 431
152 432
192 619
192 634
192 868
431 346
431 461
432 385
432 622
432 631
432 674
432 737
153 593
153 781
593 444
593 760
593 763
781 229
781 439
781 598
781 633
781 659
781 745
154 275
154 394
154 404
275 401
275 874
394 198
394 557
394 777
394 915
404 247
404 386
404 469
404 691
155 739
739 248
739 270
739 272
739 273
156 170
156 575
156 702
156 824
575 193
575 507
575 557
575 915
702 184
702 193
702 260
702 299
702 336
702 361
702 369
702 560
702 587
824 185
824 288
824 348
824 517
824 612
824 656
824 863
763 176
763 430
763 460
763 598
158 511
511 208
511 307
511 339
511 622
160 489
160 846
489 308
489 471
489 542
846 235
846 308
846 472
846 473
846 488
846 504
846 587
846 591
846 640
161 162
161 369
161 460
161 509
161 584
161 614
162 503
162 868
369 242
369 270
369 425
460 374
509 483
509 558
509 661
509 822
584 182
584 329
584 439
584 664
584 926
614 463
614 499
614 600
614 618
614 789
868 288
868 367
868 455
868 531
868 588
868 668
868 689
868 741
868 776
868 840
163 867
867 179
867 218
867 447
867 545
867 568
867 585
867 609
867 655
867 656
867 707
867 713
867 844
867 856
867 936
164 212
164 311
164 741
164 921
212 243
212 380
212 750
311 659
741 211
741 228
741 833
921 207
921 247
921 314
921 377
921 469
921 618
921 698
921 780
182 486
564 176
564 314
564 334
671 181
671 742
671 760
671 777
166 314
166 780
166 874
314 517
314 557
780 167
780 180
780 227
780 483
780 596
780 601
780 833
874 285
874 315
874 353
874 357
874 451
874 513
874 534
874 561
874 597
874 636
874 762
167 567
167 707
167 764
567 307
567 518
567 579
707 228
707 568
707 713
707 749
707 856
764 216
764 246
764 381
764 627
764 645
764 691
382 180
382 333
382 590
382 631
627 176
627 213
627 327
627 837
706 303
706 356
706 364
706 715
706 750
562 181
562 689
562 786
760 548
760 786
171 441
171 481
441 375
441 516
441 915
481 280
481 710
481 719
172 758
758 284
758 497
758 661
173 840
840 237
840 303
840 367
840 393
840 523
840 558
840 661
840 687
840 777
174 301
174 790
790 213
790 238
790 634
790 870
176 520
520 430
520 551
520 598
520 633
177 347
177 523
347 425
347 453
347 560
347 865
523 370
523 457
523 549
523 700
523 742
178 420
420 497
420 655
420 705
420 749
420 936
179 321
321 822
321 926
180 558
180 645
558 590
558 632
558 776
645 487
181 304
181 777
777 402
777 737
777 742
777 773
777 833
777 915
486 260
486 334
486 619
183 705
705 208
705 499
705 568
705 856
705 936
184 257
184 700
257 668
700 229
700 397
700 549
700 559
700 606
700 607
700 833
700 870
185 410
185 691
185 710
185 863
410 698
410 837
410 863
691 381
691 549
710 262
710 513
710 600
710 789
863 221
863 297
863 327
863 348
863 424
863 517
863 656
863 773
863 876
186 213
357 353
357 405
357 451
357 561
413 240
413 569
189 315
189 561
189 745
189 869
561 332
561 430
561 597
745 539
745 598
745 633
869 222
869 401
869 539
869 587
869 699
869 774
869 786
430 398
430 698
430 844
619 247
619 334
619 346
619 461
619 482
619 497
634 442
634 585
634 915
193 270
270 244
270 346
429 310
429 497
433 234
195 259
195 495
195 833
195 837
259 590
259 786
495 597
833 231
833 493
837 262
837 343
837 609
837 632
837 687
837 926
498 472
498 504
401 451
401 655
401 926
844 208
844 393
844 407
844 419
844 422
844 424
844 563
844 632
844 655
198 262
262 313
262 569
262 669
199 556
199 738
556 555
556 664
556 728
556 774
556 926
556 936
738 327
738 540
559 296
559 457
559 464
559 612
559 773
633 236
633 438
633 444
633 461
633 585
633 915
202 457
457 317
865 211
865 251
865 424
865 453
865 469
865 485
865 870
497 260
497 499
497 518
497 622
538 303
538 499
206 598
206 600
600 395
207 531
531 289
531 319
208 422
208 626
422 545
422 713
626 283
626 380
626 407
626 553
626 609
626 737
674 640
674 715
211 568
211 870
568 380
568 522
870 251
870 266
870 271
870 370
870 380
870 485
870 539
870 560
870 574
380 310
380 352
380 655
750 397
750 545
750 631
750 742
750 822
407 419
407 590
407 715
407 936
876 324
876 522
876 532
876 555
876 636
876 762
876 774
926 244
926 324
926 381
926 386
926 393
926 439
926 471
926 555
926 719
926 728
926 762
926 774
216 517
216 698
517 655
698 305
442 272
442 786
606 390
606 522
606 822
218 290
290 524
290 689
219 585
585 640
585 773
220 419
220 464
220 749
419 936
464 229
464 317
464 374
749 350
749 390
749 396
749 415
749 609
749 713
749 856
749 936
221 238
221 273
273 551
222 371
222 695
222 822
371 339
695 296
695 471
695 548
695 569
822 350
822 397
223 397
223 455
223 579
223 776
455 288
455 588
579 391
579 471
579 661
776 303
776 374
776 661
713 240
713 545
713 856
713 936
545 352
545 499
545 563
545 936
227 472
472 591
229 414
414 438
414 548
230 569
231 532
231 719
532 762
532 789
719 386
719 402
719 555
719 636
719 664
233 856
233 936
856 563
856 609
856 636
856 936
936 553
936 563
936 655
234 447
234 644
644 305
644 374
644 391
644 501
644 518
235 327
327 421
236 461
236 715
461 334
461 346
461 737
715 493
715 742
237 367
237 374
237 588
367 485
588 563
588 668
588 687
239 283
283 405
283 631
240 242
244 557
557 361
534 451
246 512
512 636
248 343
343 396
343 656
550 773
250 555
555 272
555 762
555 774
251 424
264 574
264 636
668 507
668 687
590 342
786 408
786 596
260 687
687 742
669 415
669 471
669 587
669 659
574 519
574 553
574 632
636 395
636 483
370 549
269 587
272 402
402 421
402 915
551 399
551 408
551 539
551 596
519 737
519 915
280 336
282 728
737 742
737 773
728 540
728 618
728 774
405 342
405 622
631 332
631 640
284 348
284 485
348 656
387 463
516 307
516 339
516 473
516 762
789 518
789 607
288 303
288 549
303 329
549 296
289 659
659 317
524 689
689 493
664 386
664 540
742 915
295 393
295 488
393 658
488 296
488 308
488 463
488 591
299 352
305 915
915 483
915 539
915 773
310 453
453 333
399 339
762 386
762 408
762 658
762 774
324 699
699 601
658 522
339 395
339 632
395 473
342 622
656 612
507 451
773 483
553 609
375 487
388 483
501 526
471 513
591 609
591 774
