0: 0 71 100 154 263 276 294 298 308 353 367 383 390 444 469 509 576 599 603 652 661 696 727 754 758 843 875 884 885 896 911 924 948
1: 1 28 31 112 124 161 172 203 236 315 352 397 422 450 525 602 614 724 743 793 828 840 864 868 881 886 900 942 945 953 963
2: 2 35 118 119 188 307 351 364 409 412 426 539 566 609 611 616 634 703 711 745 782 823 827 839 933
3: 3 18 60 75 76 143 162 168 218 257 270 306 346 356 425 577 626 662 672 691 742 762 856 926 929 995
4: 4 43 69 115 135 194 204 251 258 266 310 404 415 430 507 528 552 567 583 852 883 974
5: 5 12 64 103 122 134 183 205 226 239 300 317 319 344 376 402 407 435 436 461 465 531 534 556 597 620 689 697 717 718 719 739 783 831 833 854 890 897 915 975
6: 6 93 153 182 225 249 250 396 420 463 522 592 623 631 650 655 669 702 728 756 809 848 956 993
7: 7 8 20 77 80 151 179 221 244 259 272 274 284 291 293 320 342 429 439 456 462 482 484 513 560 582 595 622 627 664 673 712 713 733 741 746 761 788 832 838 853 931 967 980
8: 9 24 82 125 142 337 345 373 398 411 428 548 570 726 750 755 785 790 816 842 871 899 909 914 970
9: 10 26 39 94 113 127 130 133 196 212 267 323 326 333 338 357 395 423 460 515 532 536 545 569 591 594 596 658 780 794 819 855 860 867 902 905 920 936 940 946 988 992 997
10: 11 197 220 242 247 255 256 297 354 388 438 440 473 476 516 526 553 647 665 674 764 845 858 876 887 891 943 951 979
11: 13 54 97 102 191 231 324 331 362 418 437 472 541 598 640 677 685 777 799 807 830 907 925
12: 14 67 70 123 129 156 187 237 275 287 327 332 361 464 480 505 510 520 535 563 604 618 624 679 694 708 715 747 791 829 865 889 921 932 957 966 973 982
13: 15 74 79 95 141 245 260 377 405 421 459 530 575 586 635 643 704 706 767 776 810 863 872 879 893
14: 16 61 62 92 101 111 128 150 209 269 278 313 359 374 382 393 431 474 475 533 540 572 589 629 636 653 659 663 668 693 804 841
15: 17 37 40 138 222 343 392 400 448 487 488 492 504 565 578 588 666 687 701 800 801 851 959
16: 19 34 105 148 165 178 241 253 316 329 406 433 443 486 581 593 639 644 773 795 919
17: 21 58 121 145 147 173 206 262 268 321 325 330 358 372 424 455 493 503 543 550 558 559 671 700 732 796 844 869 964 985 991
18: 22 55 86 106 160 195 200 202 215 219 228 252 273 339 380 467 517 523 537 571 584 587 600 607 633 637 692 722 723 759 771 787 814 817 826 837 850 903 918 937 969 976 987 989
19: 23 50 56 171 176 186 189 230 243 295 366 416 497 562 590 610 617 625 632 682 705 707 730 735 760 781 786 815 824 862 892 895 908 935 961 968 986 990 999
20: 25 30 46 88 114 169 193 211 217 227 302 335 369 391 449 451 511 561 573 606 676 681 688 766 769 772 834 857 930 950 996 998
21: 27 32 33 48 51 73 87 159 208 292 328 334 341 417 445 574 580 621 870 880 917 994
22: 29 66 89 116 132 184 233 248 288 322 349 413 446 458 546 613 670 753 778 789 835 947
23: 36 96 98 117 207 224 240 277 348 385 408 447 471 579 608 641 675 716 734 748 779 822 847 861 906 939 978 983
24: 38 41 47 126 140 144 157 166 181 199 285 286 290 318 347 355 378 381 434 442 466 477 490 506 554 601 648 651 657 680 695 740 774 811 825 878 904 912 984
25: 42 57 81 84 108 109 146 164 174 254 336 365 368 387 403 410 478 491 544 628 710 818 821 894 922 928 949
26: 44 53 107 139 214 235 238 281 282 283 303 360 468 481 489 499 524 678 738 770 820 927 981
27: 45 110 137 190 192 198 213 232 264 309 370 375 419 457 514 564 615 619 646 660 709 757 763 901 934 972
28: 49 68 99 149 158 175 185 210 261 299 549 551 557 612 642 656 667 690 698 699 736 749 813 898 910 938
29: 52 167 170 234 265 289 301 350 384 414 496 502 547 555 568 645 737 744 765 802 812 836 849 923 955 965 971 977
30: 59 91 229 394 453 470 494 518 538 542 605 714 720 731 784 798 805 874 954 960
31: 63 120 155 201 216 223 246 271 280 305 363 379 427 441 483 498 508 512 519 649 725 729 751 808 846 888 944 962
32: 65 72 78 90 136 177 180 304 311 312 314 340 389 399 401 454 485 500 521 527 638 721 768 873 882 916 958
33: 83 85 104 131 152 163 279 296 371 386 432 452 479 495 501 529 585 630 654 683 684 686 752 775 792 797 803 806 859 866 877 913 941 952
