0: 0 86 100 116 153 170 200 226 277 282 304 333 336 361 376 389 398 406 410 433 436 438 440 603 626 641 644 654 659 676 696 707 715 738 771 787 829 842 844 913 943 949 954 965 985 986
1: 1 30 33 38 76 165 181 213 220 249 266 269 302 305 377 378 416 417 439 449 491 525 547 558 600 651 664 672 743 783 789 812 841 859 926 963 968 979 983 997
2: 2 71 92 118 122 128 219 399 414 425 495 500 516 640 675 745 801 821 889 897 942
3: 3 9 19 29 50 59 70 72 81 95 126 160 202 280 330 341 355 367 463 466 554 572 580 596 642 666 697 703 734 737 779 835 873 906 915 916 945 959
4: 4 75 89 117 176 191 288 307 319 401 481 484 517 522 565 813 858 875 917 925
5: 5 14 27 32 45 63 133 196 203 228 238 253 297 303 328 331 358 386 422 444 456 467 492 494 499 515 533 538 551 559 574 612 704 711 714 753 825 828 834 845 851 860 867 895 956 961 970 981
6: 6 87 149 233 323 362 482 496 528 586 619 671 733 765 776 784 831 865 868 935 953 966 974
7: 7 47 48 60 132 137 146 154 177 179 187 208 215 237 258 264 272 283 293 316 321 338 340 364 372 404 476 502 513 539 568 688 752 883 989 991
8: 8 10 35 66 262 270 279 318 548 563 569 573 583 602 658 763 785 809 832 936
9: 11 36 39 69 96 115 129 308 315 387 415 429 594 605 679 705 709 769 794 819 866 962
10: 12 15 54 62 82 140 147 163 185 194 197 198 206 209 231 265 320 356 359 363 366 369 384 461 468 487 509 510 537 576 590 615 647 653 668 686 718 767 798 803 807 850 863 872 892 914 938 988 992
11: 13 101 110 136 174 180 257 276 295 309 475 488 527 535 591 595 646 760 777 823 824
12: 16 21 44 55 80 93 109 148 164 190 246 268 407 409 411 437 470 504 545 553 570 577 581 587 613 620 621 706 710 716 721 724 730 759 772 792 797 814 817 818 822 846 847 857 890 910 928 944 971 996
13: 17 42 68 79 171 186 239 260 285 287 306 324 344 432 443 623 633 639 678 782 790 800 837 898 932 958
14: 18 31 34 107 123 138 183 205 217 232 234 244 275 286 292 312 357 368 393 397 421 423 457 469 493 506 549 552 566 588 589 609 637 674 719 768 788 838 870 884 955 990 994 998
15: 20 23 43 51 78 105 113 127 157 188 255 273 310 426 453 458 474 480 511 611 643 662 682 685 732 741 757 864 933 960 975 982
16: 22 67 121 124 169 184 248 329 351 431 448 472 507 575 592 616 656 680 722 764 862 904 907 909
17: 24 37 46 125 158 192 207 221 222 236 243 284 290 296 313 314 317 322 332 337 412 446 447 455 464 524 529 536 542 550 610 624 689 712 713 766 795 830 836 849 891 893 901 903 921 939 951 957 967
18: 25 52 74 142 143 162 204 214 216 241 242 247 291 380 424 441 503 514 560 578 599 607 631 693 720 746 756 780 804 805 826 852 861 882 923 927 929 937 987
19: 26 97 144 167 173 182 299 327 342 379 382 473 477 512 532 663 694 726 802 877 888 896 940 973 980
20: 28 57 64 111 152 156 175 199 245 250 251 274 311 335 339 343 370 381 391 394 418 419 434 479 483 489 523 534 540 544 555 627 638 645 684 723 747 751 786 806 839 856 876 908 911 920 930 934 950 969
21: 40 120 145 325 396 405 450 485 505 556 584 649 657 660 700 702 725 758 886 900
22: 41 77 91 102 130 150 201 230 235 298 352 365 374 388 400 428 486 557 614 634 636 652 655 735 740 742 762 816 902
23: 49 58 65 84 155 210 218 227 240 252 267 334 349 402 420 430 435 445 451 478 501 508 546 561 604 622 630 665 687 727 739 820 871 874 880 919 952 976 977 995
24: 53 56 73 83 99 104 106 114 134 139 166 223 278 300 301 326 375 490 498 564 567 582 598 683 701 728 736 750 781 810 848 855 869 881 885 993
25: 61 85 98 168 193 229 294 348 353 462 465 526 571 601 617 673 775 796 854 878 947 964
26: 88 90 151 212 225 289 346 354 360 371 395 403 408 531 635 648 650 667 692 698 708 717 754 761 770 840 853 879 887 899 941 972
27: 94 189 224 254 261 263 271 345 390 413 541 543 579 629 690 699 729 731 774 778 799 811 843 894 978
28: 103 112 161 211 259 281 427 452 459 519 530 593 628 632 669 677 691 695 744 755 773 791 827 912 922 931 946 984 999
29: 108 119 135 141 159 195 256 373 383 392 442 460 518 520 562 597 606 618 625 670 793 815 905 918
30: 131 172 178 347 350 385 454 471 497 521 585 608 661 681 748 749 808 833 924 948
