0 74
0 382
0 763
0 889
0 955
0 965
0 998
74 69
74 383
74 741
74 874
74 913
74 993
382 234
382 272
382 406
382 464
382 586
382 653
382 699
382 962
382 972
763 287
763 293
763 550
763 627
763 648
763 652
763 662
763 663
763 677
763 769
763 833
763 882
763 900
763 934
763 955
763 978
763 992
763 998
889 16
889 111
889 320
889 407
889 476
889 497
889 550
889 608
889 618
889 662
889 663
889 697
889 727
889 731
889 769
889 770
889 777
889 861
889 882
889 884
889 911
889 934
889 950
889 955
889 965
889 998
955 70
955 80
955 121
955 137
955 164
955 249
955 256
955 293
955 476
955 504
955 526
955 532
955 615
955 618
955 620
955 630
955 648
955 662
955 663
955 727
955 753
955 765
955 769
955 812
955 833
955 847
955 861
955 882
955 900
955 928
955 929
955 934
955 958
955 965
955 998
965 11
965 111
965 130
965 137
965 139
965 256
965 293
965 320
965 384
965 476
965 526
965 550
965 552
965 615
965 620
965 624
965 641
965 648
965 656
965 663
965 697
965 717
965 727
965 731
965 769
965 833
965 842
965 861
965 882
965 885
965 900
965 916
965 920
965 933
965 934
965 950
965 977
965 998
998 80
998 93
998 94
998 111
998 121
998 130
998 137
998 157
998 249
998 256
998 293
998 320
998 347
998 384
998 476
998 504
998 526
998 550
998 552
998 615
998 618
998 620
998 648
998 663
998 697
998 727
998 731
998 742
998 769
998 772
998 776
998 795
998 830
998 833
998 861
998 881
998 882
998 900
998 931
998 934
998 939
998 956
998 972
998 982
998 987
1 588
1 676
1 938
1 950
1 956
1 963
1 970
588 200
588 246
588 288
588 306
588 378
588 380
588 674
588 785
588 853
588 857
588 904
588 937
676 598
676 748
676 858
676 886
676 902
676 906
676 938
676 950
676 952
676 956
676 961
676 970
676 992
676 997
938 9
938 23
938 24
938 52
938 131
938 149
938 209
938 229
938 395
938 428
938 544
938 590
938 597
938 610
938 628
938 708
938 801
938 818
938 832
938 847
938 858
938 886
938 923
938 929
938 940
938 950
938 952
938 956
938 967
938 970
938 985
938 992
950 23
950 24
950 42
950 55
950 115
950 131
950 229
950 234
950 381
950 535
950 563
950 590
950 597
950 598
950 610
950 628
950 632
950 748
950 767
950 775
950 801
950 818
950 820
950 821
950 858
950 883
950 886
950 895
950 952
950 956
950 970
950 986
956 131
956 168
956 209
956 379
956 381
956 395
956 428
956 430
956 440
956 535
956 543
956 544
956 563
956 598
956 610
956 628
956 632
956 652
956 670
956 679
956 719
956 775
956 801
956 818
956 840
956 858
956 880
956 886
956 944
956 952
956 964
956 970
956 992
963 18
963 128
963 148
963 179
963 197
963 203
963 217
963 228
963 251
963 299
963 312
963 324
963 432
963 442
963 444
963 478
963 523
963 527
963 531
963 542
963 595
963 601
963 661
963 681
963 686
963 690
963 750
963 841
963 883
963 913
963 920
963 929
963 932
963 949
963 954
963 959
963 962
963 968
963 981
970 3
970 52
970 55
970 99
970 115
970 149
970 192
970 205
970 268
970 321
970 381
970 390
970 395
970 428
970 430
970 535
970 544
970 597
970 598
970 610
970 628
970 632
970 748
970 755
970 775
970 801
970 814
970 818
970 819
970 843
970 858
970 875
970 886
970 936
970 952
970 973
970 992
2 408
2 448
2 596
2 606
2 701
2 899
2 990
408 145
408 332
408 532
408 615
408 677
408 812
408 842
408 941
408 977
448 72
448 332
448 543
448 561
448 612
448 623
448 770
448 899
448 927
448 977
596 589
596 631
596 660
596 752
596 779
596 792
596 823
596 839
596 885
596 918
596 927
596 969
606 38
606 96
606 176
606 411
606 498
606 541
606 627
606 664
606 678
606 754
606 917
606 949
606 967
701 98
701 346
701 478
701 483
701 612
701 623
701 683
701 686
701 695
701 812
701 842
701 883
701 899
701 977
701 990
899 20
899 43
899 225
899 244
899 250
899 288
899 295
899 376
899 385
899 459
899 543
899 580
899 612
899 616
899 668
899 683
899 686
899 744
899 787
899 842
899 907
899 941
899 974
899 977
899 990
990 20
990 59
990 61
990 73
990 88
990 145
990 179
990 193
990 225
990 244
990 262
990 288
990 290
990 315
990 332
990 385
990 417
990 450
990 459
990 466
990 521
990 612
990 615
990 620
990 623
990 630
990 647
990 686
990 708
990 718
990 744
990 759
990 770
990 796
990 806
990 812
990 817
990 842
990 850
990 886
990 897
990 903
990 941
990 977
3 172
3 337
3 655
3 964
3 986
3 994
172 383
172 611
172 800
172 802
172 862
172 913
172 993
337 329
337 470
337 790
337 861
337 964
337 986
337 994
337 999
655 63
655 181
655 361
655 373
655 421
655 520
655 540
655 607
655 745
655 836
655 928
655 964
655 986
655 999
964 25
964 127
964 278
964 318
964 358
964 363
964 373
964 385
964 401
964 421
964 427
964 442
964 456
964 470
964 484
964 485
964 514
964 520
964 593
964 594
964 644
964 725
964 745
964 759
964 776
964 788
964 791
964 836
964 928
964 972
964 974
964 979
964 986
964 989
964 994
964 999
986 36
986 67
986 90
986 97
986 138
986 175
986 187
986 277
986 278
986 312
986 313
986 318
986 373
986 401
986 421
986 427
986 456
986 462
986 470
986 485
986 514
986 520
986 591
986 593
986 594
986 605
986 644
986 725
986 745
986 750
986 776
986 790
986 881
986 905
986 928
986 936
986 951
986 966
986 981
986 994
986 999
994 36
994 67
994 90
994 127
994 130
994 138
994 165
994 278
994 313
994 318
994 358
994 373
994 401
994 421
994 427
994 456
994 461
994 462
994 470
994 485
994 514
994 520
994 538
994 564
994 591
994 593
994 594
994 602
994 603
994 644
994 657
994 725
994 745
994 773
994 776
994 790
994 836
994 877
994 915
994 928
994 960
994 977
994 981
994 999
4 599
4 774
4 837
4 854
4 903
4 907
4 925
599 347
599 611
599 764
599 774
599 825
599 865
599 868
599 903
599 907
599 918
599 925
599 940
774 12
774 62
774 250
774 432
774 480
774 535
774 611
774 691
774 764
774 825
774 865
774 903
774 907
774 916
774 925
774 975
774 993
837 322
837 338
837 355
837 356
837 363
837 372
837 379
837 502
837 509
837 553
837 590
837 661
837 665
837 765
837 802
837 827
837 871
837 903
837 921
837 939
837 944
837 971
854 108
854 129
854 161
854 330
854 391
854 426
854 455
854 469
854 475
854 490
854 549
854 616
854 710
854 747
854 753
854 758
854 772
854 834
854 845
854 911
854 929
854 932
854 960
903 12
903 51
903 62
903 89
903 131
903 169
903 178
903 250
903 424
903 432
903 451
903 545
903 611
903 670
903 691
903 747
903 764
903 825
903 868
903 875
903 891
903 907
903 925
903 951
907 12
907 40
907 51
907 62
907 89
907 92
907 178
907 250
907 368
907 424
907 432
907 451
907 545
907 611
907 691
907 764
907 806
907 825
907 843
907 849
907 868
907 925
907 932
907 947
907 978
925 12
925 40
925 50
925 51
925 62
925 89
925 178
925 250
925 424
925 432
925 451
925 493
925 511
925 544
925 545
925 554
925 564
925 568
925 611
925 691
925 761
925 764
925 787
925 817
925 825
925 868
925 979
5 324
5 326
5 883
5 941
5 959
5 968
5 981
324 690
324 756
324 841
324 933
324 954
324 962
324 981
326 134
326 146
326 619
326 723
326 868
326 875
326 917
326 967
883 203
883 226
883 501
883 518
883 523
883 531
883 554
883 584
883 598
883 601
883 669
883 690
883 749
883 750
883 841
883 920
883 934
883 954
883 959
883 962
883 968
883 981
883 991
941 45
941 48
941 59
941 73
941 179
941 193
941 217
941 244
941 385
941 450
941 459
941 483
941 543
941 563
941 616
941 623
941 647
941 683
941 686
941 687
941 732
941 734
941 744
941 759
941 770
941 812
941 910
941 944
941 976
941 977
941 983
959 72
959 128
959 197
959 217
959 228
959 311
959 312
959 338
959 361
959 369
959 387
959 442
959 444
959 445
959 513
959 523
959 531
959 618
959 669
959 683
959 690
959 696
959 697
959 771
959 775
959 790
959 820
959 841
959 920
959 929
959 954
959 962
959 968
959 981
959 982
959 993
968 18
968 87
968 148
968 213
968 226
968 228
968 251
968 312
968 323
968 361
968 444
968 454
968 469
968 478
968 513
968 523
968 542
968 585
968 601
968 630
968 678
968 690
968 696
968 703
968 750
968 771
968 803
968 841
968 920
968 929
968 934
968 945
968 954
968 962
968 966
968 972
968 981
968 992
981 18
981 148
981 217
981 226
981 251
981 256
981 303
981 311
981 312
981 336
981 361
981 363
981 442
981 444
981 445
981 454
981 485
981 518
981 523
981 531
981 542
981 548
981 554
981 582
981 669
981 690
981 696
981 750
981 771
981 780
981 841
981 859
981 919
981 920
981 929
981 954
981 988
6 340
6 502
6 689
6 931
6 973
6 974
6 985
340 182
340 273
340 653
340 665
340 814
340 844
340 972
340 989
502 331
502 405
502 472
502 609
502 646
502 714
502 824
502 891
502 918
689 34
689 155
689 304
689 547
689 632
689 659
689 735
689 808
689 834
689 943
689 971
689 973
689 974
689 985
689 988
931 44
931 113
931 227
931 281
931 304
931 320
931 338
931 379
931 503
931 521
931 629
931 659
931 670
931 700
931 717
931 797
931 808
931 834
931 860
931 893
931 895
931 912
931 924
931 943
931 949
931 967
931 971
931 973
931 974
931 985
931 988
973 11
973 44
973 293
973 294
973 334
973 358
973 419
973 495
973 503
973 521
973 539
973 547
973 629
973 645
973 659
973 670
973 675
973 682
973 685
973 693
973 704
973 706
973 710
973 717
973 719
973 797
973 808
973 826
973 834
973 856
973 860
973 914
973 943
973 949
973 967
973 971
973 974
973 985
973 988
974 11
974 63
974 69
974 113
974 144
974 147
974 155
974 209
974 227
974 304
974 341
974 379
974 438
974 485
974 547
974 560
974 629
974 645
974 659
974 670
974 675
974 685
974 693
974 719
974 738
974 740
974 797
974 826
974 834
974 841
974 860
974 870
974 936
974 943
974 971
974 979
974 985
974 988
985 44
985 63
985 98
985 113
985 147
985 157
985 227
985 281
985 304
985 305
985 334
985 503
985 521
985 539
985 576
985 629
985 632
985 666
985 670
985 675
985 679
985 685
985 693
985 717
985 719
985 797
985 804
985 808
985 821
985 824
985 826
985 834
985 848
985 858
985 860
985 922
985 939
985 943
985 971
985 988
7 574
7 736
7 799
7 803
7 895
7 987
7 989
574 647
574 666
574 780
574 786
574 803
574 859
574 891
574 951
574 971
574 976
574 989
574 997
736 103
736 160
736 467
736 569
736 585
736 591
736 649
736 653
736 666
736 705
736 786
736 789
736 813
736 859
736 940
736 976
736 989
799 57
799 226
799 317
799 483
799 487
799 520
799 569
799 581
799 666
799 722
799 780
799 792
799 859
799 915
799 940
799 951
799 962
799 976
799 989
799 995
803 57
803 82
803 219
803 241
803 461
803 572
803 581
803 620
803 682
803 780
803 786
803 859
803 915
803 940
803 942
803 951
803 952
803 989
895 163
895 169
895 270
895 369
895 380
895 422
895 457
895 501
895 568
895 570
895 579
895 633
895 657
895 664
895 680
895 692
895 751
895 779
895 780
895 808
895 811
895 898
895 942
895 945
895 996
987 83
987 95
987 125
987 156
987 208
987 237
987 259
987 265
987 300
987 302
987 321
987 343
987 411
987 416
987 418
987 507
987 524
987 533
987 557
987 561
987 565
987 576
987 583
987 585
987 592
987 695
987 715
987 728
987 770
987 809
987 814
987 828
987 849
987 877
987 893
987 910
987 911
987 946
987 948
987 953
987 979
987 995
987 996
987 999
989 57
989 160
989 166
989 193
989 208
989 215
989 219
989 238
989 311
989 317
989 461
989 481
989 487
989 497
989 507
989 508
989 569
989 572
989 581
989 585
989 607
989 614
989 621
989 649
989 651
989 665
989 666
989 705
989 758
989 780
989 786
989 859
989 901
989 911
989 915
989 940
989 972
989 976
989 978
989 983
8 154
8 802
8 873
8 874
8 980
8 983
8 993
154 211
154 328
154 708
154 862
154 980
154 993
154 997
802 15
802 177
802 203
802 253
802 287
802 388
802 486
802 608
802 681
802 700
802 708
802 735
802 743
802 759
802 761
802 813
802 980
802 993
873 58
873 254
873 309
873 434
873 439
873 479
873 488
873 607
873 641
873 642
873 644
873 658
873 739
873 776
873 787
873 807
873 844
873 901
873 906
873 914
873 924
873 926
873 978
873 983
873 993
874 42
874 65
874 91
874 128
874 158
874 206
874 287
874 352
874 383
874 388
874 562
874 656
874 684
874 741
874 761
874 813
874 824
874 851
874 862
874 908
874 913
874 919
874 980
874 993
980 19
980 65
980 158
980 201
980 253
980 276
980 287
980 342
980 352
980 376
980 383
980 388
980 389
980 431
980 471
980 486
980 516
980 520
980 525
980 562
980 604
980 608
980 656
980 681
980 697
980 700
980 712
980 741
980 743
980 761
980 791
980 813
980 819
980 862
980 892
980 913
980 919
980 942
980 947
980 969
980 993
983 47
983 68
983 101
983 167
983 194
983 222
983 229
983 239
983 254
983 301
983 344
983 370
983 397
983 399
983 412
983 437
983 441
983 443
983 479
983 480
983 488
983 498
983 510
983 607
983 617
983 625
983 641
983 642
983 723
983 787
983 807
983 840
983 845
983 850
983 880
983 901
983 906
983 914
983 917
983 924
983 926
983 978
993 42
993 65
993 76
993 133
993 158
993 201
993 211
993 253
993 276
993 342
993 343
993 349
993 352
993 383
993 388
993 399
993 471
993 482
993 486
993 532
993 562
993 608
993 656
993 681
993 700
993 708
993 712
993 741
993 743
993 761
993 813
993 826
993 862
993 900
993 913
993 919
993 934
993 978
9 64
9 474
9 537
9 621
9 645
9 704
64 236
64 377
64 394
64 494
64 718
64 948
474 350
474 506
474 530
474 537
474 659
474 683
474 704
474 707
474 756
474 995
537 350
537 413
537 494
537 704
537 707
537 729
537 780
537 784
537 988
537 999
621 71
621 135
621 236
621 309
621 453
621 490
621 506
621 602
621 704
621 707
621 729
621 740
645 27
645 147
645 547
645 644
645 717
645 719
645 727
645 808
645 826
645 860
645 971
645 988
704 189
704 236
704 394
704 425
704 464
704 494
704 638
704 718
704 729
704 756
704 868
10 137
10 710
10 746
10 872
10 902
10 909
10 930
137 550
137 861
137 934
710 165
710 277
710 380
710 493
710 517
710 526
710 552
710 798
710 800
710 821
710 829
710 872
710 902
710 930
746 103
746 198
746 365
746 467
746 517
746 529
746 798
746 800
746 807
746 814
746 821
746 822
746 829
746 872
746 902
746 917
746 930
872 198
872 277
872 365
872 443
872 451
872 499
872 517
872 519
872 533
872 567
872 573
872 575
872 610
872 637
872 703
872 737
872 798
872 800
872 821
872 829
872 902
872 926
872 997
902 29
902 86
902 165
902 277
902 365
902 429
902 443
902 467
902 499
902 519
902 531
902 533
902 567
902 575
902 607
902 798
902 800
902 821
902 828
902 829
902 884
902 910
902 930
902 946
909 213
909 224
909 230
909 300
909 310
909 329
909 345
909 527
909 594
909 604
909 640
909 659
909 667
909 671
909 737
909 749
909 760
909 804
909 830
909 840
909 848
909 851
909 865
909 867
909 916
909 942
909 982
909 996
909 997
930 86
930 103
930 165
930 198
930 277
930 365
930 381
930 443
930 467
930 491
930 493
930 499
930 517
930 519
930 533
930 567
930 575
930 593
930 664
930 798
930 800
930 813
930 821
930 829
930 904
930 913
930 946
930 972
930 975
11 50
11 943
11 971
11 988
50 51
50 230
50 374
50 764
50 868
943 60
943 63
943 108
943 113
943 147
943 281
943 341
943 404
943 445
943 521
943 539
943 592
943 659
943 670
943 675
943 685
943 693
943 717
943 719
943 826
943 834
943 845
943 860
943 891
943 919
943 953
943 971
943 988
943 996
971 31
971 113
971 144
971 147
971 157
971 187
971 240
971 304
971 310
971 379
971 459
971 495
971 503
971 521
971 547
971 629
971 659
971 670
971 675
971 685
971 687
971 693
971 717
971 719
971 739
971 761
971 793
971 797
971 826
971 834
971 932
971 988
988 44
988 63
988 157
988 227
988 281
988 341
988 435
988 470
988 495
988 503
988 521
988 539
988 547
988 575
988 629
988 659
988 670
988 675
988 685
988 693
988 717
988 719
988 732
988 748
988 757
988 797
988 801
988 808
988 819
988 826
988 834
988 860
988 876
988 908
988 947
988 997
12 37
12 750
12 868
37 559
37 560
37 815
37 856
37 896
37 966
750 217
750 251
750 397
750 442
750 445
750 666
750 771
750 841
750 916
750 929
750 946
750 954
868 40
868 89
868 178
868 238
868 250
868 367
868 424
868 432
868 451
868 545
868 611
868 667
868 719
868 764
868 825
868 948
868 957
13 523
13 589
13 792
13 839
13 840
13 885
13 918
523 87
523 669
523 777
523 796
523 914
523 920
589 134
589 221
589 407
589 727
589 816
589 823
589 839
589 885
589 918
589 961
589 967
792 139
792 143
792 280
792 308
792 631
792 637
792 638
792 660
792 720
792 723
792 752
792 796
792 816
792 839
792 885
792 918
792 995
839 66
839 129
839 143
839 204
839 280
839 298
839 308
839 407
839 420
839 423
839 577
839 660
839 720
839 790
839 816
839 823
839 885
839 896
839 918
840 146
840 176
840 230
840 347
840 481
840 604
840 640
840 728
840 737
840 749
840 760
840 850
840 851
840 863
840 867
840 869
840 916
840 982
840 997
885 78
885 204
885 221
885 308
885 341
885 371
885 407
885 631
885 638
885 660
885 720
885 752
885 808
885 816
885 823
885 888
885 892
885 901
885 918
885 919
885 954
918 66
918 78
918 108
918 143
918 204
918 221
918 280
918 308
918 371
918 407
918 492
918 562
918 631
918 638
918 660
918 720
918 752
918 757
918 766
918 781
918 816
918 823
918 824
14 212
14 525
14 757
14 771
14 855
14 966
14 969
212 171
212 327
212 853
212 857
212 876
212 904
212 937
525 252
525 264
525 389
525 562
525 682
525 815
525 855
525 908
525 927
525 969
757 264
757 346
757 366
757 515
757 543
757 661
757 682
757 801
757 853
757 855
757 856
757 878
757 908
757 958
757 966
757 969
771 17
771 203
771 293
771 361
771 393
771 444
771 454
771 601
771 669
771 784
771 838
771 920
771 929
771 962
855 30
855 313
855 342
855 346
855 429
855 435
855 458
855 515
855 545
855 560
855 570
855 641
855 682
855 815
855 856
855 878
855 881
855 908
855 928
855 966
855 969
966 54
966 69
966 84
966 188
966 192
966 244
966 252
966 264
966 267
966 307
966 346
966 359
966 366
966 389
966 429
966 435
966 458
966 478
966 515
966 540
966 543
966 549
966 559
966 560
966 635
966 682
966 749
966 766
966 815
966 856
966 878
966 881
966 908
966 969
966 997
969 30
969 54
969 69
969 84
969 91
969 97
969 113
969 152
969 192
969 252
969 264
969 277
969 328
969 346
969 366
969 429
969 435
969 449
969 458
969 512
969 515
969 540
969 543
969 560
969 682
969 766
969 807
969 815
969 816
969 856
969 865
969 875
969 878
969 887
969 908
15 240
15 319
15 527
15 820
15 857
15 876
240 838
240 853
240 876
240 892
240 921
240 937
319 404
319 583
319 674
319 820
319 838
319 853
319 927
319 937
527 245
527 364
527 375
527 511
527 661
527 804
527 863
527 982
527 996
820 33
820 46
820 150
820 246
820 359
820 484
820 702
820 738
820 785
820 833
820 853
820 857
820 862
820 876
820 904
820 937
820 947
857 104
857 110
857 200
857 279
857 296
857 306
857 354
857 522
857 530
857 549
857 674
857 702
857 738
857 748
857 813
857 853
857 876
857 904
857 906
857 913
876 26
876 33
876 118
876 141
876 220
876 246
876 296
876 357
876 359
876 530
876 566
876 674
876 702
876 758
876 785
876 838
876 864
876 901
876 904
876 937
16 272
16 561
16 871
16 921
16 939
16 944
272 586
272 665
272 762
272 844
272 864
272 870
272 972
561 400
561 661
561 777
561 827
561 871
561 891
561 921
561 939
561 944
871 26
871 28
871 35
871 49
871 346
871 372
871 378
871 386
871 400
871 406
871 509
871 553
871 590
871 661
871 765
871 827
871 893
871 921
871 939
871 944
871 978
871 997
921 49
921 170
921 280
921 289
921 322
921 338
921 355
921 356
921 363
921 372
921 400
921 473
921 509
921 542
921 553
921 590
921 636
921 661
921 716
921 721
921 765
921 817
921 827
921 920
921 939
921 944
921 948
939 28
939 49
939 104
939 170
939 197
939 203
939 289
939 322
939 338
939 349
939 355
939 356
939 363
939 400
939 473
939 509
939 542
939 553
939 590
939 632
939 661
939 695
939 765
939 808
939 827
939 944
939 947
939 984
944 28
944 49
944 67
944 113
944 130
944 170
944 241
944 270
944 289
944 338
944 349
944 355
944 356
944 363
944 372
944 400
944 473
944 509
944 553
944 590
944 661
944 678
944 754
944 765
944 827
944 877
944 997
17 225
17 651
17 705
17 780
17 951
17 976
225 121
225 459
225 647
225 842
225 977
651 164
651 238
651 317
651 442
651 480
651 508
651 540
651 572
651 758
651 786
651 915
651 937
651 976
705 90
705 215
705 238
705 546
705 569
705 666
705 685
705 781
705 859
705 914
705 915
705 951
705 976
780 410
780 461
780 496
780 516
780 572
780 581
780 585
780 786
780 859
780 940
780 951
780 976
951 57
951 75
951 82
951 129
951 166
951 200
951 215
951 429
951 430
951 441
951 487
951 497
951 508
951 569
951 581
951 585
951 614
951 649
951 666
951 718
951 758
951 805
951 831
951 859
951 860
951 915
951 940
951 948
951 976
976 52
976 75
976 82
976 160
976 210
976 219
976 317
976 403
976 410
976 424
976 441
976 487
976 497
976 507
976 508
976 546
976 572
976 581
976 585
976 614
976 630
976 643
976 649
976 659
976 681
976 684
976 758
976 786
976 859
976 904
976 915
976 940
976 945
976 962
18 722
18 920
18 962
18 982
722 238
722 266
722 425
722 552
722 781
722 846
722 884
722 887
722 888
722 897
722 923
722 942
722 958
722 961
722 984
920 87
920 128
920 311
920 312
920 361
920 413
920 454
920 478
920 513
920 531
920 542
920 600
920 690
920 694
920 696
920 805
920 850
920 856
920 898
920 929
920 954
920 962
962 87
962 128
962 148
962 182
962 203
962 251
962 305
962 311
962 361
962 367
962 442
962 444
962 454
962 472
962 509
962 518
962 531
962 542
962 551
962 554
962 601
962 617
962 632
962 669
962 690
962 804
962 841
962 954
962 979
982 81
982 86
982 122
982 151
982 184
982 224
982 230
982 245
982 271
982 345
982 349
982 360
982 368
982 371
982 396
982 398
982 481
982 496
982 505
982 520
982 529
982 640
982 667
982 672
982 724
982 728
982 733
982 737
982 749
982 760
982 768
982 804
982 851
982 863
982 867
982 900
982 916
982 996
982 997
19 100
19 635
19 875
19 917
19 949
19 967
100 115
100 146
100 298
100 678
100 917
100 967
635 294
635 510
635 558
635 650
635 698
635 723
635 754
635 875
635 917
635 949
635 952
635 967
875 96
875 98
875 176
875 196
875 265
875 393
875 498
875 541
875 558
875 587
875 678
875 698
875 723
875 730
875 754
875 917
875 933
875 949
875 967
875 999
917 38
917 96
917 102
917 146
917 155
917 171
917 196
917 216
917 217
917 498
917 541
917 558
917 587
917 650
917 698
917 735
917 754
917 773
917 810
917 949
917 954
917 967
917 996
949 38
949 53
949 96
949 98
949 102
949 134
949 146
949 171
949 176
949 196
949 357
949 400
949 483
949 496
949 498
949 541
949 558
949 564
949 579
949 650
949 723
949 730
949 735
949 745
949 754
949 807
949 884
949 929
949 967
967 38
967 53
967 96
967 98
967 102
967 171
967 176
967 196
967 206
967 254
967 357
967 460
967 498
967 541
967 558
967 587
967 592
967 624
967 650
967 660
967 678
967 691
967 698
967 718
967 723
967 730
967 735
967 754
967 958
967 992
20 570
20 616
20 737
20 744
20 759
570 25
570 163
570 419
570 457
570 640
570 657
570 751
570 811
570 819
570 945
616 88
616 282
616 392
616 611
616 623
616 647
616 688
616 744
616 759
616 806
737 368
737 532
737 634
737 638
737 640
737 728
737 733
737 760
737 768
737 863
737 867
737 996
737 997
744 179
744 242
744 282
744 437
744 466
744 473
744 483
744 630
744 770
744 806
744 849
744 934
744 977
759 24
759 45
759 612
759 647
759 658
759 683
759 770
759 806
759 812
759 824
759 842
759 898
759 977
21 54
21 295
21 361
21 600
21 726
21 824
21 831
54 152
54 160
54 896
54 908
295 112
295 452
295 534
295 714
295 824
295 831
295 891
361 597
361 696
600 331
600 354
600 439
600 534
600 609
600 628
600 646
600 669
600 714
600 726
600 891
726 111
726 133
726 257
726 375
726 405
726 427
726 477
726 534
726 617
726 646
726 824
726 831
726 891
726 958
726 991
824 48
824 62
824 70
824 112
824 133
824 354
824 431
824 472
824 609
824 617
824 714
824 831
824 838
824 891
831 48
831 112
831 132
831 257
831 331
831 431
831 472
831 477
831 534
831 577
831 609
831 646
831 832
831 879
831 891
831 908
831 996
22 804
22 884
22 887
22 898
22 958
22 961
22 984
804 177
804 245
804 398
804 667
804 724
804 728
804 733
804 749
804 851
804 863
804 916
804 928
804 936
804 940
804 996
884 266
884 367
884 419
884 489
884 536
884 542
884 553
884 602
884 622
884 663
884 713
884 716
884 742
884 781
884 810
884 846
884 887
884 888
884 923
884 958
884 961
884 984
887 222
887 232
887 298
887 367
887 571
887 572
887 602
887 627
887 713
887 716
887 781
887 794
887 810
887 813
887 844
887 846
887 864
887 888
887 897
887 923
887 958
887 961
887 984
898 32
898 56
898 163
898 175
898 202
898 220
898 369
898 419
898 422
898 457
898 568
898 579
898 646
898 657
898 679
898 680
898 692
898 714
898 751
898 778
898 793
898 819
898 942
898 945
958 26
958 27
958 46
958 114
958 266
958 268
958 367
958 396
958 417
958 467
958 469
958 482
958 536
958 571
958 602
958 652
958 656
958 671
958 707
958 713
958 716
958 781
958 786
958 810
958 846
958 888
958 897
958 923
958 953
958 961
958 984
961 27
961 46
961 114
961 135
961 188
961 209
961 268
961 298
961 367
961 396
961 398
961 417
961 429
961 461
961 489
961 536
961 571
961 602
961 627
961 652
961 714
961 716
961 781
961 782
961 785
961 810
961 846
961 888
961 897
961 908
961 915
961 923
961 984
984 26
984 27
984 46
984 114
984 135
984 224
984 263
984 266
984 267
984 268
984 298
984 325
984 367
984 396
984 417
984 438
984 489
984 536
984 568
984 571
984 602
984 627
984 652
984 653
984 682
984 713
984 716
984 779
984 781
984 786
984 810
984 821
984 823
984 842
984 846
984 888
984 897
984 923
984 924
23 748
23 860
23 890
23 952
23 992
748 149
748 229
748 598
748 632
748 666
748 797
748 818
748 886
748 937
748 952
748 957
748 992
860 144
860 321
860 335
860 375
860 379
860 495
860 508
860 547
860 639
860 659
860 717
860 719
860 807
860 808
860 826
890 117
890 124
890 186
890 223
890 261
890 269
890 294
890 348
890 355
890 362
890 394
890 420
890 449
890 466
890 557
890 564
890 597
890 729
890 767
890 789
890 850
890 864
890 879
890 880
890 894
890 947
890 957
952 24
952 52
952 55
952 96
952 168
952 205
952 209
952 229
952 312
952 345
952 390
952 428
952 535
952 544
952 563
952 598
952 614
952 628
952 654
952 747
952 775
952 801
952 818
952 822
952 886
952 942
952 992
952 997
992 24
992 52
992 55
992 115
992 126
992 149
992 168
992 209
992 229
992 323
992 381
992 390
992 395
992 428
992 430
992 432
992 534
992 535
992 538
992 544
992 557
992 563
992 577
992 597
992 598
992 610
992 628
992 632
992 669
992 673
992 775
992 801
992 818
992 841
992 858
992 863
992 886
992 999
24 832
24 886
832 182
832 248
832 290
832 374
832 393
832 492
832 619
832 653
832 665
832 673
832 699
832 762
832 788
832 844
832 846
832 870
832 935
832 940
832 972
886 52
886 126
886 131
886 156
886 390
886 535
886 544
886 628
886 632
886 725
886 787
886 800
886 801
886 858
886 863
886 867
886 954
25 591
25 776
25 928
25 953
25 999
591 71
591 514
591 565
591 615
591 725
591 790
591 836
591 928
591 999
776 34
776 90
776 421
776 538
776 552
776 593
776 594
776 644
776 745
776 790
776 836
776 928
776 999
928 67
928 278
928 358
928 373
928 458
928 462
928 485
928 514
928 520
928 593
928 594
928 644
928 686
928 745
928 790
928 836
928 838
928 880
928 881
928 908
928 995
928 999
953 83
953 85
953 125
953 208
953 237
953 265
953 283
953 300
953 302
953 321
953 343
953 383
953 411
953 418
953 428
953 459
953 557
953 576
953 583
953 695
953 747
953 809
953 814
953 828
953 844
953 849
953 877
953 893
953 905
953 910
953 946
953 948
953 991
999 36
999 40
999 67
999 90
999 124
999 127
999 138
999 140
999 278
999 308
999 313
999 318
999 358
999 373
999 395
999 401
999 412
999 421
999 427
999 456
999 462
999 470
999 485
999 514
999 520
999 556
999 569
999 593
999 594
999 644
999 653
999 725
999 745
999 790
999 836
999 894
999 947
26 571
26 897
26 923
571 44
571 198
571 421
571 788
571 810
571 888
571 897
571 923
897 114
897 124
897 135
897 268
897 403
897 413
897 602
897 603
897 604
897 627
897 629
897 652
897 713
897 767
897 781
897 809
897 810
897 846
897 888
897 923
923 83
923 114
923 263
923 352
923 396
923 413
923 417
923 430
923 536
923 602
923 627
923 652
923 690
923 716
923 752
923 781
923 787
923 795
923 810
923 846
923 888
923 996
27 281
27 602
27 888
281 199
281 495
281 685
281 816
602 251
602 846
602 852
888 46
888 135
888 222
888 273
888 396
888 449
888 530
888 627
888 652
888 660
888 713
888 716
888 810
888 846
888 862
888 915
28 765
28 772
28 823
28 827
765 35
765 210
765 308
765 349
765 363
765 365
765 488
765 509
765 553
765 590
765 661
765 725
772 32
772 297
772 364
772 469
772 643
772 738
772 747
772 793
772 835
772 843
772 905
772 911
772 932
772 935
772 936
772 947
823 66
823 78
823 204
823 221
823 308
823 407
823 631
823 638
823 695
823 720
823 730
823 752
823 816
823 843
823 924
827 35
827 127
827 170
827 249
827 349
827 355
827 356
827 372
827 400
827 590
827 680
827 724
827 731
827 813
827 833
29 186
29 261
29 284
29 808
29 850
29 957
186 111
186 624
186 789
186 830
186 880
186 957
261 789
261 816
261 864
261 879
261 910
261 957
284 141
284 613
284 703
284 711
284 782
284 784
284 922
284 991
808 144
808 227
808 379
808 521
808 629
808 675
808 685
808 761
808 764
808 826
850 132
850 269
850 294
850 348
850 362
850 466
850 624
850 627
850 640
850 720
850 767
850 787
850 789
850 864
850 879
850 880
850 894
850 957
957 39
957 91
957 101
957 117
957 124
957 132
957 223
957 258
957 269
957 294
957 301
957 348
957 353
957 362
957 420
957 449
957 466
957 493
957 494
957 564
957 624
957 734
957 767
957 789
957 864
957 879
957 880
957 893
957 894
957 912
957 927
30 192
30 429
30 473
30 567
30 911
192 366
192 545
192 856
192 869
429 682
429 878
429 908
473 55
473 355
473 356
473 363
473 553
473 770
567 443
567 499
567 517
567 575
567 800
567 821
567 856
567 911
911 108
911 116
911 129
911 162
911 164
911 173
911 208
911 314
911 491
911 516
911 528
911 549
911 555
911 610
911 753
911 769
911 835
911 843
911 845
911 852
911 905
911 935
911 936
911 960
31 396
31 706
31 779
31 869
31 927
31 979
396 298
396 417
396 563
706 79
706 81
706 409
706 423
706 464
706 490
706 575
706 636
706 684
706 685
706 811
706 869
706 927
706 942
706 979
779 72
779 107
779 231
779 235
779 255
779 316
779 333
779 478
779 490
779 500
779 684
779 864
779 869
779 926
779 927
779 979
869 41
869 60
869 105
869 140
869 255
869 276
869 292
869 313
869 336
869 423
869 464
869 490
869 522
869 577
869 627
869 684
869 894
869 927
869 978
869 979
927 60
927 79
927 92
927 105
927 216
927 255
927 269
927 285
927 292
927 316
927 333
927 409
927 423
927 446
927 456
927 464
927 490
927 522
927 636
927 678
927 684
927 725
927 979
979 60
979 72
979 73
979 79
979 81
979 92
979 105
979 140
979 185
979 214
979 216
979 226
979 231
979 235
979 255
979 285
979 292
979 316
979 333
979 336
979 372
979 423
979 462
979 464
979 489
979 490
979 500
979 522
979 577
979 636
979 665
979 684
979 769
979 806
979 937
32 469
32 747
32 782
32 905
32 960
469 753
469 806
469 905
469 932
469 947
469 960
747 140
747 266
747 330
747 420
747 528
747 555
747 835
747 852
747 932
747 936
747 947
747 960
782 162
782 327
782 395
782 410
782 447
782 460
782 643
782 654
782 709
782 773
782 777
782 847
782 865
782 866
782 881
782 995
782 996
905 155
905 161
905 162
905 207
905 297
905 339
905 466
905 475
905 555
905 566
905 626
905 712
905 733
905 753
905 793
905 835
905 843
905 852
905 866
905 932
905 935
905 936
905 960
960 108
960 164
960 297
960 314
960 330
960 339
960 391
960 426
960 455
960 493
960 516
960 528
960 529
960 555
960 674
960 690
960 749
960 753
960 755
960 793
960 809
960 835
960 843
960 845
960 852
960 866
960 932
960 935
960 936
960 946
960 947
960 954
33 139
33 573
33 626
33 838
33 904
139 436
139 626
139 742
139 768
573 283
573 296
573 530
573 603
573 702
573 753
573 785
573 838
573 849
573 853
573 904
626 41
626 99
626 303
626 436
626 463
626 508
626 658
626 741
626 742
626 768
626 783
838 110
838 141
838 142
838 359
838 387
838 512
838 615
838 642
838 702
838 738
838 785
838 825
838 853
838 904
838 937
904 104
904 110
904 150
904 220
904 283
904 306
904 387
904 458
904 530
904 674
904 733
904 738
904 785
904 807
904 853
904 867
904 891
904 937
904 946
34 807
34 914
34 924
34 926
34 978
807 47
807 167
807 247
807 370
807 397
807 433
807 480
807 607
807 641
807 787
807 901
807 906
807 978
914 58
914 68
914 167
914 180
914 230
914 239
914 292
914 301
914 344
914 370
914 399
914 412
914 437
914 439
914 500
914 504
914 641
914 642
914 787
914 830
914 878
914 906
914 924
914 926
914 978
924 68
924 101
924 116
924 147
924 167
924 222
924 254
924 301
924 397
924 437
924 439
924 488
924 510
924 625
924 641
924 642
924 724
924 728
924 787
924 896
924 901
924 906
924 922
924 926
924 978
926 127
926 194
926 222
926 301
926 344
926 370
926 372
926 399
926 412
926 434
926 437
926 439
926 480
926 488
926 510
926 526
926 607
926 639
926 660
926 717
926 762
926 787
926 901
926 919
926 978
978 47
978 126
978 167
978 180
978 194
978 222
978 239
978 247
978 291
978 301
978 332
978 344
978 370
978 397
978 399
978 434
978 437
978 439
978 472
978 479
978 480
978 510
978 555
978 607
978 625
978 638
978 641
978 642
978 775
978 787
978 901
978 906
35 97
35 289
35 297
35 661
97 69
97 266
97 766
97 908
289 322
289 363
289 475
289 661
289 912
297 578
297 598
297 660
297 852
297 932
661 322
661 590
661 991
36 401
36 456
36 484
36 901
401 514
401 641
401 760
401 836
401 852
456 193
456 593
456 745
456 836
456 870
484 199
484 243
484 559
484 687
484 694
484 711
484 892
484 991
901 222
901 239
901 247
901 373
901 399
901 412
901 434
901 439
901 476
901 479
901 480
901 497
901 510
901 625
901 641
901 642
901 708
901 787
901 862
559 68
559 69
559 188
559 206
559 515
559 557
559 766
559 878
559 908
560 83
560 389
560 540
560 766
560 791
560 908
560 991
815 84
815 117
815 188
815 264
815 433
815 435
815 458
815 515
815 609
815 644
815 647
815 682
815 739
815 856
815 878
815 908
856 188
856 389
856 458
856 490
856 515
856 540
856 543
856 682
856 708
856 766
856 778
856 842
856 878
856 908
896 79
896 232
896 260
896 307
896 351
896 378
896 403
896 414
896 440
896 512
896 532
896 598
896 639
896 671
896 688
896 732
896 751
896 791
896 795
896 796
896 817
896 848
896 867
896 912
38 285
38 678
38 936
285 214
285 292
285 490
285 528
285 577
285 937
678 171
678 176
678 558
678 587
678 650
678 698
678 754
678 935
936 108
936 155
936 161
936 162
936 195
936 314
936 339
936 447
936 475
936 509
936 516
936 528
936 578
936 620
936 793
936 798
936 835
936 836
936 845
936 852
936 932
936 935
936 947
39 196
39 407
39 466
39 767
39 879
39 894
196 587
196 735
196 977
407 638
407 697
407 752
466 210
466 864
466 880
466 894
767 61
767 117
767 223
767 348
767 420
767 517
767 564
767 653
767 725
767 864
767 879
767 880
767 894
879 91
879 124
879 132
879 252
879 258
879 325
879 348
879 420
879 449
879 557
879 564
879 624
879 647
879 733
879 789
879 864
879 880
879 894
879 972
894 90
894 91
894 117
894 124
894 223
894 258
894 279
894 294
894 296
894 362
894 420
894 449
894 590
894 624
894 731
894 789
894 828
894 864
894 880
40 387
40 611
40 825
387 142
387 200
387 279
387 578
387 785
387 937
611 178
611 713
611 764
611 825
611 937
825 51
825 119
825 178
825 227
825 423
825 432
825 451
825 482
825 545
825 691
825 764
825 781
825 940
41 204
41 436
41 584
41 658
41 768
204 630
204 638
204 816
436 99
436 181
436 286
436 505
436 536
436 622
436 783
436 848
584 47
584 123
584 181
584 190
584 274
584 286
584 463
584 721
584 755
584 768
584 977
658 105
658 106
658 181
658 190
658 463
658 622
658 742
658 755
658 768
658 783
658 997
768 106
768 123
768 177
768 198
768 274
768 303
768 447
768 463
768 622
768 638
768 755
768 861
42 665
42 813
42 862
42 919
665 465
665 586
665 619
665 673
665 762
665 788
665 870
665 972
813 253
813 342
813 376
813 562
813 684
813 708
813 741
813 743
813 761
813 862
813 919
862 211
862 276
862 352
862 486
862 659
862 700
862 708
862 743
862 761
862 852
862 913
862 916
862 919
862 948
919 201
919 276
919 471
919 486
919 530
919 562
919 579
919 608
919 623
919 656
919 667
919 681
919 690
919 700
919 708
919 712
919 741
919 743
919 761
919 900
919 913
43 145
43 385
43 546
43 631
43 842
43 977
145 422
145 683
145 814
145 977
385 449
385 483
385 623
385 842
385 844
546 619
546 649
546 666
546 786
546 810
546 859
546 882
546 915
546 940
631 66
631 270
631 638
631 660
631 752
631 816
631 836
631 892
842 152
842 234
842 288
842 450
842 686
842 734
842 770
842 806
842 812
842 906
842 940
842 977
977 45
977 59
977 88
977 168
977 193
977 233
977 262
977 280
977 282
977 288
977 290
977 315
977 316
977 370
977 450
977 472
977 483
977 493
977 619
977 623
977 647
977 657
977 683
977 686
977 734
977 806
977 812
977 852
44 157
44 267
157 265
157 670
157 913
267 511
267 703
267 892
267 933
267 991
45 190
45 290
45 332
45 745
190 106
190 177
190 514
190 755
190 783
290 262
290 288
290 479
290 724
290 806
332 183
332 282
332 770
332 932
745 358
745 462
745 594
745 644
745 650
745 672
745 836
745 845
46 682
46 723
682 766
682 826
682 878
682 908
723 206
723 539
723 541
723 587
723 650
723 698
723 703
723 730
723 754
47 399
47 607
47 752
399 117
399 136
399 412
607 58
607 434
607 439
607 625
607 707
752 78
752 280
752 371
752 450
752 638
752 660
752 720
752 764
752 816
752 866
48 472
48 534
48 550
48 891
472 257
472 418
472 431
472 891
534 112
534 163
534 335
534 646
534 714
534 891
550 104
550 504
550 697
550 800
550 900
550 948
891 70
891 112
891 133
891 331
891 354
891 431
891 437
891 477
891 479
891 609
891 617
891 646
891 714
891 995
49 270
49 356
49 811
270 369
270 419
270 811
270 942
270 945
356 148
356 751
811 56
811 68
811 381
811 419
811 501
811 529
811 579
811 637
811 657
811 679
811 680
811 721
811 751
811 942
811 945
811 948
51 625
51 629
230 830
230 996
230 997
374 169
374 438
374 465
374 586
374 673
374 699
374 972
374 996
764 62
764 330
764 424
764 451
764 545
764 691
764 694
764 937
625 239
625 264
625 397
625 437
625 510
625 698
625 861
625 906
629 110
629 503
629 693
629 826
629 893
52 171
171 730
171 754
53 206
53 526
53 674
53 730
53 754
206 102
206 176
206 357
526 389
526 620
526 727
526 731
526 861
526 934
674 142
674 283
674 427
674 530
674 566
674 623
674 702
674 785
730 134
730 322
730 357
730 541
730 558
730 650
730 670
730 754
730 755
730 834
730 881
754 366
754 541
754 687
754 735
754 859
754 933
754 975
152 252
152 390
152 540
152 727
152 766
160 215
160 614
160 724
160 758
908 84
908 180
908 228
908 264
908 366
908 389
908 445
908 515
908 543
908 766
908 778
908 878
55 102
55 491
102 357
102 954
491 129
491 406
491 475
491 549
491 843
491 852
491 882
491 932
56 501
56 587
56 657
56 880
56 942
501 664
501 721
501 778
501 922
501 942
501 945
501 997
587 359
587 498
587 650
587 688
587 735
587 810
657 517
657 680
657 691
657 717
657 721
657 778
657 819
657 942
880 117
880 132
880 294
880 348
880 362
880 420
880 449
880 521
880 524
880 564
880 624
880 648
880 789
880 859
880 864
942 118
942 163
942 169
942 175
942 202
942 302
942 369
942 380
942 457
942 460
942 568
942 609
942 664
942 679
942 680
942 692
942 712
942 721
942 751
942 778
942 819
942 945
57 109
57 940
57 996
109 386
109 402
109 794
109 816
109 881
109 995
940 75
940 166
940 215
940 238
940 317
940 430
940 461
940 463
940 487
940 497
940 507
940 569
940 572
940 649
940 654
940 666
940 783
940 786
940 798
940 915
996 119
996 122
996 253
996 271
996 287
996 345
996 347
996 360
996 368
996 375
996 377
996 398
996 404
996 435
996 481
996 496
996 529
996 604
996 605
996 634
996 637
996 640
996 667
996 677
996 724
996 728
996 733
996 749
996 830
996 851
996 863
996 867
996 916
996 972
996 997
58 234
58 510
58 910
58 929
234 136
234 592
234 870
234 972
510 287
510 441
510 787
910 125
910 147
910 156
910 208
910 237
910 265
910 302
910 343
910 416
910 557
910 576
910 633
910 695
910 715
910 800
910 809
910 828
910 849
910 877
910 893
910 922
910 935
910 946
910 948
929 66
929 87
929 120
929 197
929 226
929 228
929 312
929 442
929 454
929 478
929 513
929 518
929 531
929 542
929 646
929 669
929 690
929 793
929 841
929 954
59 683
59 707
59 797
59 812
683 193
683 244
683 282
683 459
683 647
683 648
683 915
707 71
707 189
707 282
707 350
707 353
707 413
707 506
707 718
707 729
707 756
707 995
797 205
797 304
797 341
797 521
797 539
797 547
797 622
797 659
797 719
797 826
797 861
797 913
797 922
812 85
812 179
812 193
812 205
812 244
812 305
812 483
812 623
812 647
812 734
812 844
812 866
60 522
60 814
60 893
522 292
522 370
522 423
522 464
522 470
522 500
522 636
814 125
814 343
814 416
814 524
814 557
814 583
814 715
814 809
814 849
814 877
814 893
814 916
814 946
814 948
893 85
893 95
893 156
893 248
893 300
893 411
893 416
893 418
893 524
893 576
893 715
893 791
893 809
893 828
893 849
893 877
893 882
893 946
893 948
61 187
61 613
61 668
61 805
61 975
187 740
187 892
187 933
187 975
187 991
613 328
613 426
613 556
613 586
613 691
613 784
613 822
613 892
613 912
613 922
613 975
613 991
668 81
668 275
668 300
668 352
668 531
668 580
668 637
668 672
668 892
668 922
668 933
668 975
668 991
805 191
805 236
805 243
805 446
805 540
805 556
805 580
805 634
805 677
805 694
805 711
805 740
805 784
805 822
805 892
805 933
805 975
805 991
975 183
975 191
975 199
975 242
975 243
975 269
975 275
975 299
975 325
975 327
975 328
975 425
975 446
975 511
975 517
975 536
975 556
975 569
975 580
975 605
975 637
975 646
975 672
975 687
975 694
975 711
975 784
975 822
975 849
975 881
975 892
975 906
975 922
975 933
975 935
975 991
62 900
900 80
900 94
900 286
900 304
900 384
900 406
900 524
900 552
900 618
900 620
900 648
900 663
900 697
900 727
900 766
900 769
900 833
900 861
900 882
900 934
63 826
63 870
826 142
826 262
826 495
826 670
826 685
826 698
826 861
826 937
870 77
870 182
870 273
870 321
870 406
870 438
870 465
870 492
870 556
870 653
870 656
870 673
870 696
870 762
870 788
870 841
870 844
870 972
236 413
236 718
236 756
236 946
377 317
377 329
377 443
377 667
377 830
377 867
377 916
377 997
394 323
394 453
394 654
394 711
394 718
394 729
394 756
494 189
494 353
494 413
494 453
494 471
494 638
494 729
718 189
718 309
718 323
718 350
718 453
718 503
718 506
718 558
718 729
948 83
948 85
948 95
948 125
948 156
948 237
948 265
948 300
948 302
948 321
948 411
948 416
948 418
948 452
948 576
948 695
948 713
948 715
948 809
948 828
948 877
948 906
948 912
948 946
65 383
65 476
65 693
65 913
383 201
383 778
383 932
476 121
476 603
476 688
476 727
476 882
693 210
693 227
693 379
693 462
693 539
693 624
693 714
693 719
913 158
913 207
913 287
913 352
913 388
913 471
913 553
913 608
913 656
913 662
913 681
913 700
913 708
913 712
913 741
913 743
913 761
913 806
66 280
66 859
280 371
280 933
859 75
859 82
859 441
859 585
859 614
859 666
859 667
859 849
859 912
859 915
67 576
67 725
576 348
576 583
576 695
576 798
576 828
576 946
725 318
725 358
725 485
725 605
725 644
725 835
725 836
68 101
68 906
101 121
101 642
101 906
906 180
906 194
906 197
906 239
906 254
906 301
906 344
906 412
906 434
906 480
906 641
906 642
906 715
906 751
906 787
906 867
69 243
243 700
243 703
243 892
243 991
70 609
70 617
70 646
70 695
609 354
609 405
609 477
609 507
609 617
609 991
617 133
617 331
617 354
617 405
617 505
617 714
617 778
646 133
646 331
646 446
646 477
646 509
695 246
695 259
695 411
695 809
695 828
695 877
695 946
71 335
71 353
71 364
71 756
335 353
335 413
335 506
335 677
335 729
335 756
353 294
353 309
353 453
353 729
364 151
364 271
364 375
364 529
364 622
364 667
364 997
756 189
756 309
756 323
756 350
756 413
756 506
756 594
756 595
756 699
756 810
756 819
72 107
72 185
72 216
107 216
107 336
107 489
107 684
107 753
185 214
185 333
185 462
185 500
185 585
185 636
216 464
216 492
216 636
73 233
73 301
73 577
73 770
233 262
233 317
233 351
233 450
233 734
233 770
301 303
577 81
577 231
577 409
577 490
577 500
577 684
770 198
770 282
770 350
770 647
770 734
770 781
770 806
741 211
741 352
741 405
741 518
741 608
741 656
741 700
741 784
741 835
741 847
75 441
75 793
75 878
441 140
441 508
441 670
441 758
441 915
793 164
793 195
793 314
793 549
793 702
793 753
793 762
793 843
793 845
793 932
793 935
793 947
878 84
878 188
878 252
878 389
878 421
878 458
878 540
878 543
878 642
878 699
878 766
878 778
878 834
878 877
76 153
76 386
76 633
76 649
76 847
76 865
153 262
153 398
153 709
153 817
153 847
153 881
153 995
386 120
386 159
386 654
386 702
386 709
386 851
386 995
633 291
633 292
633 415
633 447
633 460
633 548
633 794
633 847
633 881
633 935
633 995
649 210
649 219
649 497
649 548
649 775
649 800
649 915
649 945
847 392
847 415
847 447
847 468
847 481
847 595
847 650
847 654
847 766
847 773
847 777
847 794
847 865
847 866
847 881
847 995
865 130
865 174
865 392
865 410
865 433
865 447
865 468
865 538
865 643
865 654
865 709
865 739
865 785
865 796
865 845
865 866
865 881
865 995
77 619
77 663
77 699
77 778
77 788
77 972
619 239
619 393
619 438
619 653
619 762
619 788
619 844
619 972
663 194
663 769
663 785
663 821
663 833
663 882
663 934
699 136
699 235
699 248
699 393
699 595
699 603
699 653
699 696
699 751
699 972
778 202
778 380
778 419
778 422
778 568
778 579
778 680
778 751
778 819
778 945
788 161
788 426
788 438
788 439
788 492
788 533
788 586
788 592
788 595
788 673
788 762
788 844
788 972
972 136
972 147
972 182
972 248
972 273
972 328
972 393
972 406
972 438
972 465
972 492
972 541
972 581
972 586
972 592
972 595
972 603
972 618
972 653
972 673
972 715
972 762
972 844
78 384
78 720
78 991
384 89
384 293
384 615
384 769
384 846
384 861
720 143
720 371
720 585
720 638
720 639
720 660
720 749
720 784
720 816
991 183
991 191
991 199
991 220
991 242
991 274
991 275
991 277
991 299
991 325
991 328
991 440
991 446
991 477
991 511
991 556
991 580
991 582
991 605
991 637
991 672
991 687
991 694
991 711
991 739
991 740
991 784
991 787
991 822
991 892
991 922
991 933
79 316
79 362
79 457
316 94
316 336
316 624
316 636
362 258
362 274
362 305
362 449
457 535
457 692
457 721
457 751
457 945
457 947
80 202
80 615
80 731
80 892
202 189
202 819
202 853
202 945
615 320
615 620
615 662
615 687
615 731
731 446
731 620
731 648
731 743
731 769
731 800
731 833
731 836
731 861
731 934
892 556
892 580
892 605
892 643
892 671
892 672
892 679
892 687
892 694
892 703
892 740
892 784
892 822
892 933
81 92
81 684
92 500
92 833
92 835
684 235
684 255
684 336
684 409
684 760
82 508
82 696
82 863
508 444
508 504
508 585
696 228
696 445
696 465
696 478
696 554
696 608
696 841
696 954
863 224
863 228
863 310
863 329
863 347
863 360
863 468
863 634
863 677
863 717
863 749
863 830
863 858
863 867
863 945
863 997
83 809
83 877
809 259
809 336
809 418
809 434
809 557
809 565
809 751
809 753
809 828
809 849
809 946
877 85
877 98
877 321
877 411
877 462
877 514
877 524
877 565
877 583
877 715
877 828
877 849
877 916
877 937
877 946
84 260
84 279
260 575
260 601
260 732
260 791
260 795
260 848
279 150
279 220
279 257
279 785
279 937
85 760
85 828
760 271
760 296
760 398
760 404
760 529
760 535
760 640
760 733
760 749
760 830
760 843
760 997
828 322
828 524
828 565
828 583
828 715
828 821
828 849
828 933
828 945
828 946
86 518
86 800
86 821
86 829
518 305
518 404
518 418
518 444
518 601
518 954
800 365
800 443
800 467
800 493
800 499
800 519
800 533
800 829
821 93
821 103
821 443
821 467
821 493
821 533
821 575
821 751
821 798
829 165
829 198
829 251
829 277
829 342
829 443
829 467
829 517
829 519
829 575
829 634
829 654
829 794
829 798
829 954
87 257
87 721
257 88
257 405
257 714
721 158
721 380
721 422
721 505
721 568
721 664
721 679
721 751
721 945
88 315
88 498
88 734
315 181
315 288
315 554
315 612
315 686
315 762
498 698
498 735
498 846
734 244
734 288
734 291
734 489
734 536
734 623
734 647
734 686
734 806
734 864
89 691
89 789
691 422
691 424
691 432
691 451
691 539
691 545
789 91
789 163
789 258
789 294
789 426
789 564
789 624
789 716
789 761
789 864
90 514
514 427
514 664
91 864
864 124
864 223
864 258
864 449
864 545
864 564
864 624
864 630
864 934
500 409
500 636
500 732
500 995
833 249
833 388
833 552
833 618
833 620
833 648
833 727
833 816
833 852
833 861
833 882
833 934
835 162
835 164
835 317
835 391
835 426
835 438
835 555
835 582
835 791
835 843
835 852
835 935
835 947
93 159
93 392
93 410
93 415
93 995
159 213
159 375
159 392
159 433
159 915
159 995
392 451
392 735
392 773
392 881
392 995
410 218
410 643
410 773
410 945
410 995
415 250
415 460
415 711
415 777
415 881
415 922
415 995
995 115
995 120
995 166
995 174
995 194
995 207
995 213
995 218
995 291
995 327
995 366
995 402
995 433
995 447
995 460
995 538
995 548
995 586
995 643
995 654
995 687
995 709
995 739
995 773
995 777
995 794
995 866
995 881
995 915
94 552
94 652
94 727
94 934
552 662
552 697
552 769
552 882
652 200
652 306
652 417
652 713
652 716
652 846
727 293
727 697
727 698
727 769
727 915
934 121
934 194
934 256
934 293
934 320
934 350
934 504
934 586
934 618
934 641
934 662
934 697
934 769
934 801
934 861
934 882
95 308
95 405
95 557
95 946
308 660
405 431
405 714
405 935
557 565
557 715
946 156
946 208
946 259
946 300
946 302
946 321
946 343
946 416
946 511
946 524
946 565
946 583
946 715
946 758
946 783
946 786
946 849
96 932
932 116
932 155
932 161
932 268
932 314
932 330
932 369
932 391
932 455
932 528
932 549
932 614
932 662
932 753
932 843
932 935
932 947
266 716
266 781
766 203
766 389
766 435
766 458
766 471
766 692
98 735
735 134
735 146
735 223
735 389
735 558
735 650
735 698
99 237
99 505
99 742
99 783
237 524
237 549
237 673
505 177
505 463
505 511
505 622
505 755
505 783
742 106
742 123
742 181
742 274
742 286
742 303
742 463
742 580
742 634
742 755
742 783
742 818
783 123
783 181
783 286
783 303
783 311
783 463
783 471
783 620
783 622
783 755
783 846
115 801
115 818
146 846
298 263
298 406
298 846
121 882
642 253
642 479
642 480
642 488
642 817
357 580
357 650
357 933
954 128
954 203
954 217
954 226
954 228
954 235
954 258
954 305
954 306
954 311
954 371
954 442
954 444
954 478
954 531
954 554
954 601
954 841
954 861
103 347
103 493
103 798
347 496
347 733
347 916
493 533
493 798
798 165
798 365
798 443
798 499
798 519
798 533
798 688
798 762
798 935
104 359
104 566
104 853
359 241
359 738
359 937
566 141
566 142
566 306
566 379
566 454
566 694
566 738
566 937
853 141
853 201
853 214
853 220
853 241
853 264
853 283
853 296
853 373
853 702
853 738
853 849
105 235
105 477
105 636
235 231
235 636
477 354
477 369
477 431
477 714
636 716
636 834
636 841
106 166
106 245
106 755
166 215
166 219
166 572
245 375
245 404
245 461
245 997
755 151
755 181
755 274
755 303
755 390
755 463
755 622
755 945
336 214
336 464
489 268
489 627
489 713
489 716
489 810
753 150
753 330
753 339
753 528
753 703
753 845
753 852
753 935
108 852
852 116
852 161
852 173
852 516
852 578
852 580
852 634
852 845
852 947
402 460
402 673
402 729
402 777
402 794
402 806
402 866
402 881
794 144
794 170
794 218
794 309
794 327
794 468
794 492
794 548
794 709
794 739
794 773
794 866
794 881
816 143
816 221
816 232
816 371
816 638
816 660
881 174
881 291
881 433
881 538
881 643
881 662
881 709
881 773
881 777
110 136
110 785
110 937
136 592
136 834
785 283
785 296
785 496
785 530
785 738
785 790
785 796
937 141
937 142
937 150
937 200
937 220
937 241
937 246
937 283
937 306
937 530
937 662
937 728
937 738
111 593
111 882
593 138
593 288
593 367
593 836
882 144
882 249
882 422
882 452
882 618
882 620
882 662
882 692
882 758
882 861
882 866
112 468
112 614
468 292
468 643
468 709
468 739
468 773
468 866
614 211
614 218
614 507
614 569
614 572
614 915
114 259
114 738
259 306
259 632
259 849
738 150
738 241
738 282
738 296
738 692
738 702
801 126
801 205
801 209
801 390
801 563
801 632
801 675
801 775
801 795
801 848
818 126
818 176
818 221
818 345
818 360
818 395
818 535
818 563
818 597
818 605
818 610
818 775
116 254
116 426
116 935
254 365
254 437
426 516
426 578
426 845
935 162
935 330
935 339
935 391
935 455
935 475
935 516
935 528
935 549
935 578
935 675
935 703
935 843
935 845
935 861
935 947
118 579
118 679
118 743
118 819
118 945
579 513
579 568
579 712
579 751
579 819
579 945
679 163
679 304
679 528
679 568
679 680
679 751
679 819
679 945
743 471
743 562
743 598
743 610
743 700
743 708
743 712
743 717
743 933
819 168
819 169
819 351
819 422
819 487
819 664
819 692
819 945
945 169
945 175
945 365
945 369
945 380
945 412
945 419
945 422
945 516
945 568
945 664
945 680
945 834
119 310
119 841
119 851
119 867
119 997
310 363
310 604
310 733
310 749
310 997
841 127
841 283
841 311
841 445
841 454
841 513
841 542
851 246
851 345
851 368
851 409
851 470
851 499
851 677
851 709
851 724
851 728
851 733
851 749
851 830
851 858
851 867
851 997
867 184
867 375
867 481
867 496
867 640
867 667
867 773
867 795
867 830
867 843
867 916
867 997
997 122
997 151
997 224
997 360
997 368
997 375
997 451
997 471
997 481
997 496
997 529
997 582
997 604
997 630
997 634
997 640
997 667
997 677
997 724
997 728
997 733
997 749
997 830
997 916
120 548
120 640
120 643
120 739
548 218
548 291
548 538
548 690
548 773
548 822
640 148
640 604
640 634
640 677
643 207
643 506
643 654
643 709
643 773
739 218
739 412
739 447
739 450
739 538
739 654
739 709
739 777
739 866
122 179
122 307
122 634
122 724
179 630
179 647
307 459
307 482
307 512
307 671
307 817
307 912
634 368
634 398
634 529
634 916
724 151
724 496
724 604
724 667
724 728
724 786
724 822
123 177
123 195
123 271
177 286
177 622
195 141
195 314
195 843
195 845
195 947
271 167
271 373
271 830
271 916
125 479
125 639
479 247
479 344
479 787
639 403
639 440
639 482
639 671
639 791
639 795
639 796
639 817
639 848
639 912
126 205
126 427
205 610
205 775
427 313
427 485
127 421
421 418
128 648
648 249
648 504
648 662
648 697
648 947
129 331
129 947
331 273
331 330
947 161
947 164
947 173
947 314
947 339
947 391
947 455
947 528
947 549
947 555
947 578
947 604
947 713
947 843
947 845
130 618
130 662
618 256
618 343
618 504
618 912
662 504
662 715
131 632
131 728
632 395
728 339
728 496
728 604
728 830
728 916
132 138
132 624
138 524
138 836
624 223
133 709
709 553
709 650
709 654
709 777
709 915
134 302
134 698
302 208
302 252
698 184
698 278
698 541
698 650
135 367
135 539
367 810
539 334
539 675
539 834
592 182
592 513
592 586
592 603
592 653
592 844
834 227
834 334
834 341
834 578
834 659
834 670
834 675
861 256
861 320
861 488
861 697
861 769
524 345
524 849
836 372
836 440
836 462
836 470
836 507
836 790
836 848
140 231
140 423
231 292
231 414
231 443
423 242
423 409
142 249
249 620
143 583
143 628
583 321
583 681
583 690
583 849
628 368
628 563
628 769
628 775
628 858
144 717
717 334
717 670
717 685
422 751
846 434
846 544
846 627
846 713
846 781
846 810
148 445
148 478
445 201
445 486
445 542
478 197
149 265
149 551
149 597
149 610
265 381
551 223
551 378
551 432
551 482
551 532
551 732
551 796
551 817
551 848
551 912
597 381
597 535
597 610
597 675
597 749
610 194
610 775
150 246
150 339
246 612
339 455
151 398
151 515
151 713
398 499
398 677
515 346
515 417
515 555
713 263
713 536
713 601
713 810
252 543
390 544
390 569
390 858
540 366
540 435
540 458
262 282
262 604
817 360
817 440
817 452
817 482
817 512
817 688
817 732
817 791
817 795
817 796
817 848
817 912
211 309
211 562
211 810
328 580
328 784
328 933
708 158
708 368
708 376
708 608
708 681
155 578
155 843
578 516
578 581
578 740
578 845
843 506
843 516
843 528
843 555
843 673
843 845
156 654
156 686
654 460
654 866
686 341
686 612
686 630
686 806
686 866
158 376
158 622
376 161
376 165
376 287
376 562
376 761
622 274
622 286
622 303
213 433
213 773
213 777
213 866
375 329
433 327
433 554
433 773
433 866
915 167
915 210
915 215
915 238
915 461
915 487
915 497
915 507
915 572
915 581
215 221
758 444
758 461
758 487
758 507
758 565
758 569
758 581
758 585
758 786
162 453
162 555
453 309
453 323
453 594
453 685
453 729
555 431
555 845
163 692
692 169
692 175
692 369
692 419
692 444
692 568
692 664
164 263
263 318
263 716
263 781
165 575
575 467
575 533
575 729
219 299
219 465
219 786
572 344
572 497
572 672
167 397
397 247
397 255
397 563
168 229
168 403
168 775
229 487
403 414
403 732
403 791
403 796
403 912
775 533
775 544
775 582
775 598
775 858
169 664
664 380
664 680
664 761
664 806
170 371
170 497
170 509
371 660
497 786
509 590
173 275
173 320
173 475
173 549
173 712
275 318
275 582
275 672
275 822
275 933
320 790
475 221
475 348
475 455
475 845
549 601
712 201
712 253
712 276
712 451
712 486
712 608
712 681
712 761
174 199
174 327
174 333
174 773
174 822
199 446
199 519
199 822
327 291
327 590
333 214
333 464
333 711
333 866
773 541
773 866
773 912
822 183
822 325
822 511
822 672
822 687
822 694
822 702
822 711
822 922
822 933
175 380
175 751
175 933
380 653
751 680
933 191
933 269
933 299
933 556
933 580
933 582
933 637
933 687
933 694
933 703
933 711
933 740
933 784
933 922
286 414
286 784
178 480
178 733
480 180
733 329
733 360
733 404
733 791
733 916
630 459
630 612
630 623
630 806
647 191
180 247
180 513
180 641
247 411
247 740
513 197
513 464
513 542
513 669
641 370
641 787
182 492
182 715
492 595
492 603
492 844
715 418
715 565
715 608
715 849
183 242
183 318
183 519
183 703
242 687
242 740
242 922
318 313
519 352
519 395
519 499
519 533
703 446
703 582
703 605
703 711
703 922
184 329
184 360
184 536
184 667
184 830
329 188
329 916
360 711
360 916
536 627
536 781
667 323
667 677
830 529
830 538
830 556
830 595
830 677
830 749
830 916
214 650
214 673
462 790
585 666
740 191
740 580
740 637
740 672
740 694
740 784
740 858
740 922
188 435
435 355
435 543
189 350
189 416
350 481
416 409
416 762
416 849
191 425
191 553
425 299
425 495
425 582
425 605
425 784
425 922
553 372
366 346
366 554
545 250
545 729
193 485
485 341
314 256
314 276
845 391
845 428
845 547
845 844
197 305
305 554
305 690
198 517
517 365
517 467
446 511
446 580
446 922
200 306
200 702
702 241
702 520
702 530
702 677
201 700
700 276
700 564
700 656
700 761
700 848
207 291
207 538
207 777
207 866
291 777
538 460
538 866
777 218
777 255
777 447
777 581
777 714
777 866
866 447
866 460
866 858
208 454
454 248
454 669
209 612
612 338
612 450
612 806
612 858
210 238
210 507
507 317
309 506
562 471
562 556
810 304
810 716
810 781
673 273
673 438
673 762
673 844
217 601
601 554
601 666
218 530
299 637
299 711
299 922
465 248
465 603
465 719
465 762
465 844
786 342
786 461
786 487
786 685
220 922
922 325
922 388
922 455
922 486
922 511
922 582
922 605
922 637
922 687
922 694
922 711
922 784
222 488
488 370
488 455
488 521
224 604
224 677
224 769
604 404
677 345
677 916
769 452
769 685
459 483
459 806
226 719
719 547
719 666
719 675
487 541
414 434
414 452
414 671
414 688
414 848
414 912
232 452
232 688
232 791
232 848
232 912
452 732
452 795
452 848
452 912
688 351
688 512
688 532
688 547
688 732
688 795
688 796
688 912
791 378
791 440
791 482
791 532
791 671
791 795
791 796
791 912
848 311
848 351
848 440
848 512
848 532
848 732
848 795
848 796
848 912
912 351
912 378
912 411
912 440
912 482
912 512
912 532
912 671
912 732
912 795
912 796
351 716
351 732
351 796
450 258
450 388
450 806
413 729
239 447
241 858
858 381
858 395
858 428
858 430
858 535
858 563
858 784
687 325
687 672
687 784
244 732
732 440
732 659
732 671
732 795
404 481
404 916
461 675
411 343
248 653
248 844
653 762
844 406
844 424
844 586
844 595
844 603
251 669
669 439
669 547
669 554
253 656
656 342
656 681
656 716
656 761
437 354
437 787
255 409
409 849
714 354
714 431
714 623
849 343
849 418
795 370
795 378
795 482
795 512
795 790
795 796
781 358
781 393
781 627
381 430
511 605
511 637
268 417
417 313
269 348
269 449
369 680
419 344
373 790
916 355
916 368
916 442
916 481
916 529
916 680
916 749
586 595
586 603
762 393
762 406
762 563
762 603
273 393
273 438
273 595
393 438
595 406
595 603
274 303
274 569
569 581
582 605
582 694
582 711
672 531
672 637
672 694
672 711
276 388
388 761
277 499
499 278
278 358
278 644
644 313
644 490
644 790
495 341
495 463
495 503
495 697
685 675
283 334
334 296
334 379
334 671
711 420
784 605
784 637
528 568
287 486
486 506
486 681
322 338
322 565
806 483
598 544
637 378
300 558
300 565
558 481
558 512
565 503
690 442
482 532
512 671
512 796
671 378
671 532
671 796
506 323
749 529
312 531
790 470
790 503
790 520
790 594
338 349
323 729
729 568
325 455
325 556
455 516
556 694
330 680
680 391
680 400
470 681
349 372
349 400
342 608
342 681
608 503
608 761
681 391
681 471
344 434
434 787
345 496
346 483
400 544
796 378
796 440
796 623
430 428
430 504
391 463
412 439
460 594
431 697
697 504
420 564
424 432
424 605
428 467
594 520
458 694
521 581
