0 672
0 792
0 793
0 960
0 982
0 985
0 987
672 391
672 434
672 466
672 480
672 560
672 622
672 693
672 716
672 806
672 872
672 876
672 895
672 903
672 939
672 958
792 78
792 316
792 443
792 478
792 512
792 554
792 595
792 634
792 729
792 789
792 793
792 823
792 908
792 925
792 931
792 936
792 981
792 982
792 985
792 987
792 997
793 254
793 267
793 316
793 495
793 554
793 608
793 729
793 760
793 809
793 863
793 897
793 922
793 925
793 931
793 936
793 960
793 981
793 982
793 985
793 987
960 52
960 55
960 64
960 71
960 83
960 92
960 223
960 245
960 254
960 267
960 313
960 327
960 358
960 429
960 456
960 460
960 495
960 554
960 595
960 602
960 608
960 621
960 729
960 732
960 745
960 789
960 809
960 828
960 883
960 908
960 925
960 931
960 936
960 947
960 981
960 982
960 985
960 987
982 64
982 71
982 92
982 97
982 254
982 267
982 316
982 321
982 327
982 359
982 400
982 429
982 456
982 460
982 478
982 479
982 495
982 509
982 554
982 564
982 595
982 602
982 608
982 621
982 688
982 692
982 729
982 734
982 745
982 755
982 789
982 809
982 908
982 925
982 931
982 936
982 979
982 981
982 985
982 987
982 992
985 52
985 64
985 78
985 92
985 97
985 223
985 254
985 267
985 316
985 321
985 327
985 400
985 429
985 456
985 460
985 478
985 495
985 509
985 554
985 557
985 589
985 595
985 602
985 608
985 614
985 621
985 729
985 731
985 745
985 789
985 809
985 816
985 854
985 908
985 925
985 927
985 931
985 936
985 952
985 970
985 981
987 52
987 64
987 71
987 78
987 92
987 97
987 223
987 250
987 254
987 267
987 313
987 316
987 321
987 327
987 400
987 429
987 456
987 460
987 478
987 495
987 509
987 550
987 554
987 556
987 595
987 602
987 608
987 621
987 641
987 708
987 713
987 729
987 745
987 789
987 809
987 873
987 908
987 925
987 931
987 936
987 966
987 981
1 187
1 323
1 699
1 808
1 955
1 989
1 992
187 727
187 819
187 869
187 928
187 938
187 941
187 989
323 580
323 614
323 683
323 708
323 754
323 906
323 941
323 989
699 41
699 82
699 160
699 209
699 324
699 413
699 653
699 677
699 683
699 761
699 813
699 819
699 908
699 928
699 941
699 955
808 88
808 337
808 386
808 491
808 541
808 721
808 763
808 831
808 854
808 859
808 872
808 887
808 891
808 920
808 933
808 962
808 963
808 964
808 975
808 980
808 991
955 9
955 18
955 41
955 63
955 82
955 160
955 209
955 216
955 236
955 246
955 249
955 258
955 324
955 546
955 614
955 655
955 660
955 677
955 683
955 705
955 708
955 727
955 739
955 741
955 749
955 754
955 757
955 780
955 813
955 816
955 819
955 851
955 869
955 928
955 941
955 989
955 992
989 126
989 160
989 173
989 203
989 205
989 212
989 236
989 246
989 249
989 324
989 357
989 413
989 437
989 511
989 512
989 546
989 561
989 566
989 614
989 655
989 677
989 681
989 683
989 700
989 723
989 727
989 738
989 741
989 749
989 754
989 757
989 771
989 775
989 782
989 799
989 813
989 816
989 819
989 851
989 854
989 928
989 941
989 956
989 992
992 28
992 43
992 82
992 113
992 160
992 173
992 212
992 216
992 222
992 236
992 246
992 249
992 270
992 324
992 435
992 437
992 473
992 511
992 512
992 525
992 546
992 561
992 602
992 614
992 655
992 677
992 681
992 683
992 700
992 708
992 727
992 741
992 754
992 757
992 813
992 816
992 818
992 819
992 851
992 869
992 874
992 928
992 941
992 969
2 295
2 643
2 692
2 715
2 798
2 909
2 914
295 148
295 153
295 352
295 544
295 697
295 715
295 805
295 910
643 148
643 171
643 436
643 455
643 544
643 592
643 638
643 697
643 715
643 717
643 739
643 750
643 910
643 914
692 190
692 260
692 352
692 388
692 397
692 436
692 570
692 739
692 750
692 770
692 773
692 798
692 910
692 914
692 994
715 224
715 382
715 397
715 440
715 455
715 544
715 592
715 623
715 697
715 739
715 770
715 773
715 798
715 845
715 940
798 148
798 166
798 224
798 302
798 352
798 388
798 397
798 426
798 544
798 697
798 739
798 750
798 770
798 845
798 910
798 912
798 914
798 952
798 968
909 73
909 177
909 195
909 226
909 274
909 410
909 476
909 500
909 503
909 526
909 528
909 536
909 547
909 559
909 689
909 713
909 720
909 724
909 730
909 790
909 827
909 837
909 838
909 846
909 855
909 901
909 937
909 957
909 977
909 978
914 14
914 46
914 75
914 148
914 166
914 185
914 186
914 224
914 260
914 286
914 302
914 352
914 397
914 420
914 451
914 529
914 544
914 592
914 623
914 697
914 739
914 750
914 773
914 844
914 845
914 877
914 939
914 970
3 447
3 685
3 781
3 847
3 860
3 922
3 926
447 448
447 487
447 781
447 788
447 822
447 840
447 880
447 918
447 922
447 998
685 268
685 301
685 350
685 485
685 487
685 593
685 594
685 652
685 788
685 822
685 840
685 860
685 880
685 926
685 988
781 75
781 102
781 203
781 234
781 259
781 268
781 301
781 594
781 612
781 652
781 730
781 778
781 822
781 860
781 868
781 880
781 881
781 922
781 926
847 144
847 198
847 383
847 384
847 521
847 534
847 556
847 590
847 596
847 605
847 617
847 680
847 728
847 751
847 753
847 804
847 813
847 814
847 888
847 919
847 950
847 951
847 954
847 997
860 164
860 197
860 234
860 300
860 396
860 429
860 446
860 448
860 455
860 487
860 594
860 612
860 626
860 652
860 730
860 767
860 788
860 822
860 840
860 922
860 926
860 937
860 962
922 102
922 161
922 164
922 197
922 203
922 234
922 259
922 300
922 301
922 396
922 446
922 448
922 487
922 586
922 594
922 612
922 620
922 626
922 652
922 697
922 703
922 730
922 788
922 822
922 840
922 880
922 926
922 942
926 7
926 102
926 164
926 197
926 203
926 227
926 234
926 259
926 268
926 300
926 301
926 350
926 396
926 448
926 487
926 490
926 586
926 594
926 612
926 626
926 730
926 756
926 788
926 822
926 840
926 884
926 925
926 970
4 56
4 269
4 731
4 807
4 810
4 842
4 898
56 274
56 829
56 883
56 916
56 919
56 938
269 242
269 257
269 464
269 562
269 641
269 810
269 842
269 898
731 17
731 27
731 39
731 262
731 343
731 373
731 381
731 441
731 508
731 562
731 606
731 810
731 842
731 889
731 898
731 913
807 17
807 20
807 23
807 54
807 58
807 64
807 247
807 262
807 272
807 441
807 464
807 508
807 514
807 562
807 606
807 664
807 746
807 810
807 837
807 842
807 898
810 17
810 39
810 54
810 58
810 242
810 247
810 272
810 343
810 381
810 441
810 508
810 574
810 606
810 608
810 664
810 673
810 721
810 898
810 947
842 17
842 20
842 21
842 39
842 58
842 167
842 247
842 272
842 343
842 373
842 381
842 397
842 441
842 476
842 562
842 606
842 664
842 791
842 821
842 898
842 927
898 17
898 20
898 21
898 23
898 39
898 54
898 242
898 247
898 262
898 272
898 334
898 343
898 373
898 381
898 415
898 464
898 508
898 560
898 562
898 567
898 606
898 664
898 963
898 996
5 409
5 486
5 489
5 502
5 769
5 831
5 974
409 18
409 319
409 591
409 670
409 735
409 751
409 862
409 942
409 974
486 58
486 309
486 522
486 546
486 611
486 689
486 782
486 831
486 911
486 942
486 974
489 237
489 250
489 303
489 309
489 591
489 670
489 750
489 782
489 831
489 942
489 974
502 70
502 201
502 202
502 243
502 277
502 611
502 782
502 831
502 844
502 942
502 974
769 113
769 256
769 297
769 359
769 370
769 472
769 514
769 530
769 616
769 675
769 690
769 707
769 747
769 758
769 784
769 800
769 828
769 858
769 877
831 60
831 208
831 250
831 277
831 298
831 309
831 351
831 379
831 414
831 509
831 591
831 689
831 706
831 735
831 782
831 850
831 928
831 942
831 974
974 18
974 39
974 90
974 201
974 208
974 212
974 216
974 221
974 237
974 243
974 250
974 266
974 277
974 297
974 298
974 309
974 351
974 377
974 379
974 410
974 411
974 412
974 414
974 522
974 591
974 611
974 668
974 670
974 689
974 706
974 733
974 735
974 753
974 782
974 862
974 942
6 674
6 700
6 703
6 833
6 967
6 998
6 999
674 104
674 389
674 454
674 538
674 719
674 763
674 783
674 811
674 851
674 911
674 913
674 967
674 996
674 998
674 999
700 246
700 356
700 413
700 437
700 490
700 499
700 525
700 677
700 708
700 757
700 816
700 869
700 928
700 941
703 722
703 763
703 785
703 802
703 858
703 874
703 879
703 892
703 911
703 915
703 948
703 961
703 967
703 996
703 999
833 258
833 303
833 306
833 372
833 535
833 543
833 548
833 593
833 637
833 684
833 686
833 688
833 714
833 746
833 753
833 824
833 858
833 866
833 897
833 927
833 936
833 986
833 988
967 35
967 153
967 165
967 188
967 202
967 367
967 389
967 391
967 424
967 498
967 579
967 593
967 606
967 657
967 665
967 669
967 670
967 687
967 719
967 722
967 742
967 763
967 783
967 802
967 836
967 874
967 879
967 892
967 925
967 928
967 948
967 949
967 961
967 973
967 976
967 996
967 998
967 999
998 35
998 38
998 61
998 89
998 110
998 129
998 165
998 188
998 191
998 217
998 231
998 311
998 338
998 342
998 367
998 389
998 391
998 394
998 396
998 399
998 424
998 579
998 633
998 669
998 687
998 719
998 722
998 742
998 763
998 783
998 785
998 821
998 836
998 852
998 874
998 879
998 892
998 911
998 928
998 947
998 948
998 961
998 965
998 968
998 996
998 999
999 61
999 89
999 110
999 129
999 153
999 165
999 188
999 201
999 202
999 311
999 389
999 391
999 394
999 399
999 415
999 424
999 473
999 498
999 538
999 571
999 579
999 657
999 663
999 669
999 687
999 719
999 722
999 742
999 754
999 763
999 785
999 802
999 811
999 836
999 879
999 883
999 892
999 911
999 916
999 948
999 949
999 950
999 961
999 988
999 996
7 565
7 580
7 760
7 923
7 952
7 957
565 178
565 273
565 760
565 801
565 809
565 863
565 923
565 924
565 957
565 971
565 976
565 978
580 251
580 353
580 576
580 645
580 654
580 661
580 701
580 771
580 893
580 894
580 899
580 918
760 55
760 241
760 271
760 416
760 485
760 619
760 667
760 801
760 863
760 921
760 923
760 924
760 932
760 952
760 957
760 971
760 976
923 30
923 80
923 138
923 263
923 273
923 277
923 339
923 377
923 417
923 485
923 493
923 550
923 558
923 587
923 619
923 667
923 702
923 801
923 832
923 843
923 863
923 865
923 921
923 924
923 932
923 952
923 957
923 962
923 971
923 976
952 30
952 47
952 53
952 55
952 87
952 138
952 152
952 178
952 273
952 339
952 454
952 485
952 493
952 505
952 550
952 558
952 587
952 619
952 650
952 667
952 702
952 714
952 725
952 801
952 820
952 863
952 901
952 921
952 924
952 932
952 957
952 971
952 976
952 997
957 30
957 47
957 53
957 80
957 87
957 138
957 149
957 152
957 154
957 178
957 233
957 263
957 417
957 454
957 493
957 496
957 511
957 550
957 558
957 587
957 619
957 650
957 667
957 702
957 801
957 822
957 863
957 910
957 921
957 924
957 932
957 971
957 976
957 983
8 727
8 885
8 888
8 946
8 950
8 954
8 997
727 41
727 82
727 216
727 249
727 357
727 476
727 512
727 681
727 754
727 851
727 858
727 869
727 997
885 33
885 36
885 85
885 128
885 142
885 179
885 198
885 213
885 280
885 431
885 457
885 468
885 521
885 534
885 556
885 569
885 596
885 642
885 663
885 690
885 728
885 789
885 814
885 888
885 933
885 950
885 956
885 997
888 25
888 40
888 144
888 198
888 213
888 280
888 468
888 507
888 556
888 590
888 617
888 651
888 663
888 680
888 693
888 713
888 804
888 814
888 853
888 881
888 943
888 950
888 951
888 954
888 956
888 997
946 27
946 42
946 65
946 73
946 81
946 122
946 168
946 283
946 289
946 341
946 363
946 373
946 375
946 445
946 449
946 540
946 545
946 585
946 642
946 660
946 668
946 696
946 776
946 778
946 784
946 814
946 846
946 848
946 912
946 934
946 943
946 965
946 969
946 972
946 979
946 995
950 25
950 44
950 74
950 85
950 128
950 144
950 198
950 213
950 275
950 280
950 325
950 330
950 340
950 465
950 507
950 521
950 543
950 556
950 596
950 605
950 614
950 663
950 680
950 728
950 773
950 804
950 861
950 866
950 951
950 954
950 956
950 972
950 997
954 33
954 128
954 144
954 179
954 207
954 263
954 280
954 340
954 383
954 457
954 465
954 468
954 507
954 521
954 534
954 560
954 569
954 590
954 592
954 596
954 617
954 644
954 651
954 663
954 680
954 712
954 728
954 762
954 796
954 804
954 814
954 854
954 951
954 956
954 997
997 16
997 25
997 33
997 44
997 65
997 74
997 85
997 128
997 142
997 144
997 179
997 325
997 340
997 351
997 383
997 384
997 465
997 468
997 507
997 521
997 534
997 542
997 556
997 569
997 590
997 596
997 605
997 617
997 651
997 663
997 680
997 712
997 728
997 785
997 804
997 814
997 872
997 916
997 951
997 956
997 959
9 603
9 634
9 875
9 884
9 936
9 966
603 111
603 282
603 475
603 570
603 600
603 698
603 772
603 785
603 796
603 857
603 884
603 935
603 966
634 199
634 235
634 319
634 679
634 698
634 766
634 772
634 795
634 796
634 856
634 935
634 938
634 966
875 40
875 59
875 123
875 156
875 284
875 292
875 308
875 319
875 331
875 347
875 513
875 526
875 559
875 570
875 679
875 680
875 710
875 750
875 772
875 796
875 856
875 857
875 884
875 935
875 959
875 966
875 968
884 111
884 182
884 284
884 292
884 296
884 302
884 308
884 319
884 331
884 347
884 363
884 376
884 475
884 559
884 570
884 679
884 698
884 771
884 772
884 796
884 845
884 856
884 857
884 935
884 966
936 71
936 78
936 97
936 223
936 272
936 313
936 316
936 321
936 327
936 434
936 460
936 478
936 509
936 554
936 595
936 621
936 729
936 789
936 809
936 873
936 908
936 910
936 911
936 925
936 931
936 981
966 40
966 98
966 111
966 123
966 156
966 199
966 235
966 282
966 284
966 292
966 296
966 308
966 319
966 331
966 347
966 359
966 376
966 475
966 501
966 513
966 570
966 671
966 679
966 698
966 710
966 729
966 772
966 795
966 819
966 856
966 857
966 905
966 908
966 935
966 945
10 24
10 63
10 387
10 868
10 896
10 906
10 976
24 492
24 630
24 675
24 774
24 896
24 906
63 382
63 597
63 630
63 868
63 906
387 344
387 461
387 478
387 568
387 630
387 787
387 868
387 896
387 906
868 32
868 244
868 255
868 314
868 315
868 329
868 344
868 382
868 444
868 449
868 454
868 461
868 462
868 466
868 510
868 529
868 568
868 630
868 675
868 896
868 906
868 979
868 981
896 32
896 125
896 244
896 255
896 292
896 314
896 315
896 329
896 344
896 382
896 385
896 448
896 461
896 462
896 466
896 510
896 529
896 568
896 630
896 675
896 774
896 869
896 892
896 906
896 932
906 32
906 244
906 255
906 314
906 327
906 329
906 344
906 382
906 385
906 444
906 461
906 462
906 466
906 510
906 529
906 568
906 630
906 635
906 675
906 774
906 843
906 921
906 925
976 30
976 42
976 47
976 53
976 55
976 62
976 80
976 87
976 138
976 154
976 178
976 263
976 273
976 339
976 417
976 454
976 493
976 550
976 558
976 587
976 619
976 650
976 667
976 702
976 776
976 786
976 801
976 863
976 871
976 921
976 924
976 930
976 932
976 951
976 971
11 156
11 458
11 488
11 514
11 690
11 828
11 877
156 646
156 710
156 795
156 856
156 857
458 114
458 134
458 472
458 637
458 690
458 725
458 758
458 800
458 861
458 877
488 129
488 359
488 680
488 690
488 747
488 758
488 784
488 800
488 828
488 877
488 994
514 134
514 530
514 616
514 690
514 747
514 758
514 784
514 828
514 877
690 370
690 507
690 530
690 707
690 747
690 784
690 800
690 804
690 828
690 877
690 971
828 15
828 69
828 113
828 114
828 134
828 147
828 256
828 359
828 370
828 472
828 496
828 596
828 616
828 707
828 758
828 784
828 800
828 877
877 34
877 113
877 114
877 134
877 147
877 256
877 331
877 359
877 370
877 472
877 530
877 616
877 707
877 747
877 758
877 784
877 800
877 805
877 812
877 864
12 844
12 869
12 871
12 883
12 916
12 919
12 938
844 109
844 184
844 206
844 317
844 395
844 420
844 533
844 572
844 598
844 640
844 726
844 743
844 803
844 826
844 829
844 871
844 883
844 902
844 908
844 916
844 919
844 938
869 145
869 209
869 216
869 270
869 357
869 413
869 512
869 546
869 549
869 561
869 566
869 655
869 681
869 683
869 708
869 754
869 773
869 819
869 928
869 941
871 69
871 149
871 172
871 206
871 228
871 317
871 395
871 420
871 427
871 533
871 572
871 598
871 602
871 640
871 648
871 726
871 803
871 826
871 829
871 879
871 883
871 916
871 919
871 938
883 109
883 149
883 163
883 184
883 265
883 293
883 317
883 395
883 467
883 533
883 598
883 640
883 695
883 726
883 803
883 826
883 829
883 887
883 916
883 919
883 933
883 938
916 69
916 109
916 149
916 184
916 206
916 228
916 395
916 420
916 427
916 533
916 572
916 598
916 640
916 650
916 695
916 708
916 726
916 773
916 788
916 803
916 826
916 829
916 918
916 919
916 938
919 69
919 109
919 163
919 184
919 206
919 228
919 265
919 283
919 317
919 395
919 420
919 533
919 558
919 572
919 598
919 640
919 695
919 726
919 758
919 803
919 826
919 829
919 928
919 929
919 938
938 69
938 109
938 149
938 163
938 184
938 206
938 228
938 265
938 317
938 395
938 420
938 427
938 491
938 525
938 533
938 559
938 572
938 586
938 598
938 640
938 695
938 726
938 803
938 826
938 829
938 996
13 368
13 881
13 887
13 940
13 963
13 964
13 991
368 96
368 398
368 541
368 859
368 940
368 963
368 964
368 973
368 975
881 115
881 157
881 171
881 196
881 285
881 307
881 310
881 362
881 398
881 443
881 511
881 644
881 647
881 709
881 755
881 759
881 762
881 795
881 805
881 841
881 878
881 958
881 984
881 990
881 994
887 14
887 68
887 238
887 336
887 419
887 438
887 491
887 539
887 571
887 581
887 641
887 676
887 744
887 788
887 854
887 859
887 933
887 940
887 962
887 963
887 964
887 973
887 975
887 980
887 981
887 991
940 84
940 116
940 320
940 328
940 438
940 440
940 465
940 497
940 515
940 532
940 539
940 541
940 571
940 599
940 641
940 646
940 721
940 722
940 744
940 859
940 870
940 891
940 920
940 933
940 962
940 963
940 964
940 973
940 975
940 980
940 991
963 28
963 51
963 68
963 118
963 170
963 238
963 272
963 328
963 419
963 422
963 438
963 484
963 500
963 599
963 617
963 639
963 641
963 646
963 701
963 721
963 723
963 744
963 776
963 800
963 854
963 859
963 891
963 920
963 933
963 962
963 964
963 973
963 975
963 980
963 991
964 118
964 238
964 298
964 301
964 328
964 343
964 404
964 419
964 422
964 438
964 484
964 491
964 524
964 532
964 539
964 571
964 639
964 721
964 723
964 744
964 835
964 854
964 859
964 889
964 891
964 908
964 920
964 933
964 942
964 962
964 973
964 975
964 978
964 980
964 991
991 19
991 51
991 84
991 88
991 116
991 170
991 276
991 288
991 337
991 404
991 422
991 438
991 450
991 463
991 481
991 484
991 491
991 497
991 500
991 524
991 532
991 539
991 541
991 570
991 571
991 599
991 639
991 641
991 644
991 646
991 689
991 723
991 744
991 854
991 859
991 891
991 920
991 933
991 962
991 968
991 973
991 980
14 185
14 186
14 455
14 697
14 891
185 436
185 548
185 697
185 750
185 770
185 910
186 103
186 357
186 388
186 480
186 739
186 910
455 183
455 388
455 436
455 623
455 773
455 845
455 910
697 103
697 302
697 451
697 770
697 773
697 832
697 845
697 851
697 910
891 19
891 199
891 428
891 438
891 484
891 491
891 497
891 532
891 539
891 599
891 641
891 646
891 794
891 854
891 859
891 892
891 920
891 933
891 941
891 962
891 973
891 975
891 980
15 659
15 678
15 738
15 780
15 835
15 864
659 65
659 146
659 158
659 264
659 287
659 523
659 604
659 648
659 656
659 738
659 821
659 822
659 834
659 835
659 864
678 146
678 159
678 249
678 322
678 367
678 401
678 523
678 586
678 604
678 656
678 738
678 780
678 834
678 835
678 864
738 45
738 95
738 158
738 159
738 264
738 401
738 604
738 648
738 656
738 736
738 780
738 834
738 835
738 864
738 979
780 95
780 133
780 146
780 159
780 214
780 287
780 317
780 386
780 401
780 523
780 604
780 648
780 656
780 802
780 834
780 835
780 864
835 95
835 146
835 155
835 159
835 214
835 264
835 287
835 386
835 401
835 523
835 551
835 604
835 648
835 656
835 834
835 864
835 879
835 994
864 95
864 101
864 146
864 155
864 158
864 159
864 214
864 264
864 287
864 386
864 401
864 421
864 523
864 604
864 648
864 656
864 785
864 812
864 834
16 44
16 590
16 651
16 804
16 893
16 951
44 507
44 644
44 951
44 956
590 213
590 431
590 465
590 651
590 728
590 804
590 874
590 910
590 951
651 534
651 536
651 556
651 596
651 619
651 712
651 728
651 927
651 951
651 956
804 33
804 142
804 325
804 457
804 468
804 534
804 569
804 617
804 663
804 680
804 712
804 745
804 806
804 843
893 100
893 172
893 204
893 215
893 240
893 278
893 353
893 354
893 463
893 482
893 492
893 496
893 523
893 576
893 624
893 628
893 645
893 654
893 661
893 701
893 718
893 756
893 771
893 894
893 899
893 918
893 941
951 25
951 33
951 142
951 198
951 280
951 290
951 325
951 340
951 384
951 431
951 457
951 465
951 507
951 534
951 556
951 569
951 596
951 600
951 680
951 712
951 728
951 755
951 805
951 814
951 889
951 901
951 956
951 986
17 343
17 836
343 39
343 167
343 441
343 795
836 188
836 202
836 222
836 311
836 394
836 498
836 670
836 687
836 722
836 742
836 763
836 811
836 857
836 874
836 892
836 911
836 948
836 949
836 961
836 996
18 70
18 412
18 862
18 942
70 522
70 706
70 782
70 824
70 862
412 90
412 227
412 298
412 351
412 414
412 633
412 735
412 942
862 184
862 221
862 277
862 286
862 297
862 298
862 351
862 377
862 411
862 414
862 591
862 611
862 670
862 689
862 706
862 735
862 782
862 838
862 876
862 918
862 942
862 968
942 90
942 131
942 201
942 208
942 221
942 237
942 243
942 277
942 297
942 298
942 351
942 377
942 411
942 414
942 445
942 522
942 611
942 670
942 689
942 706
942 757
942 779
942 782
942 934
942 973
19 442
19 839
19 933
19 973
19 975
442 625
442 636
442 667
442 734
442 799
442 867
442 930
442 947
442 970
442 983
839 21
839 31
839 57
839 253
839 349
839 374
839 393
839 421
839 432
839 433
839 549
839 551
839 555
839 566
839 666
839 673
839 698
839 767
839 768
839 812
839 821
839 825
839 830
839 832
933 84
933 170
933 336
933 337
933 419
933 422
933 497
933 524
933 532
933 541
933 552
933 639
933 721
933 723
933 743
933 813
933 854
933 859
933 931
933 959
933 962
933 973
933 975
933 980
973 88
973 175
973 219
973 238
973 283
973 328
973 337
973 404
973 422
973 438
973 484
973 491
973 497
973 515
973 532
973 539
973 541
973 639
973 641
973 684
973 721
973 723
973 840
973 854
973 859
973 913
973 920
973 962
973 975
973 980
973 994
975 51
975 68
975 84
975 120
975 165
975 175
975 191
975 238
975 328
975 351
975 419
975 422
975 438
975 491
975 524
975 541
975 571
975 599
975 639
975 641
975 718
975 721
975 726
975 744
975 853
975 854
975 859
975 889
975 962
975 970
975 980
975 994
20 262
20 464
20 664
20 784
262 272
262 464
262 664
262 759
262 986
464 21
464 163
464 247
464 534
464 664
464 899
664 39
664 138
664 272
664 373
664 381
664 395
664 508
664 606
664 665
784 113
784 114
784 256
784 359
784 370
784 616
784 707
784 747
784 758
784 794
784 800
784 855
784 924
21 167
21 562
21 606
167 242
167 373
167 381
167 795
167 980
562 54
562 369
562 373
562 381
562 508
562 606
562 917
606 58
606 250
606 373
606 508
606 882
22 604
22 943
22 965
22 969
22 972
22 994
22 995
604 155
604 158
604 214
604 648
604 670
604 687
604 834
943 27
943 124
943 151
943 168
943 200
943 279
943 326
943 334
943 358
943 449
943 469
943 505
943 545
943 551
943 627
943 629
943 642
943 660
943 668
943 724
943 776
943 778
943 799
943 818
943 848
943 912
943 934
943 965
943 969
943 972
943 979
943 993
943 995
965 81
965 84
965 122
965 161
965 162
965 260
965 289
965 334
965 358
965 378
965 407
965 445
965 473
965 479
965 505
965 520
965 533
965 545
965 627
965 629
965 660
965 668
965 696
965 721
965 776
965 778
965 818
965 848
965 850
965 901
965 912
965 934
965 969
965 972
965 979
965 993
965 995
969 27
969 72
969 124
969 161
969 168
969 176
969 239
969 341
969 363
969 407
969 433
969 445
969 449
969 473
969 479
969 520
969 534
969 545
969 609
969 627
969 629
969 642
969 660
969 668
969 696
969 778
969 818
969 848
969 912
969 917
969 934
969 949
969 972
969 979
969 993
969 995
972 42
972 65
972 81
972 122
972 124
972 162
972 176
972 200
972 279
972 283
972 334
972 358
972 363
972 449
972 473
972 505
972 517
972 520
972 541
972 627
972 629
972 642
972 648
972 660
972 668
972 696
972 818
972 848
972 849
972 867
972 912
972 949
972 959
972 979
972 993
972 995
994 105
994 115
994 135
994 157
994 171
994 192
994 196
994 285
994 307
994 310
994 346
994 361
994 362
994 378
994 397
994 398
994 402
994 423
994 443
994 577
994 582
994 587
994 610
994 631
994 644
994 647
994 704
994 709
994 733
994 755
994 759
994 761
994 762
994 779
994 797
994 805
994 841
994 845
994 878
994 958
994 984
994 990
995 65
995 67
995 81
995 122
995 161
995 162
995 168
995 176
995 200
995 279
995 283
995 334
995 341
995 363
995 375
995 399
995 407
995 411
995 445
995 449
995 473
995 479
995 520
995 545
995 627
995 629
995 642
995 660
995 668
995 712
995 762
995 776
995 778
995 818
995 823
995 829
995 848
995 872
995 894
995 912
995 937
995 979
995 993
23 58
23 441
23 508
23 636
23 673
58 148
441 242
441 272
441 373
441 679
441 694
508 242
508 247
508 363
508 734
636 650
636 743
636 752
636 756
636 764
636 799
636 867
636 889
636 930
636 947
636 962
636 970
636 983
673 57
673 393
673 432
673 540
673 549
673 666
673 767
673 768
673 821
673 825
673 830
673 832
673 903
492 482
492 576
492 584
492 701
492 718
492 779
492 894
492 899
492 918
492 981
630 195
630 238
630 329
630 385
630 510
630 529
630 568
630 774
630 899
675 201
675 255
675 315
675 329
675 344
675 382
675 444
675 461
675 510
675 668
675 774
774 244
774 255
774 306
774 314
774 315
774 329
774 344
774 385
774 444
774 466
774 510
774 532
774 568
774 638
774 931
25 325
25 826
25 956
325 142
325 383
325 956
325 961
826 69
826 109
826 184
826 228
826 265
826 356
826 420
826 427
826 572
826 598
826 640
826 695
826 716
826 751
826 790
826 803
826 829
956 33
956 128
956 158
956 179
956 198
956 258
956 365
956 384
956 431
956 432
956 457
956 465
956 468
956 507
956 521
956 534
956 556
956 569
956 596
956 605
956 617
956 663
956 680
956 712
956 814
956 856
956 897
956 977
26 203
26 507
26 751
26 873
26 947
26 970
26 983
203 594
203 822
203 880
507 74
507 453
507 605
751 174
751 180
751 181
751 418
751 658
751 764
751 766
751 820
751 867
751 889
751 911
751 930
751 947
751 970
751 983
873 43
873 91
873 170
873 174
873 181
873 207
873 234
873 330
873 356
873 432
873 601
873 625
873 658
873 734
873 743
873 752
873 756
873 799
873 820
873 857
873 867
873 889
873 930
873 970
873 983
947 43
947 49
947 83
947 91
947 99
947 180
947 181
947 192
947 330
947 354
947 356
947 416
947 418
947 459
947 600
947 601
947 625
947 658
947 729
947 734
947 743
947 756
947 766
947 799
947 820
947 849
947 867
947 889
947 930
947 970
947 983
970 43
970 49
970 83
970 91
970 99
970 174
970 180
970 181
970 192
970 207
970 356
970 418
970 594
970 601
970 625
970 658
970 722
970 734
970 743
970 752
970 756
970 764
970 766
970 799
970 820
970 855
970 867
970 889
970 924
970 930
970 980
970 983
983 43
983 49
983 83
983 91
983 99
983 174
983 180
983 181
983 192
983 207
983 231
983 245
983 330
983 353
983 356
983 416
983 418
983 466
983 533
983 569
983 601
983 625
983 658
983 734
983 743
983 752
983 756
983 764
983 766
983 799
983 802
983 820
983 829
983 867
983 889
983 930
983 996
27 375
27 655
27 993
375 479
375 693
375 696
375 806
375 818
375 979
375 993
655 413
655 525
655 546
655 757
655 816
655 851
655 861
655 928
655 941
655 993
993 42
993 65
993 81
993 95
993 122
993 124
993 152
993 161
993 168
993 176
993 254
993 279
993 280
993 283
993 289
993 334
993 341
993 363
993 445
993 449
993 473
993 505
993 520
993 545
993 627
993 629
993 642
993 656
993 660
993 696
993 752
993 765
993 776
993 778
993 818
993 848
993 870
993 902
993 912
993 934
993 979
28 205
28 482
28 561
28 757
28 816
205 246
205 314
205 851
205 928
205 941
205 971
482 215
482 230
482 354
482 496
482 584
482 624
482 629
482 894
482 899
561 41
561 173
561 223
561 615
561 741
561 757
561 851
561 928
561 996
757 222
757 381
757 484
757 512
757 546
757 754
757 795
757 813
757 816
757 851
757 928
757 941
816 222
816 357
816 413
816 420
816 470
816 525
816 566
816 612
816 681
816 735
816 741
816 754
816 819
816 851
816 941
29 706
29 817
29 904
29 917
29 929
29 945
29 953
706 232
706 250
706 297
706 377
706 379
706 414
706 591
706 670
706 689
706 735
706 953
817 155
817 481
817 589
817 597
817 607
817 633
817 691
817 737
817 823
817 886
817 890
817 902
817 904
817 905
817 907
817 917
817 929
817 939
817 944
817 945
817 953
817 959
904 151
904 293
904 299
904 355
904 403
904 415
904 430
904 481
904 522
904 567
904 597
904 607
904 633
904 691
904 717
904 737
904 782
904 789
904 823
904 890
904 905
904 907
904 917
904 929
904 944
904 945
904 953
904 959
917 143
917 151
917 312
917 355
917 403
917 405
917 430
917 481
917 589
917 597
917 607
917 631
917 633
917 691
917 737
917 823
917 890
917 894
917 905
917 907
917 929
917 944
917 945
917 949
917 953
917 959
917 977
929 43
929 60
929 108
929 131
929 248
929 293
929 312
929 355
929 415
929 430
929 481
929 506
929 587
929 589
929 607
929 650
929 691
929 737
929 744
929 823
929 890
929 905
929 907
929 920
929 944
929 945
929 953
929 959
945 60
945 104
945 108
945 127
945 131
945 135
945 248
945 293
945 312
945 355
945 403
945 405
945 415
945 430
945 481
945 560
945 585
945 589
945 597
945 607
945 633
945 737
945 823
945 879
945 890
945 905
945 907
945 944
945 953
945 959
945 984
953 60
953 67
953 86
953 107
953 108
953 131
953 143
953 151
953 248
953 301
953 355
953 403
953 405
953 415
953 430
953 481
953 589
953 597
953 607
953 633
953 691
953 737
953 823
953 890
953 905
953 907
953 910
953 924
953 944
953 959
953 978
953 986
30 776
30 921
30 971
776 289
776 363
776 407
776 424
776 473
776 627
776 642
776 668
776 848
776 912
776 934
776 979
921 62
921 80
921 152
921 154
921 273
921 312
921 339
921 350
921 417
921 454
921 456
921 485
921 493
921 550
921 558
921 573
921 587
921 619
921 650
921 667
921 723
921 801
921 863
921 924
921 932
921 971
971 47
971 53
971 62
971 80
971 87
971 138
971 152
971 154
971 178
971 242
971 263
971 273
971 339
971 434
971 454
971 485
971 493
971 550
971 558
971 587
971 619
971 650
971 667
971 702
971 704
971 730
971 732
971 801
971 863
971 924
971 932
971 935
31 549
31 696
31 709
31 767
31 768
31 830
549 540
549 551
549 666
549 767
549 768
549 821
549 825
549 832
549 882
696 218
696 341
696 505
696 764
696 778
696 818
696 848
696 912
696 934
696 979
709 115
709 346
709 365
709 443
709 582
709 616
709 733
709 761
709 762
709 805
709 878
709 918
709 958
709 984
709 990
767 393
767 421
767 433
767 452
767 524
767 540
767 551
767 555
767 666
767 768
767 821
767 825
767 830
767 832
767 837
768 220
768 253
768 345
768 421
768 433
768 532
768 551
768 555
768 594
768 595
768 666
768 821
768 825
768 830
768 832
830 57
830 220
830 253
830 349
830 393
830 421
830 432
830 433
830 521
830 540
830 551
830 578
830 666
830 777
830 821
830 825
830 832
830 859
830 986
32 369
32 444
32 462
32 529
369 578
369 609
369 725
369 777
369 815
369 850
369 853
369 900
444 244
444 344
444 385
444 529
444 802
444 874
462 315
462 347
462 385
462 466
462 510
462 529
462 980
529 329
529 385
529 493
529 827
33 907
907 60
907 107
907 131
907 143
907 293
907 403
907 405
907 430
907 589
907 597
907 633
907 691
907 719
907 737
907 758
907 773
907 823
907 890
907 895
907 905
907 944
907 958
907 959
34 827
34 838
34 901
34 937
34 977
34 978
827 274
827 452
827 457
827 476
827 528
827 536
827 547
827 585
827 594
827 677
827 713
827 724
827 790
827 837
827 838
827 855
827 901
827 935
827 937
827 977
827 978
838 51
838 177
838 195
838 226
838 271
838 452
838 476
838 498
838 500
838 536
838 585
838 671
838 720
838 729
838 772
838 837
838 855
838 901
838 977
838 978
901 125
901 177
901 194
901 195
901 274
901 410
901 476
901 500
901 503
901 526
901 536
901 585
901 660
901 671
901 713
901 720
901 724
901 837
901 855
901 902
901 937
901 977
901 978
937 73
937 76
937 77
937 112
937 194
937 226
937 271
937 274
937 276
937 410
937 450
937 476
937 500
937 503
937 528
937 536
937 547
937 585
937 671
937 710
937 713
937 720
937 790
937 809
937 812
937 837
937 855
937 977
937 978
977 54
977 73
977 76
977 108
977 112
977 177
977 194
977 195
977 226
977 266
977 271
977 274
977 401
977 410
977 449
977 452
977 453
977 476
977 500
977 503
977 526
977 528
977 536
977 547
977 585
977 671
977 713
977 720
977 724
977 790
977 837
977 886
977 911
977 978
978 73
978 76
978 96
978 112
978 177
978 188
978 194
978 195
978 226
978 266
978 271
978 274
978 276
978 410
978 452
978 476
978 500
978 503
978 526
978 528
978 536
978 547
978 585
978 652
978 671
978 713
978 714
978 720
978 724
978 752
978 790
978 837
978 855
35 229
35 657
35 879
35 949
35 996
229 37
229 588
229 714
229 876
229 902
229 913
229 939
657 138
657 537
657 687
657 783
657 785
657 892
657 911
657 913
657 948
657 949
657 961
657 996
879 61
879 191
879 248
879 338
879 498
879 579
879 669
879 687
879 719
879 742
879 756
879 783
879 854
879 874
879 892
879 911
879 948
879 949
879 961
879 996
949 110
949 165
949 188
949 191
949 231
949 311
949 338
949 346
949 348
949 367
949 424
949 498
949 538
949 654
949 669
949 719
949 722
949 742
949 746
949 763
949 802
949 811
949 834
949 874
949 892
949 911
949 948
949 961
949 996
996 38
996 61
996 89
996 129
996 153
996 162
996 188
996 191
996 202
996 217
996 231
996 338
996 389
996 391
996 399
996 424
996 498
996 524
996 538
996 639
996 669
996 687
996 719
996 722
996 742
996 748
996 765
996 783
996 785
996 802
996 874
996 892
996 911
996 932
996 948
996 961
36 218
36 662
36 740
36 852
36 900
36 944
218 101
218 725
218 790
218 850
218 853
218 900
662 225
662 257
662 362
662 527
662 578
662 609
662 740
662 765
662 777
662 815
662 850
662 852
662 853
662 900
662 958
740 257
740 348
740 435
740 574
740 578
740 585
740 609
740 665
740 725
740 765
740 777
740 843
740 850
740 852
740 853
740 900
740 911
852 101
852 133
852 137
852 254
852 257
852 365
852 435
852 493
852 574
852 578
852 609
852 665
852 725
852 764
852 765
852 777
852 815
852 850
852 853
852 900
852 939
900 94
900 101
900 133
900 137
900 257
900 261
900 348
900 433
900 435
900 521
900 574
900 578
900 609
900 665
900 725
900 765
900 777
900 779
900 787
900 814
900 815
900 850
900 853
900 934
944 107
944 108
944 131
944 143
944 248
944 293
944 312
944 355
944 405
944 415
944 430
944 481
944 589
944 597
944 607
944 633
944 660
944 691
944 737
944 766
944 806
944 823
944 890
944 905
944 908
944 924
944 959
944 986
37 102
37 677
37 716
37 902
37 903
37 939
102 840
102 876
102 880
677 511
677 614
677 681
677 683
677 813
677 837
677 851
677 920
677 941
716 182
716 318
716 354
716 468
716 542
716 560
716 622
716 653
716 806
716 872
716 874
716 895
716 902
716 913
716 939
902 45
902 66
902 93
902 117
902 145
902 193
902 233
902 318
902 467
902 483
902 518
902 588
902 600
902 610
902 615
902 653
902 705
902 714
902 876
902 895
902 913
902 930
902 939
903 45
903 66
903 193
903 233
903 305
903 434
903 467
903 480
903 483
903 542
903 600
903 615
903 653
903 693
903 705
903 714
903 742
903 799
903 806
903 872
903 876
903 895
903 913
903 918
903 930
903 939
903 948
939 93
939 182
939 210
939 318
939 434
939 467
939 480
939 518
939 519
939 542
939 560
939 588
939 600
939 615
939 622
939 653
939 693
939 705
939 714
939 796
939 801
939 806
939 872
939 876
939 895
939 913
38 364
38 802
38 892
38 934
38 948
364 111
364 320
364 459
364 516
364 548
364 573
364 711
364 732
364 787
802 217
802 389
802 394
802 537
802 538
802 722
802 742
802 748
802 785
802 811
802 874
802 911
802 948
892 89
892 129
892 367
892 394
892 424
892 436
892 571
892 669
892 687
892 695
892 742
892 747
892 783
892 785
892 874
892 948
892 961
934 42
934 105
934 124
934 161
934 162
934 200
934 334
934 341
934 358
934 363
934 407
934 445
934 479
934 505
934 520
934 629
934 660
934 668
934 718
934 765
934 778
934 818
934 848
934 912
948 110
948 153
948 165
948 217
948 231
948 235
948 304
948 338
948 367
948 399
948 406
948 424
948 435
948 498
948 579
948 669
948 719
948 722
948 737
948 748
948 783
948 785
948 811
948 911
948 990
40 475
40 720
40 856
40 935
475 331
475 494
475 531
475 856
475 857
475 920
475 935
720 266
720 274
720 526
720 536
720 653
720 671
720 724
720 753
720 790
720 837
720 984
856 98
856 111
856 199
856 292
856 296
856 308
856 679
856 698
856 704
856 710
856 772
856 795
856 796
856 801
856 829
856 837
856 935
856 961
935 85
935 98
935 111
935 123
935 169
935 199
935 292
935 293
935 296
935 308
935 331
935 347
935 376
935 425
935 501
935 513
935 559
935 570
935 698
935 710
935 765
935 795
935 796
935 857
41 216
41 941
41 990
216 851
216 928
941 68
941 212
941 236
941 275
941 292
941 324
941 357
941 512
941 525
941 546
941 554
941 614
941 640
941 683
941 708
941 741
941 749
941 819
941 882
941 928
990 62
990 82
990 99
990 105
990 115
990 135
990 157
990 171
990 196
990 285
990 307
990 310
990 346
990 361
990 362
990 378
990 398
990 402
990 423
990 427
990 443
990 532
990 577
990 581
990 582
990 610
990 631
990 644
990 647
990 704
990 733
990 755
990 759
990 761
990 762
990 770
990 779
990 797
990 805
990 841
990 878
990 958
990 984
42 726
42 979
726 212
726 420
726 533
726 572
726 593
726 598
726 640
726 695
726 803
726 829
979 122
979 124
979 162
979 168
979 228
979 279
979 289
979 341
979 346
979 358
979 363
979 366
979 372
979 407
979 449
979 473
979 479
979 505
979 520
979 545
979 591
979 629
979 642
979 660
979 668
979 778
979 818
979 912
979 986
43 820
820 356
820 432
820 541
820 545
820 601
820 625
820 658
820 734
820 752
820 756
820 764
820 766
820 799
820 889
820 905
820 930
644 307
644 704
644 755
644 759
644 797
644 841
644 878
644 958
644 984
45 806
45 872
45 876
45 913
806 117
806 145
806 182
806 434
806 560
806 614
806 615
806 705
806 714
806 841
806 872
806 876
806 895
806 913
872 96
872 117
872 145
872 193
872 233
872 305
872 318
872 324
872 434
872 480
872 560
872 592
872 600
872 653
872 705
872 714
872 876
872 895
872 961
876 96
876 117
876 222
876 305
876 434
876 480
876 483
876 542
876 553
876 588
876 600
876 615
876 693
876 705
876 714
876 895
876 913
876 962
913 93
913 117
913 193
913 233
913 318
913 321
913 434
913 467
913 483
913 518
913 588
913 615
913 622
913 653
913 693
913 705
913 714
913 800
913 895
46 316
46 480
46 750
46 773
46 845
46 910
316 931
316 981
480 600
480 693
480 714
480 895
750 190
750 200
750 286
750 352
750 388
750 397
750 451
750 509
750 623
750 773
750 845
773 166
773 260
773 352
773 436
773 592
773 623
773 739
773 845
773 910
845 103
845 166
845 190
845 224
845 260
845 286
845 302
845 436
845 451
845 452
845 513
845 544
845 592
845 722
845 910
910 103
910 148
910 190
910 224
910 260
910 286
910 302
910 352
910 388
910 436
910 451
910 505
910 623
910 739
910 770
910 915
47 777
47 924
47 932
777 225
777 348
777 365
777 435
777 578
777 665
777 719
777 725
777 765
777 788
777 815
777 850
777 853
924 53
924 55
924 62
924 87
924 116
924 152
924 263
924 273
924 296
924 454
924 485
924 493
924 558
924 587
924 619
924 650
924 702
924 801
924 861
924 932
932 52
932 53
932 55
932 62
932 154
932 178
932 263
932 339
932 419
932 454
932 485
932 493
932 494
932 536
932 550
932 558
932 619
932 650
932 667
932 702
932 786
932 801
932 863
48 408
48 424
48 824
48 858
48 866
48 927
48 988
408 428
408 552
408 563
408 613
408 620
408 638
408 639
408 682
408 968
424 579
424 961
824 106
824 110
824 144
824 183
824 236
824 258
824 290
824 294
824 499
824 543
824 567
824 593
824 637
824 753
824 846
824 858
824 865
824 866
824 897
824 986
824 988
858 290
858 291
858 303
858 439
858 499
858 503
858 516
858 564
858 593
858 618
858 628
858 686
858 748
858 846
858 865
858 866
858 897
858 927
858 986
858 988
866 75
866 251
866 303
866 304
866 372
866 448
866 543
866 564
866 618
866 688
866 741
866 746
866 748
866 753
866 766
866 791
866 865
866 897
866 927
866 986
866 988
927 106
927 183
927 245
927 303
927 372
927 426
927 439
927 469
927 499
927 535
927 543
927 564
927 575
927 617
927 618
927 628
927 637
927 688
927 746
927 748
927 753
927 791
927 865
927 878
927 897
927 986
988 83
988 106
988 123
988 126
988 127
988 198
988 251
988 290
988 291
988 303
988 304
988 306
988 372
988 426
988 439
988 499
988 535
988 543
988 555
988 564
988 567
988 575
988 593
988 618
988 628
988 637
988 686
988 688
988 746
988 748
988 753
988 787
988 791
988 803
988 832
988 846
988 865
988 890
988 897
988 986
49 573
49 749
49 766
49 889
573 121
573 342
573 360
573 459
573 516
573 519
573 548
573 557
573 711
573 787
749 82
749 160
749 209
749 212
749 324
749 418
749 525
749 625
749 681
749 708
749 813
749 819
749 851
749 890
749 928
766 91
766 181
766 207
766 330
766 416
766 601
766 625
766 743
766 752
766 850
766 889
889 83
889 91
889 99
889 180
889 245
889 356
889 416
889 481
889 658
889 676
889 734
889 743
889 756
889 764
889 867
889 930
50 342
50 459
50 516
50 519
50 602
50 787
50 859
342 121
342 335
342 380
342 517
342 548
342 732
342 787
459 141
459 189
459 320
459 333
459 335
459 711
459 851
516 134
516 270
516 320
516 471
516 548
516 711
516 732
516 787
519 141
519 189
519 471
519 548
519 666
519 711
519 732
519 787
519 848
602 400
602 608
602 745
602 789
602 908
602 925
602 981
787 72
787 141
787 189
787 333
787 335
787 360
787 380
787 471
787 548
787 711
787 732
787 742
859 51
859 132
859 328
859 404
859 539
859 618
859 723
859 744
859 772
859 811
859 920
859 962
859 980
51 495
51 980
495 350
495 745
495 809
495 908
495 925
495 981
980 68
980 84
980 118
980 175
980 328
980 336
980 422
980 484
980 491
980 524
980 532
980 539
980 541
980 571
980 599
980 601
980 641
980 646
980 671
980 721
980 742
980 744
980 789
980 853
980 854
980 863
980 920
980 962
52 908
52 925
52 981
908 97
908 223
908 327
908 383
908 400
908 429
908 456
908 509
908 595
908 621
908 729
908 745
908 789
908 809
908 925
908 931
908 981
925 78
925 92
925 313
925 400
925 429
925 456
925 478
925 554
925 608
925 621
925 729
925 735
925 745
925 789
925 809
925 894
925 928
925 931
925 981
981 71
981 78
981 97
981 137
981 223
981 254
981 267
981 313
981 321
981 327
981 429
981 456
981 460
981 478
981 509
981 568
981 595
981 598
981 608
981 621
981 641
981 718
981 729
981 745
981 789
981 809
981 899
981 931
53 554
554 423
554 621
554 931
54 146
54 242
146 624
146 834
55 87
87 880
274 544
829 163
829 317
829 395
829 427
829 533
829 572
829 598
829 640
829 695
829 739
829 803
829 880
57 333
57 821
57 825
57 832
333 72
333 247
333 380
333 471
333 711
333 732
821 92
821 253
821 349
821 393
821 421
821 433
821 540
821 551
821 555
821 666
821 756
821 825
821 832
825 217
825 220
825 253
825 349
825 393
825 432
825 433
825 540
825 551
825 555
825 647
825 666
825 691
825 794
825 797
825 832
832 194
832 220
832 349
832 393
832 421
832 432
832 433
832 526
832 540
832 551
832 555
832 666
148 521
148 592
59 319
59 513
59 525
59 559
59 795
59 857
319 698
319 796
319 857
513 199
513 318
513 501
513 559
513 795
513 796
513 895
525 67
525 82
525 437
525 614
559 347
559 398
559 501
559 772
559 796
559 857
795 98
795 282
795 331
795 376
795 501
795 570
795 698
795 772
795 796
795 813
795 857
857 123
857 199
857 235
857 259
857 282
857 284
857 292
857 501
857 611
857 669
857 679
857 772
857 796
60 501
60 959
501 124
501 601
501 679
501 772
501 796
959 67
959 107
959 131
959 143
959 151
959 248
959 293
959 312
959 355
959 403
959 405
959 415
959 430
959 481
959 589
959 597
959 607
959 633
959 691
959 698
959 705
959 707
959 737
959 744
959 823
959 890
959 905
61 471
61 742
61 911
471 121
471 141
471 189
471 360
471 732
471 912
742 328
742 391
742 394
742 874
742 911
742 961
911 191
911 389
911 391
911 394
911 498
911 538
911 596
911 669
911 763
911 783
911 811
911 874
911 961
62 94
94 725
94 765
94 815
94 850
94 853
382 466
382 510
382 568
382 733
597 313
597 691
597 823
597 890
597 905
64 621
64 789
621 92
621 300
621 809
621 834
621 895
789 254
789 302
789 321
789 400
789 745
789 809
789 931
65 283
283 341
283 627
66 467
66 615
66 622
66 623
66 653
467 434
467 518
467 615
467 745
467 814
615 96
615 352
615 622
615 705
615 895
622 93
622 147
622 518
622 527
622 542
622 693
622 705
622 895
622 897
623 75
623 103
623 190
623 451
623 533
623 544
623 739
623 930
653 526
653 542
653 600
653 693
653 714
653 895
67 737
67 890
67 905
737 115
737 131
737 379
737 481
737 691
737 890
737 905
890 107
890 108
890 147
890 151
890 348
890 415
890 430
890 452
890 589
890 607
890 633
890 691
890 823
890 834
890 905
905 143
905 151
905 248
905 311
905 312
905 355
905 403
905 405
905 415
905 546
905 607
905 633
905 635
905 823
905 931
68 721
68 799
721 539
721 553
721 641
721 723
721 854
721 920
721 962
799 245
799 281
799 330
799 418
799 658
799 743
799 752
799 756
799 764
799 867
799 930
69 206
206 273
206 958
522 208
522 250
522 298
522 611
522 702
522 708
522 735
782 137
782 208
782 277
782 309
782 411
782 591
782 611
782 632
782 670
782 735
782 744
71 80
71 931
80 863
931 142
931 223
931 267
931 313
931 321
931 400
931 460
931 478
931 509
931 595
931 608
931 729
931 745
931 755
931 770
931 809
931 968
72 326
72 380
72 711
72 732
326 390
326 537
326 683
326 812
326 861
326 870
326 968
380 121
380 335
380 360
380 524
380 711
380 790
711 141
711 189
711 271
711 335
711 360
711 483
711 548
711 638
711 732
732 121
732 189
732 320
732 335
732 360
732 377
732 483
73 393
73 790
393 588
393 666
790 194
790 271
790 452
790 476
790 500
790 503
790 547
790 611
790 713
790 837
790 855
74 213
74 465
74 528
74 569
213 157
213 695
213 728
465 336
465 663
465 814
528 194
528 276
528 318
528 322
528 410
528 713
569 238
569 596
569 663
569 712
569 814
75 302
75 451
75 739
302 739
451 166
451 285
451 575
451 770
739 260
739 397
739 436
739 544
739 733
739 770
76 270
76 585
76 728
76 855
270 511
270 566
270 708
270 813
270 819
585 289
585 536
585 724
585 837
728 85
728 105
728 128
728 605
728 617
728 663
728 712
728 958
855 112
855 194
855 195
855 226
855 276
855 360
855 410
855 452
855 500
855 503
855 511
855 526
855 724
855 837
855 912
77 294
77 531
77 812
77 861
77 870
77 968
294 275
294 563
294 691
294 812
294 861
294 870
294 968
531 139
531 239
531 390
531 574
531 613
531 638
531 812
531 861
531 882
531 968
812 219
812 537
812 552
812 557
812 563
812 574
812 613
812 620
812 638
812 676
812 682
812 861
812 870
812 882
812 968
861 139
861 219
861 227
861 239
861 275
861 341
861 390
861 553
861 557
861 613
861 620
861 676
861 682
861 870
861 878
861 882
861 968
870 79
870 104
870 154
870 219
870 226
870 227
870 239
870 241
870 428
870 469
870 552
870 553
870 557
870 613
870 638
870 681
870 682
870 811
870 882
870 968
968 79
968 104
968 132
968 139
968 219
968 227
968 239
968 241
968 275
968 390
968 392
968 428
968 469
968 537
968 543
968 552
968 553
968 557
968 563
968 613
968 620
968 638
968 661
968 676
968 682
968 841
968 882
78 291
291 589
291 753
291 846
291 865
291 897
291 986
79 239
79 296
79 428
79 563
79 676
239 620
239 849
296 698
296 710
296 796
428 139
428 255
428 552
428 563
428 638
428 882
563 349
563 390
563 392
563 537
563 557
563 848
563 882
676 132
676 241
676 275
676 311
676 392
676 557
676 613
676 620
676 682
676 882
863 263
863 454
863 463
863 493
863 550
863 582
863 587
863 619
863 650
863 667
863 702
863 719
863 801
863 805
81 237
81 818
237 90
237 405
237 591
237 735
818 176
818 353
818 358
818 416
818 479
818 505
818 654
818 660
818 668
818 778
818 848
83 930
930 174
930 181
930 207
930 245
930 330
930 356
930 416
930 418
930 601
930 625
930 647
930 658
930 734
930 743
930 752
930 756
930 764
930 805
930 867
84 962
962 116
962 120
962 121
962 150
962 175
962 287
962 336
962 337
962 404
962 438
962 491
962 497
962 499
962 541
962 571
962 599
962 639
962 646
962 723
962 744
962 854
962 920
85 605
85 712
605 431
605 468
605 521
605 534
605 679
605 712
605 803
712 180
712 431
712 487
712 617
712 663
712 814
712 882
86 440
86 490
86 494
86 527
86 786
86 915
440 119
440 470
440 581
440 632
440 717
440 786
440 886
440 915
490 210
490 281
490 477
490 494
490 632
490 635
490 717
490 786
490 886
494 130
494 150
494 288
494 477
494 581
494 786
494 886
494 915
527 125
527 130
527 169
527 332
527 450
527 504
527 717
527 886
527 915
786 139
786 169
786 211
786 281
786 288
786 332
786 374
786 477
786 504
786 515
786 581
786 635
786 733
786 886
786 915
915 125
915 130
915 150
915 210
915 211
915 246
915 281
915 288
915 332
915 374
915 425
915 437
915 450
915 453
915 470
915 477
915 504
915 515
915 581
915 632
915 635
915 717
915 763
915 886
915 984
880 197
880 259
880 268
880 300
880 341
880 350
880 396
880 446
880 487
880 547
880 586
880 594
880 612
880 626
880 652
880 654
880 681
880 788
880 822
880 840
88 116
88 190
88 498
88 532
116 723
116 920
190 224
190 457
498 689
498 961
532 571
532 920
89 456
89 579
89 961
456 608
456 745
579 358
579 607
579 667
579 785
579 811
579 874
579 961
961 129
961 165
961 188
961 202
961 338
961 367
961 389
961 394
961 491
961 592
961 669
961 687
961 719
961 762
961 763
961 783
961 785
961 801
961 811
961 815
961 874
90 243
90 535
90 540
243 197
243 297
243 309
243 591
535 171
535 575
535 593
535 628
535 637
535 846
535 865
535 897
535 986
540 432
540 551
540 555
540 666
91 648
648 95
648 155
648 287
648 386
648 401
648 834
93 436
93 588
93 705
436 592
588 145
588 304
588 318
588 560
588 693
588 714
588 850
705 193
705 430
705 542
705 560
705 714
725 133
725 365
725 429
725 574
725 609
725 665
725 718
725 765
725 850
765 257
765 435
765 574
765 578
765 609
765 665
765 815
765 850
765 853
815 133
815 137
815 225
815 257
815 261
815 344
815 365
815 435
815 578
815 609
815 646
815 663
815 665
815 850
815 853
850 137
850 261
850 310
850 348
850 365
850 435
850 574
850 578
850 665
850 853
853 133
853 137
853 225
853 234
853 348
853 365
853 435
853 574
853 578
853 609
853 736
95 834
834 109
834 155
834 159
834 214
834 264
834 287
834 386
834 401
834 417
834 523
834 656
96 518
96 895
518 163
518 276
518 389
518 483
518 693
518 714
895 145
895 182
895 233
895 305
895 483
895 542
895 560
895 596
895 600
895 693
895 755
895 984
97 878
878 135
878 157
878 266
878 307
878 310
878 362
878 398
878 402
878 539
878 577
878 631
878 704
878 733
878 759
878 761
878 779
878 805
878 841
878 958
878 984
98 292
98 595
98 772
595 429
595 509
595 809
772 184
772 308
772 347
772 583
772 679
772 710
772 796
99 330
99 625
330 791
625 392
625 688
625 743
625 756
625 764
100 172
100 211
100 584
100 894
100 899
100 918
172 496
172 624
172 661
172 899
172 918
211 581
211 632
211 635
211 652
211 886
584 143
584 204
584 353
584 463
584 470
584 496
584 611
584 771
584 894
584 899
584 918
894 204
894 215
894 221
894 230
894 240
894 278
894 353
894 463
894 479
894 496
894 624
894 645
894 654
894 661
894 701
894 718
894 771
894 899
894 918
894 986
899 178
899 204
899 215
899 230
899 240
899 353
899 354
899 463
899 496
899 576
899 624
899 645
899 661
899 701
899 718
899 748
899 771
899 849
899 918
918 204
918 215
918 230
918 240
918 278
918 353
918 354
918 463
918 496
918 576
918 624
918 645
918 654
918 661
918 693
918 701
918 718
918 771
918 775
101 137
101 578
101 609
578 257
578 499
609 329
609 572
609 665
840 164
840 259
840 268
840 300
840 301
840 349
840 350
840 396
840 446
840 448
840 487
840 626
840 639
840 683
840 730
840 759
840 822
103 339
103 626
339 410
339 558
339 587
626 112
626 164
626 259
626 268
626 350
626 548
626 586
626 730
626 788
104 227
104 469
104 882
227 219
227 638
469 139
469 392
469 537
469 557
469 753
469 882
882 132
882 275
882 390
882 392
882 537
882 552
882 553
882 557
882 613
882 620
882 638
882 682
882 687
882 741
105 761
105 958
105 984
761 144
761 310
761 346
761 566
761 582
761 698
761 704
761 733
761 755
761 762
761 779
761 797
761 805
761 984
958 135
958 196
958 285
958 307
958 346
958 361
958 362
958 378
958 398
958 403
958 423
958 443
958 564
958 577
958 582
958 610
958 631
958 647
958 666
958 733
958 755
958 759
958 762
958 779
958 797
958 805
958 841
958 984
984 115
984 135
984 145
984 157
984 171
984 196
984 285
984 300
984 307
984 310
984 361
984 378
984 402
984 423
984 443
984 577
984 582
984 610
984 631
984 647
984 665
984 704
984 733
984 735
984 755
984 759
984 762
984 779
984 797
984 805
984 822
984 841
106 304
106 426
106 545
106 986
304 686
304 791
304 846
304 986
426 183
426 251
426 347
426 688
426 748
426 897
426 986
545 162
545 168
545 505
545 629
986 126
986 127
986 143
986 183
986 251
986 258
986 290
986 306
986 372
986 439
986 484
986 499
986 543
986 564
986 567
986 575
986 593
986 618
986 628
986 637
986 686
986 688
986 746
986 748
986 753
986 791
986 846
986 865
986 897
107 448
107 823
448 259
448 612
448 730
823 293
823 405
823 481
823 589
823 607
823 633
823 669
823 691
823 803
108 446
446 234
446 337
446 586
446 652
446 788
446 822
110 719
110 874
719 153
719 504
719 538
719 811
719 874
874 153
874 217
874 338
874 538
874 722
874 763
874 778
874 785
874 811
111 796
796 376
796 405
796 710
796 854
796 867
112 276
112 713
276 547
276 671
713 266
713 526
713 547
713 671
713 694
713 724
713 837
113 758
113 800
758 114
758 134
758 256
758 359
758 568
758 616
758 707
758 747
758 800
758 886
800 114
800 147
800 192
800 256
800 370
800 472
800 520
800 530
800 707
800 714
800 747
114 119
119 150
119 434
119 581
119 632
119 886
115 841
841 118
841 361
841 378
841 398
841 512
841 582
841 589
841 610
841 647
841 704
841 733
841 762
841 779
841 797
841 805
723 170
723 175
723 310
723 497
723 571
723 803
723 854
920 118
920 175
920 196
920 404
920 484
920 491
920 497
920 539
920 591
920 599
920 639
920 641
920 646
920 744
920 811
920 813
117 503
117 791
503 271
503 526
503 671
791 290
791 543
791 637
791 686
791 688
791 746
791 748
791 753
791 759
791 801
791 846
791 865
791 897
118 404
118 744
404 484
404 682
404 848
744 120
744 261
744 484
744 524
744 541
150 453
150 477
150 504
150 886
581 288
581 374
581 504
581 635
581 717
581 886
632 125
632 210
632 288
632 332
632 450
632 478
632 520
632 635
632 717
886 130
886 169
886 210
886 281
886 288
886 332
886 374
886 425
886 450
886 453
886 470
886 504
886 515
886 635
886 771
886 783
120 419
120 809
120 854
120 897
419 268
419 524
419 639
809 313
809 509
809 729
809 743
809 745
854 336
854 337
854 422
854 484
854 639
854 646
897 258
897 303
897 422
897 439
897 564
897 567
897 575
897 593
897 637
897 686
897 693
897 746
897 748
897 846
897 865
121 320
320 335
320 548
320 730
122 388
388 265
388 592
388 770
123 371
123 710
371 140
371 299
371 485
371 684
371 694
371 736
371 794
371 843
371 849
710 235
710 282
710 376
710 497
710 570
710 607
710 679
710 698
125 453
125 717
453 470
453 504
453 515
453 635
453 717
717 374
717 425
717 470
717 477
717 504
717 515
717 530
717 640
126 127
126 499
126 694
126 846
127 543
127 567
127 865
499 618
499 688
499 748
694 232
694 322
694 406
694 474
694 517
694 583
694 649
694 684
694 736
694 775
694 794
694 843
694 849
846 256
846 290
846 439
846 461
846 543
846 567
846 613
846 618
846 637
846 688
846 746
846 753
846 865
543 628
543 686
567 183
567 688
567 748
567 753
567 865
865 261
865 290
865 306
865 337
865 439
865 575
865 593
865 637
865 649
865 682
865 746
865 753
128 308
128 680
308 284
308 288
680 280
680 313
680 340
680 431
680 564
129 231
129 811
231 402
231 785
811 219
811 391
811 538
811 587
811 669
811 763
811 783
811 785
130 281
130 307
130 425
130 642
281 169
281 470
281 515
307 724
425 210
425 418
425 445
425 450
425 470
425 515
642 358
642 449
642 752
642 778
642 912
132 241
132 392
132 553
132 652
241 553
241 682
241 730
392 275
392 537
392 658
553 275
553 357
553 537
553 620
553 682
652 300
652 350
652 612
652 730
652 788
652 822
133 348
133 500
348 261
348 574
500 452
134 256
134 616
256 747
616 176
616 359
616 460
616 472
616 707
616 747
135 346
135 691
346 610
346 755
691 370
691 403
136 366
136 583
136 649
136 741
136 775
136 794
136 843
136 849
366 360
366 506
366 583
366 736
366 775
366 794
366 843
366 849
583 248
583 345
583 439
583 474
583 517
583 649
583 736
583 775
583 794
583 843
649 140
649 252
649 322
649 386
649 390
649 684
649 736
649 775
649 794
649 843
649 849
741 324
741 511
741 566
741 610
741 683
741 708
741 754
741 813
741 851
741 928
775 232
775 299
775 322
775 406
775 411
775 474
775 496
775 506
775 684
775 736
775 794
775 843
775 849
794 140
794 232
794 252
794 345
794 406
794 474
794 517
794 667
794 684
794 736
794 843
794 849
843 140
843 252
843 299
843 322
843 345
843 406
843 474
843 506
843 517
843 537
843 684
843 736
843 849
849 140
849 179
849 232
849 252
849 299
849 322
849 345
849 406
849 474
849 506
849 517
849 684
849 736
138 485
485 362
485 667
139 552
139 638
552 537
552 557
552 613
552 627
552 682
638 537
638 557
638 682
140 168
140 345
140 474
345 232
345 506
345 613
345 684
474 255
474 406
474 679
474 736
141 189
141 548
141 783
189 305
548 360
783 155
783 286
783 338
783 399
783 538
783 669
783 722
783 785
142 381
142 521
381 247
521 179
144 814
814 179
814 280
814 340
814 383
814 384
814 457
814 598
814 617
814 747
145 560
560 542
624 332
624 576
624 612
624 645
624 654
624 661
624 701
624 718
147 530
147 707
147 747
530 370
530 422
530 472
530 707
530 747
707 157
707 305
707 370
707 472
707 745
707 747
747 280
747 359
747 472
747 759
592 166
592 544
592 770
149 576
149 640
149 803
576 228
576 635
576 654
576 701
576 718
576 771
640 403
640 695
640 803
803 163
803 265
803 395
803 427
803 533
803 572
803 695
477 210
477 335
477 374
477 470
477 575
504 151
504 169
504 515
152 722
152 801
722 217
722 687
722 763
801 154
801 178
801 395
801 417
801 550
801 702
153 180
180 867
154 656
656 202
656 214
656 264
656 287
656 386
656 523
155 523
523 158
523 159
523 421
646 170
646 336
646 599
646 639
646 779
157 398
398 759
158 214
158 848
214 754
848 200
848 289
848 299
848 445
848 479
848 627
848 629
848 660
848 778
848 912
159 225
225 261
225 665
225 752
160 282
160 686
160 928
282 376
282 679
282 698
686 183
686 220
686 251
686 472
686 593
686 618
686 637
686 746
928 173
928 222
928 249
928 340
928 511
928 512
928 614
928 669
928 681
928 683
928 754
928 819
161 668
161 912
668 394
668 660
668 912
912 176
912 200
912 279
912 284
912 334
912 407
912 445
912 449
912 479
912 520
912 688
912 778
912 822
162 407
407 423
407 551
163 420
164 267
164 268
164 788
267 704
268 730
788 253
788 300
788 350
788 396
788 487
788 586
788 730
788 822
165 645
645 215
645 402
645 463
645 654
645 661
645 701
645 704
645 771
166 230
166 770
230 215
230 354
230 718
770 260
770 286
770 352
770 397
770 431
770 544
770 613
373 331
169 279
169 374
279 391
279 473
374 635
374 837
170 524
170 689
524 541
689 221
689 277
689 309
689 351
689 379
689 611
689 670
171 647
171 797
647 704
647 759
647 762
647 779
647 805
647 822
797 197
797 264
797 285
797 361
797 402
797 423
797 610
797 631
797 724
797 733
797 755
797 779
797 805
496 354
496 701
661 240
661 278
661 399
661 599
661 654
661 718
661 771
173 413
173 437
173 734
173 813
413 236
413 544
413 577
437 246
437 357
437 383
437 512
437 813
734 192
734 252
734 601
734 743
734 752
734 764
734 867
813 209
813 212
813 236
813 357
813 572
813 681
813 708
813 851
174 192
174 260
174 867
192 207
867 244
867 245
867 356
867 416
867 417
867 418
867 601
867 629
867 658
867 752
867 756
867 764
175 287
175 497
497 238
497 658
176 591
591 201
591 735
177 367
177 724
177 837
367 311
367 687
724 266
724 526
724 671
724 682
724 837
837 226
837 266
837 476
837 536
837 671
179 487
487 396
487 586
181 438
438 666
182 336
182 483
182 693
336 337
483 233
483 600
483 628
693 305
183 258
258 575
258 628
357 819
819 240
819 249
819 338
819 546
819 566
819 681
819 683
819 701
819 754
819 851
305 193
305 600
224 286
224 608
457 385
457 534
457 556
191 633
191 785
633 589
785 297
785 338
785 399
207 390
193 265
193 714
265 598
265 695
195 698
698 199
698 570
196 762
196 779
762 204
762 285
762 362
762 577
762 755
762 779
762 805
779 361
779 402
779 610
779 704
779 733
779 805
197 730
197 822
730 586
730 594
730 822
822 259
822 586
822 594
822 612
198 663
663 263
663 556
200 778
778 309
778 445
778 627
778 660
778 752
201 298
201 670
298 851
670 208
670 250
670 297
670 351
202 763
763 285
763 391
763 399
763 599
763 687
594 396
594 586
204 718
204 771
718 215
718 278
718 463
718 771
771 240
771 278
771 354
771 463
771 637
771 654
246 511
314 315
314 344
314 461
314 681
851 249
851 512
851 542
851 681
851 708
851 754
273 665
390 219
390 620
208 209
208 566
209 566
209 618
566 212
566 511
566 754
618 251
618 564
618 628
618 688
210 627
627 252
627 473
627 629
635 332
635 450
635 470
695 228
695 317
695 427
695 431
695 598
754 493
754 614
754 620
754 683
217 556
556 431
220 421
220 432
220 666
421 666
432 349
221 378
221 411
221 735
378 577
378 704
378 733
411 379
411 414
411 611
735 297
735 351
735 377
735 379
222 512
222 708
708 546
708 614
286 352
608 478
608 568
261 365
261 665
665 435
752 418
752 658
752 743
752 756
354 701
402 443
402 759
232 506
232 517
506 406
506 517
506 684
506 702
506 736
517 252
517 684
517 736
233 318
234 612
612 301
612 586
612 628
235 284
235 347
235 570
284 671
284 679
347 570
570 376
236 614
620 557
620 613
620 682
240 654
654 353
654 701
682 613
309 539
244 400
244 461
400 746
461 376
461 466
461 510
245 764
764 361
764 509
764 601
764 658
764 743
764 756
511 681
248 312
312 306
249 631
631 406
631 423
631 577
631 704
631 733
631 755
631 759
250 377
377 379
377 611
251 303
251 306
303 564
306 575
306 628
252 322
252 736
322 684
736 299
736 370
736 684
253 430
253 433
253 555
433 349
555 349
555 355
555 361
555 551
255 329
255 568
568 315
568 466
257 574
574 365
575 628
575 688
575 746
628 372
628 439
759 361
759 577
759 582
759 755
759 805
264 386
264 558
386 401
558 637
558 702
598 572
266 671
671 547
704 582
704 755
641 571
641 639
271 547
547 452
547 669
544 397
277 611
278 315
278 353
278 701
315 385
701 321
701 463
515 450
515 610
376 679
679 331
288 450
450 332
289 505
289 520
520 629
290 593
593 753
753 564
753 746
753 748
805 362
805 443
805 610
299 406
299 684
684 586
301 350
564 748
600 542
539 599
310 755
755 423
755 733
311 538
311 687
538 355
538 582
687 399
687 577
344 414
681 546
385 658
317 683
683 546
335 360
324 702
702 454
702 619
702 650
702 667
383 384
383 534
383 617
327 729
729 460
729 577
328 510
510 396
510 466
332 460
460 745
334 358
410 536
587 417
587 650
340 596
340 599
340 617
596 384
599 571
617 468
414 379
414 384
610 423
610 577
362 577
372 384
372 688
372 748
384 468
688 746
748 637
748 746
379 582
733 582
582 443
468 542
658 756
401 394
389 746
746 439
443 745
416 743
416 756
743 601
743 607
756 601
417 550
417 667
550 619
550 650
667 650
427 533
427 572
427 629
429 745
431 439
472 619
