0 14
0 298
0 326
0 535
0 573
0 638
0 941
14 415
14 772
14 802
14 888
14 973
14 975
298 186
298 313
298 572
298 612
298 702
298 716
298 886
298 985
326 41
326 97
326 319
326 549
326 753
326 963
326 986
326 989
535 159
535 395
535 481
535 503
535 674
535 703
535 812
535 842
535 853
535 930
535 976
573 611
573 647
573 730
573 753
573 758
573 808
573 893
573 902
573 903
573 939
573 986
573 991
638 153
638 451
638 570
638 574
638 754
638 774
638 829
638 859
638 870
638 919
638 943
638 949
638 986
941 19
941 42
941 52
941 61
941 91
941 127
941 165
941 176
941 244
941 254
941 341
941 361
941 497
941 668
941 766
941 790
941 796
941 798
941 801
941 804
941 815
941 834
941 841
941 849
941 895
941 904
941 921
941 936
941 940
941 950
941 974
941 976
941 977
941 998
1 390
1 574
1 801
1 859
1 936
1 940
1 991
390 161
390 410
390 677
390 693
390 778
390 818
390 830
390 977
390 994
574 54
574 80
574 95
574 216
574 349
574 584
574 758
574 774
574 832
574 879
574 989
801 197
801 267
801 317
801 357
801 402
801 518
801 547
801 622
801 713
801 768
801 818
801 828
801 875
801 948
801 958
801 965
801 975
801 976
801 979
859 84
859 102
859 158
859 172
859 223
859 315
859 346
859 397
859 569
859 628
859 666
859 704
859 724
859 729
859 745
859 774
859 808
859 867
859 869
859 917
859 940
859 943
859 954
859 999
936 95
936 215
936 222
936 301
936 319
936 324
936 343
936 374
936 456
936 507
936 579
936 595
936 615
936 634
936 658
936 681
936 690
936 701
936 719
936 735
936 772
936 786
936 810
936 834
936 868
936 914
936 929
936 935
936 950
936 991
936 996
936 997
940 61
940 93
940 113
940 140
940 142
940 167
940 193
940 241
940 373
940 446
940 567
940 587
940 656
940 750
940 784
940 796
940 813
940 884
940 886
940 887
940 890
940 903
940 916
940 920
940 926
940 938
940 956
940 958
940 972
940 976
940 990
991 5
991 28
991 96
991 104
991 109
991 113
991 124
991 155
991 239
991 330
991 436
991 453
991 462
991 491
991 529
991 565
991 580
991 582
991 583
991 616
991 632
991 706
991 707
991 731
991 741
991 785
991 787
991 816
991 819
991 827
991 832
991 861
991 864
991 870
991 887
991 902
991 932
991 937
991 983
991 985
991 990
991 993
991 995
991 998
2 145
2 212
2 319
2 441
2 621
2 653
2 990
145 159
145 342
145 592
145 666
145 722
145 879
212 278
212 502
212 577
212 842
212 847
212 963
212 994
319 295
319 483
319 524
319 533
319 537
319 834
441 421
441 431
441 624
441 674
441 707
441 711
441 763
441 800
441 872
441 890
621 46
621 222
621 323
621 409
621 569
621 590
621 603
621 844
621 874
621 885
621 913
621 964
621 986
653 141
653 183
653 321
653 518
653 761
653 795
653 866
653 931
653 935
653 953
653 964
653 983
653 986
653 992
990 123
990 131
990 148
990 184
990 189
990 277
990 279
990 360
990 368
990 369
990 414
990 431
990 435
990 545
990 571
990 600
990 607
990 632
990 642
990 644
990 648
990 650
990 692
990 712
990 736
990 750
990 762
990 767
990 814
990 822
990 832
990 874
990 877
990 903
990 904
990 916
990 926
990 947
990 954
990 956
990 988
990 992
990 996
3 55
3 431
3 720
3 758
3 832
3 948
3 956
55 458
55 507
55 629
55 747
55 834
55 932
431 447
431 660
431 738
431 761
431 774
431 877
431 899
431 949
720 110
720 127
720 225
720 501
720 518
720 521
720 643
720 725
720 825
720 844
720 856
720 881
720 914
720 926
720 934
720 943
720 951
758 73
758 85
758 98
758 106
758 110
758 176
758 216
758 254
758 294
758 541
758 572
758 652
758 685
758 895
758 919
758 942
832 72
832 246
832 255
832 337
832 354
832 610
832 640
832 652
832 683
832 709
832 795
832 823
832 843
832 880
832 923
832 931
832 933
832 954
832 977
832 988
948 40
948 53
948 151
948 192
948 368
948 381
948 434
948 445
948 482
948 488
948 559
948 595
948 603
948 604
948 629
948 702
948 711
948 726
948 746
948 752
948 774
948 779
948 826
948 878
948 882
948 894
948 897
948 905
948 909
948 918
948 959
948 960
948 979
948 997
956 120
956 132
956 135
956 151
956 157
956 201
956 247
956 251
956 257
956 270
956 336
956 377
956 394
956 440
956 502
956 628
956 640
956 650
956 687
956 695
956 737
956 782
956 803
956 847
956 852
956 868
956 890
956 920
956 922
956 926
956 932
956 949
956 953
956 992
956 998
4 34
4 39
4 101
4 201
4 436
4 540
4 716
34 191
34 735
34 754
34 854
34 916
34 937
39 159
39 178
39 247
39 465
39 753
39 880
101 419
101 453
101 790
101 903
101 906
101 933
201 258
201 306
201 761
201 785
201 797
201 887
436 289
436 753
436 760
436 792
436 793
436 872
436 911
436 929
436 998
540 48
540 345
540 458
540 492
540 689
540 705
540 708
540 775
540 819
540 860
540 923
716 173
716 191
716 566
716 783
716 818
716 857
716 861
716 864
716 884
716 894
716 900
716 919
716 966
716 974
716 992
716 993
5 577
5 648
5 796
5 849
5 915
5 989
577 176
577 300
577 550
577 619
577 670
577 709
577 848
577 878
577 881
577 934
577 997
648 129
648 395
648 443
648 564
648 722
648 737
648 750
648 887
648 929
648 932
648 937
648 960
648 980
796 120
796 274
796 295
796 396
796 521
796 610
796 674
796 705
796 734
796 834
796 836
796 847
796 899
796 900
796 921
796 963
796 974
796 982
849 68
849 196
849 203
849 211
849 383
849 463
849 502
849 524
849 550
849 582
849 709
849 752
849 756
849 768
849 785
849 792
849 842
849 858
849 892
849 955
849 957
849 986
849 989
915 64
915 135
915 227
915 237
915 278
915 313
915 387
915 427
915 472
915 506
915 512
915 639
915 672
915 675
915 729
915 731
915 771
915 803
915 806
915 815
915 816
915 835
915 839
915 844
915 890
915 925
915 939
915 945
915 964
915 974
989 215
989 233
989 258
989 272
989 288
989 385
989 416
989 513
989 519
989 523
989 539
989 575
989 609
989 614
989 656
989 698
989 712
989 735
989 747
989 774
989 782
989 783
989 785
989 824
989 827
989 835
989 839
989 848
989 870
989 871
989 880
989 881
989 892
989 896
989 902
989 907
989 919
989 955
989 957
989 960
989 973
989 983
6 106
6 417
6 592
6 727
6 731
6 804
6 852
106 311
106 339
106 595
106 729
106 946
417 318
417 531
417 685
417 687
417 717
417 882
417 895
417 898
417 930
592 11
592 193
592 249
592 285
592 375
592 423
592 424
592 852
592 877
592 950
592 993
727 119
727 158
727 178
727 207
727 244
727 606
727 699
727 708
727 792
727 838
727 846
727 867
727 886
727 917
727 922
727 985
727 988
731 148
731 255
731 256
731 257
731 354
731 396
731 588
731 590
731 795
731 800
731 875
731 924
731 964
731 978
731 997
804 45
804 68
804 194
804 247
804 257
804 341
804 351
804 428
804 490
804 510
804 605
804 606
804 623
804 671
804 786
804 790
804 870
804 879
804 950
804 966
852 30
852 43
852 209
852 413
852 432
852 454
852 524
852 596
852 610
852 628
852 654
852 708
852 741
852 790
852 791
852 794
852 810
852 874
852 909
852 929
852 987
852 995
7 369
7 483
7 594
7 627
7 650
7 651
7 997
369 596
369 682
369 899
369 906
369 942
369 972
369 994
369 996
483 180
483 259
483 469
483 681
483 747
483 834
483 854
483 930
483 964
594 189
594 227
594 239
594 528
594 697
594 887
594 903
594 918
594 926
594 937
594 955
594 986
627 186
627 229
627 291
627 439
627 620
627 649
627 873
627 890
627 951
627 957
627 976
627 996
627 999
650 260
650 406
650 637
650 667
650 703
650 734
650 750
650 781
650 793
650 847
650 949
650 993
651 334
651 411
651 426
651 506
651 521
651 563
651 606
651 747
651 814
651 883
651 897
651 912
651 927
651 935
997 13
997 64
997 67
997 167
997 168
997 204
997 213
997 249
997 263
997 322
997 349
997 381
997 397
997 459
997 465
997 493
997 549
997 565
997 595
997 654
997 673
997 726
997 738
997 746
997 773
997 791
997 819
997 823
997 836
997 838
997 885
997 894
997 897
997 900
997 906
997 910
997 913
997 916
997 929
997 943
997 957
997 959
997 988
8 482
8 517
8 603
8 625
8 760
8 905
8 952
482 100
482 714
482 742
482 773
482 894
482 901
482 960
482 979
482 998
517 107
517 300
517 460
517 462
517 784
517 807
517 828
517 831
517 865
517 927
517 965
603 325
603 426
603 617
603 637
603 712
603 721
603 755
603 757
603 912
603 966
603 980
625 141
625 243
625 283
625 312
625 345
625 735
625 809
625 812
625 840
625 931
625 967
625 983
625 988
760 31
760 108
760 172
760 177
760 649
760 675
760 753
760 808
760 820
760 883
760 891
760 911
760 954
760 966
760 972
760 975
760 994
905 60
905 130
905 157
905 215
905 274
905 278
905 284
905 323
905 331
905 381
905 406
905 484
905 513
905 551
905 581
905 659
905 664
905 686
905 703
905 723
905 732
905 777
905 891
905 894
905 897
905 958
905 964
905 967
905 988
952 81
952 133
952 232
952 281
952 293
952 324
952 406
952 443
952 466
952 472
952 500
952 534
952 569
952 611
952 721
952 744
952 745
952 747
952 754
952 767
952 784
952 791
952 805
952 816
952 830
952 862
952 871
952 876
952 882
952 920
952 924
952 938
952 939
952 945
952 959
952 985
952 986
9 473
9 645
9 757
9 868
9 932
9 981
9 994
473 187
473 197
473 392
473 489
473 582
473 909
473 925
473 927
473 928
473 975
645 60
645 340
645 492
645 617
645 684
645 813
645 824
645 843
645 869
645 907
645 914
645 932
645 946
645 999
757 73
757 350
757 367
757 612
757 680
757 702
757 724
757 761
757 776
757 777
757 780
757 816
757 874
757 926
757 928
757 939
757 996
868 258
868 312
868 362
868 418
868 456
868 459
868 536
868 588
868 599
868 635
868 637
868 673
868 713
868 718
868 751
868 762
868 769
868 774
868 788
868 825
868 854
868 970
868 999
932 25
932 50
932 111
932 215
932 220
932 270
932 462
932 470
932 536
932 580
932 583
932 599
932 707
932 724
932 783
932 789
932 814
932 864
932 865
932 885
932 888
932 923
932 964
932 982
932 983
932 995
932 998
981 23
981 38
981 76
981 141
981 185
981 227
981 243
981 271
981 280
981 282
981 301
981 337
981 388
981 400
981 434
981 476
981 485
981 501
981 560
981 672
981 751
981 756
981 768
981 822
981 826
981 839
981 880
981 883
981 891
981 896
981 909
981 911
981 913
981 930
981 935
981 939
981 944
981 955
981 963
981 965
981 969
981 976
981 984
994 20
994 80
994 128
994 132
994 211
994 219
994 278
994 285
994 287
994 399
994 415
994 464
994 478
994 553
994 561
994 563
994 571
994 578
994 579
994 601
994 671
994 690
994 703
994 713
994 737
994 764
994 773
994 779
994 838
994 842
994 845
994 861
994 879
994 886
994 888
994 912
994 923
994 939
994 944
994 954
994 974
994 996
10 176
10 186
10 328
10 781
10 800
10 944
10 976
176 510
176 532
176 926
176 976
186 640
186 772
186 848
186 875
186 935
328 56
328 256
328 349
328 428
328 448
328 750
328 824
328 942
781 18
781 53
781 353
781 442
781 456
781 457
781 551
781 609
781 660
781 692
781 699
781 739
781 847
781 860
781 880
781 903
781 913
781 951
800 57
800 103
800 139
800 164
800 406
800 423
800 445
800 510
800 522
800 559
800 661
800 719
800 825
800 880
800 888
800 901
800 904
800 992
944 92
944 146
944 248
944 304
944 312
944 446
944 565
944 578
944 658
944 668
944 670
944 718
944 726
944 747
944 754
944 765
944 768
944 803
944 805
944 812
944 887
944 898
944 922
944 930
944 934
944 935
944 950
944 954
944 959
944 976
944 987
944 996
976 19
976 24
976 26
976 110
976 142
976 144
976 250
976 265
976 283
976 304
976 348
976 401
976 404
976 498
976 542
976 557
976 569
976 721
976 745
976 837
976 864
976 880
976 881
976 883
976 893
976 907
976 925
976 930
976 951
976 958
976 960
976 964
976 965
976 996
11 80
11 112
11 330
11 434
11 519
11 846
80 147
80 492
80 966
80 975
112 167
112 318
112 810
112 904
112 950
112 995
330 393
330 446
330 454
330 639
330 813
330 896
330 947
434 155
434 220
434 520
434 730
434 753
434 843
434 985
434 993
519 323
519 363
519 569
519 678
519 857
519 874
519 931
519 949
519 960
519 967
846 143
846 264
846 447
846 477
846 524
846 527
846 544
846 555
846 606
846 646
846 655
846 700
846 712
846 784
846 810
846 826
846 837
846 839
846 895
846 901
846 969
846 985
846 998
12 315
12 428
12 524
12 735
12 808
12 902
12 973
315 33
315 478
315 556
315 614
315 634
315 665
315 736
428 33
428 107
428 345
428 561
428 812
428 819
428 845
428 964
524 295
524 445
524 458
524 775
524 823
524 856
524 931
735 148
735 223
735 493
735 736
735 783
735 790
735 831
735 836
735 882
735 889
735 919
735 925
735 974
808 35
808 89
808 122
808 158
808 182
808 188
808 255
808 489
808 567
808 626
808 701
808 730
808 819
808 918
808 930
808 938
808 943
808 945
902 149
902 172
902 209
902 274
902 294
902 333
902 348
902 351
902 394
902 504
902 506
902 544
902 550
902 779
902 820
902 834
902 851
902 855
902 863
902 869
902 900
902 934
902 937
902 945
902 971
902 999
973 27
973 96
973 134
973 151
973 222
973 316
973 341
973 413
973 429
973 438
973 452
973 466
973 563
973 599
973 604
973 616
973 618
973 633
973 642
973 649
973 654
973 679
973 696
973 708
973 724
973 786
973 789
973 882
973 888
973 921
973 929
973 933
973 935
973 938
973 945
973 946
973 960
973 969
973 982
13 268
13 693
13 803
13 928
13 942
13 961
268 439
268 552
268 613
268 815
268 945
268 955
268 964
268 999
693 143
693 233
693 327
693 466
693 647
693 677
693 707
693 740
693 795
693 817
693 828
693 842
693 965
693 968
803 91
803 115
803 144
803 181
803 240
803 310
803 342
803 553
803 560
803 674
803 697
803 754
803 766
803 786
803 841
803 911
803 945
928 103
928 142
928 175
928 191
928 204
928 273
928 308
928 341
928 370
928 427
928 491
928 497
928 508
928 536
928 537
928 564
928 642
928 664
928 689
928 741
928 750
928 795
928 876
928 891
928 913
928 924
928 930
928 942
928 943
928 959
942 20
942 43
942 102
942 162
942 229
942 245
942 256
942 308
942 317
942 324
942 368
942 388
942 404
942 536
942 673
942 714
942 771
942 782
942 799
942 820
942 858
942 861
942 874
942 884
942 909
942 918
942 922
942 925
942 945
942 987
961 38
961 81
961 284
961 368
961 405
961 448
961 542
961 569
961 570
961 572
961 586
961 593
961 636
961 644
961 659
961 700
961 702
961 728
961 743
961 755
961 779
961 839
961 840
961 847
961 858
961 873
961 875
961 883
961 887
961 894
961 910
961 914
961 917
961 937
961 963
961 969
961 978
961 980
415 217
415 257
415 779
415 831
415 845
415 853
415 901
415 930
772 119
772 200
772 348
772 466
772 488
772 502
772 511
772 557
772 613
772 647
772 696
772 712
772 910
772 922
772 969
772 987
772 995
802 114
802 261
802 316
802 385
802 389
802 423
802 497
802 545
802 590
802 601
802 605
802 628
802 713
802 762
802 792
802 819
802 875
802 901
802 907
802 984
888 134
888 233
888 247
888 316
888 341
888 357
888 470
888 601
888 609
888 628
888 662
888 807
888 844
888 854
888 871
888 889
888 901
888 913
888 949
888 950
888 959
888 971
888 979
975 225
975 296
975 297
975 362
975 386
975 410
975 460
975 469
975 562
975 584
975 599
975 614
975 634
975 684
975 705
975 709
975 711
975 717
975 751
975 770
975 790
975 792
975 793
975 830
975 836
975 841
975 848
975 854
975 862
975 863
975 916
975 918
975 964
975 980
975 986
975 996
975 999
15 64
15 331
15 472
15 747
15 792
15 897
15 945
64 21
64 332
64 442
64 962
331 275
331 354
331 452
331 893
331 903
331 950
331 987
472 29
472 65
472 230
472 523
472 834
472 895
472 945
472 978
747 22
747 253
747 299
747 484
747 545
747 548
747 665
747 667
747 715
747 763
747 935
747 946
792 67
792 187
792 293
792 372
792 374
792 489
792 593
792 715
792 744
792 754
792 769
792 819
792 826
792 855
792 875
897 221
897 271
897 358
897 393
897 475
897 523
897 532
897 534
897 572
897 602
897 605
897 667
897 723
897 810
897 909
897 912
897 935
897 951
897 953
897 955
897 965
897 967
897 995
897 999
945 18
945 26
945 100
945 171
945 288
945 310
945 437
945 511
945 559
945 584
945 607
945 618
945 639
945 672
945 683
945 689
945 704
945 777
945 791
945 793
945 856
945 864
945 872
945 894
945 912
945 971
16 424
16 794
16 926
16 927
16 970
16 987
16 995
424 124
424 288
424 294
424 531
424 617
424 701
424 714
424 717
424 971
794 19
794 68
794 438
794 508
794 542
794 608
794 641
794 657
794 708
794 718
794 764
794 812
794 822
794 907
794 909
794 910
794 929
794 962
794 979
926 111
926 251
926 389
926 508
926 619
926 646
926 667
926 700
926 743
926 744
926 825
926 830
926 847
926 851
926 853
926 863
926 903
926 923
926 937
926 949
926 964
926 965
926 988
926 998
926 999
927 31
927 32
927 51
927 182
927 219
927 236
927 290
927 322
927 427
927 438
927 526
927 528
927 530
927 632
927 635
927 665
927 670
927 715
927 723
927 829
927 848
927 875
927 877
927 891
927 896
927 955
927 962
927 971
927 984
970 74
970 92
970 99
970 107
970 169
970 180
970 198
970 215
970 226
970 265
970 272
970 314
970 344
970 456
970 541
970 561
970 601
970 631
970 700
970 710
970 730
970 740
970 767
970 813
970 818
970 826
970 830
970 837
970 870
970 871
970 878
970 898
970 900
970 907
970 908
970 917
970 938
970 955
970 995
987 26
987 118
987 147
987 151
987 350
987 360
987 401
987 427
987 463
987 488
987 501
987 516
987 542
987 566
987 578
987 588
987 600
987 608
987 641
987 658
987 664
987 704
987 728
987 744
987 751
987 817
987 827
987 845
987 856
987 867
987 896
987 930
987 946
987 951
987 958
987 960
987 963
987 979
987 996
995 25
995 59
995 96
995 210
995 239
995 282
995 304
995 322
995 329
995 361
995 374
995 453
995 459
995 493
995 551
995 582
995 640
995 698
995 701
995 707
995 723
995 724
995 783
995 787
995 814
995 843
995 851
995 864
995 873
995 895
995 901
995 912
995 939
995 951
995 957
995 962
995 965
995 967
995 980
995 998
17 513
17 782
17 828
17 959
17 968
17 969
17 979
513 108
513 438
513 522
513 588
513 670
513 785
513 876
513 996
513 998
782 43
782 89
782 153
782 222
782 332
782 347
782 529
782 553
782 576
782 618
782 681
782 694
782 860
782 924
782 967
782 974
828 157
828 293
828 355
828 442
828 518
828 542
828 608
828 652
828 718
828 723
828 729
828 752
828 786
828 870
828 880
828 892
828 939
828 960
828 968
828 979
959 53
959 141
959 162
959 167
959 169
959 350
959 354
959 368
959 382
959 420
959 454
959 496
959 527
959 559
959 649
959 664
959 726
959 791
959 823
959 830
959 831
959 843
959 853
959 873
959 894
959 904
959 906
959 908
959 910
959 912
959 925
959 968
968 20
968 32
968 70
968 74
968 87
968 120
968 136
968 214
968 267
968 287
968 325
968 346
968 375
968 442
968 460
968 497
968 561
968 584
968 591
968 622
968 630
968 636
968 654
968 699
968 722
968 740
968 763
968 823
968 839
968 841
968 858
968 875
968 909
968 923
968 925
968 965
968 999
969 27
969 40
969 62
969 92
969 128
969 164
969 177
969 188
969 196
969 249
969 351
969 370
969 403
969 419
969 454
969 494
969 548
969 563
969 613
969 643
969 666
969 700
969 743
969 755
969 786
969 812
969 850
969 865
969 873
969 883
969 896
969 911
969 933
969 958
969 980
979 42
979 75
979 111
979 118
979 139
979 246
979 272
979 307
979 401
979 421
979 447
979 478
979 484
979 520
979 546
979 589
979 612
979 637
979 649
979 662
979 673
979 678
979 710
979 718
979 833
979 838
979 854
979 861
979 867
979 869
979 872
979 880
979 898
979 937
979 958
18 137
18 490
18 680
18 704
18 836
137 510
137 643
137 840
137 922
137 925
137 963
490 36
490 95
490 126
490 281
490 347
490 354
490 674
490 814
490 858
680 99
680 116
680 306
680 425
680 450
680 660
680 728
680 780
680 785
680 812
680 818
680 861
680 923
680 933
704 42
704 203
704 263
704 449
704 475
704 556
704 610
704 683
704 805
704 882
704 907
704 962
704 964
836 311
836 467
836 632
836 641
836 662
836 671
836 679
836 728
836 763
836 767
836 809
836 810
836 824
836 841
836 895
836 904
836 921
836 967
836 998
19 160
19 550
19 872
19 982
160 239
160 518
160 547
160 692
160 768
160 919
160 939
550 406
550 569
550 676
550 706
550 711
550 913
550 946
550 958
872 126
872 165
872 177
872 181
872 197
872 359
872 452
872 456
872 489
872 652
872 666
872 696
872 699
872 850
872 865
872 866
872 874
872 875
872 901
872 934
872 960
982 113
982 174
982 230
982 261
982 285
982 344
982 373
982 404
982 463
982 504
982 509
982 510
982 512
982 563
982 565
982 571
982 589
982 626
982 647
982 688
982 710
982 721
982 734
982 742
982 761
982 767
982 790
982 812
982 819
982 826
982 853
982 855
982 857
982 861
982 878
982 879
982 884
982 913
982 933
982 957
982 963
20 821
20 845
20 878
20 904
821 62
821 105
821 270
821 385
821 386
821 425
821 534
821 588
821 616
821 629
821 688
821 730
821 807
821 848
821 858
821 871
821 892
821 906
821 930
821 957
821 965
821 977
845 57
845 197
845 213
845 306
845 350
845 373
845 399
845 443
845 455
845 569
845 609
845 692
845 703
845 748
845 753
845 850
845 895
845 954
845 957
878 74
878 150
878 195
878 394
878 421
878 471
878 477
878 537
878 566
878 583
878 683
878 700
878 713
878 755
878 871
878 881
878 884
878 893
878 900
878 914
878 921
878 960
904 31
904 35
904 69
904 281
904 357
904 374
904 398
904 402
904 467
904 509
904 514
904 526
904 580
904 677
904 766
904 776
904 811
904 840
904 870
904 923
904 946
904 950
904 965
904 974
21 47
21 200
21 549
21 634
21 714
21 748
47 430
47 634
47 670
47 818
47 835
47 908
200 63
200 451
200 453
200 522
200 745
200 848
549 113
549 161
549 281
549 457
549 498
549 555
549 738
549 918
549 934
634 351
634 533
634 598
634 614
634 640
634 706
634 775
634 809
634 813
714 28
714 389
714 425
714 432
714 496
714 499
714 561
714 822
714 839
714 886
714 895
714 925
714 999
748 141
748 297
748 327
748 339
748 398
748 462
748 487
748 493
748 494
748 694
748 767
748 784
748 806
748 847
748 883
748 957
748 992
22 61
22 216
22 777
22 912
22 935
22 983
61 305
61 494
61 863
61 917
216 500
216 613
216 711
216 752
216 771
777 73
777 207
777 234
777 286
777 349
777 547
777 560
777 602
777 669
777 739
777 768
777 833
777 886
777 934
777 966
777 998
912 119
912 248
912 271
912 296
912 329
912 355
912 469
912 485
912 545
912 547
912 580
912 646
912 746
912 786
912 807
912 839
912 869
912 890
912 916
912 933
912 935
912 971
912 978
935 60
935 65
935 82
935 96
935 156
935 260
935 266
935 296
935 399
935 425
935 469
935 510
935 514
935 686
935 699
935 728
935 739
935 752
935 807
935 877
935 903
935 943
935 951
983 54
983 63
983 124
983 164
983 197
983 199
983 292
983 355
983 356
983 389
983 398
983 406
983 430
983 452
983 468
983 580
983 635
983 644
983 711
983 730
983 737
983 761
983 774
983 798
983 799
983 809
983 814
983 830
983 831
983 848
983 862
983 866
983 931
983 934
983 943
983 949
983 958
983 971
983 977
23 86
23 371
23 643
23 791
23 962
23 978
86 257
86 318
86 479
86 576
86 858
86 967
371 148
371 195
371 240
371 301
371 312
371 896
371 906
371 974
371 978
643 103
643 109
643 155
643 164
643 481
643 532
643 679
643 881
643 906
643 930
643 938
791 215
791 263
791 349
791 409
791 459
791 509
791 565
791 664
791 705
791 820
791 884
791 962
791 965
791 972
791 977
962 40
962 217
962 321
962 324
962 429
962 435
962 457
962 491
962 499
962 529
962 552
962 557
962 579
962 585
962 632
962 641
962 644
962 659
962 701
962 723
962 805
962 809
962 841
962 851
962 867
962 877
962 887
962 891
962 906
962 929
962 971
962 980
978 123
978 142
978 144
978 188
978 206
978 280
978 281
978 297
978 384
978 432
978 446
978 491
978 552
978 568
978 571
978 613
978 640
978 657
978 692
978 697
978 713
978 734
978 741
978 750
978 770
978 815
978 822
978 831
978 835
978 839
978 857
978 877
978 901
978 939
978 965
978 977
978 996
24 62
24 380
24 742
24 906
24 916
24 977
62 345
62 529
62 732
62 770
380 32
380 248
380 276
380 338
380 611
380 656
380 694
380 763
380 951
742 231
742 249
742 269
742 391
742 444
742 462
742 489
742 563
742 576
742 580
742 721
742 885
742 920
742 933
742 965
742 977
906 134
906 189
906 210
906 266
906 283
906 290
906 313
906 351
906 407
906 429
906 499
906 500
906 723
906 724
906 736
906 809
906 847
906 886
906 891
906 893
906 934
906 971
916 115
916 183
916 248
916 450
916 484
916 599
916 628
916 636
916 646
916 669
916 678
916 706
916 751
916 805
916 820
916 827
916 833
916 838
916 843
916 862
916 882
916 887
916 947
916 988
977 26
977 87
977 131
977 138
977 150
977 220
977 231
977 232
977 304
977 307
977 354
977 391
977 410
977 416
977 457
977 525
977 545
977 564
977 567
977 593
977 610
977 611
977 617
977 697
977 701
977 730
977 744
977 752
977 783
977 806
977 858
977 874
977 986
977 996
25 607
25 679
25 884
25 898
25 943
607 35
607 622
607 623
607 656
607 820
607 883
607 911
607 920
607 953
607 965
607 966
679 48
679 69
679 253
679 405
679 450
679 657
679 766
679 856
679 889
679 903
679 938
679 955
884 87
884 89
884 125
884 169
884 221
884 265
884 347
884 357
884 388
884 571
884 583
884 652
884 699
884 765
884 771
884 837
884 843
884 871
884 900
884 908
884 972
898 74
898 99
898 209
898 300
898 364
898 365
898 437
898 586
898 629
898 725
898 740
898 750
898 753
898 759
898 818
898 831
898 861
898 885
898 925
898 951
898 954
898 964
898 972
898 984
898 992
943 102
943 115
943 196
943 397
943 437
943 494
943 572
943 593
943 637
943 657
943 672
943 721
943 773
943 780
943 790
943 797
943 805
943 819
943 839
943 880
943 914
943 919
943 921
943 939
943 949
943 950
26 51
26 764
26 835
51 214
51 338
51 397
51 676
51 850
764 120
764 552
764 687
764 743
764 787
764 811
764 827
764 840
764 844
764 857
764 865
764 876
764 899
764 913
764 918
764 951
764 984
835 44
835 148
835 283
835 325
835 421
835 626
835 685
835 725
835 753
835 754
835 822
835 829
835 839
835 848
835 873
835 901
835 918
835 934
835 954
27 463
27 530
27 613
27 833
27 931
463 132
463 292
463 556
463 601
463 688
463 799
463 949
530 416
530 451
530 605
530 644
530 675
530 685
530 688
530 692
530 739
530 974
613 33
613 526
613 691
613 824
613 834
613 879
613 889
613 988
833 75
833 88
833 121
833 125
833 561
833 575
833 644
833 660
833 669
833 673
833 695
833 700
833 729
833 739
833 762
833 768
833 787
833 819
833 862
833 903
931 121
931 141
931 193
931 242
931 267
931 456
931 546
931 561
931 575
931 670
931 686
931 688
931 696
931 700
931 726
931 744
931 798
931 813
931 817
931 871
931 929
931 947
931 949
931 950
931 986
931 999
28 178
28 317
28 863
28 919
28 924
178 70
178 142
178 754
178 909
178 955
317 408
317 476
317 497
317 531
317 562
317 919
863 66
863 115
863 146
863 214
863 238
863 292
863 296
863 303
863 422
863 541
863 562
863 583
863 584
863 694
863 830
863 843
863 856
863 862
863 876
863 887
863 917
919 32
919 93
919 172
919 291
919 318
919 387
919 528
919 593
919 626
919 729
919 732
919 745
919 775
919 797
919 810
919 819
919 827
919 864
919 866
919 882
919 922
919 955
924 49
924 139
924 228
924 283
924 350
924 364
924 393
924 396
924 468
924 476
924 548
924 557
924 570
924 602
924 659
924 689
924 690
924 691
924 703
924 712
924 745
924 788
924 841
924 889
924 913
924 958
924 986
29 442
29 883
29 907
29 953
29 971
29 996
442 105
442 354
442 439
442 887
442 911
442 965
883 283
883 307
883 379
883 440
883 494
883 527
883 557
883 610
883 623
883 661
883 690
883 702
883 703
883 719
883 725
883 844
883 873
883 879
883 911
907 91
907 136
907 239
907 259
907 296
907 333
907 365
907 404
907 514
907 522
907 568
907 600
907 662
907 670
907 745
907 795
907 875
907 882
907 891
907 920
907 929
907 960
907 996
953 56
953 97
953 130
953 185
953 293
953 314
953 320
953 470
953 476
953 520
953 585
953 608
953 611
953 630
953 659
953 661
953 665
953 666
953 810
953 817
953 826
953 869
953 871
953 873
953 911
953 918
953 950
953 963
953 964
953 971
953 984
953 985
953 996
971 40
971 100
971 114
971 127
971 179
971 196
971 247
971 321
971 332
971 355
971 379
971 429
971 526
971 595
971 655
971 658
971 675
971 688
971 723
971 767
971 809
971 829
971 861
971 864
971 871
971 874
971 891
971 922
971 925
971 966
971 972
996 50
996 68
996 83
996 84
996 177
996 244
996 278
996 284
996 347
996 357
996 439
996 455
996 468
996 516
996 578
996 595
996 599
996 600
996 629
996 633
996 670
996 715
996 840
996 864
996 869
996 877
996 901
996 923
996 934
996 938
996 946
996 960
30 242
30 478
30 622
30 671
30 691
30 984
242 205
242 267
242 321
242 602
242 659
242 993
478 152
478 223
478 238
478 683
478 762
478 767
478 900
622 117
622 553
622 765
622 775
622 874
622 890
622 903
622 918
622 958
622 960
671 190
671 301
671 373
671 444
671 452
671 503
671 649
671 703
671 741
671 809
671 822
671 954
691 243
691 548
691 619
691 689
691 696
691 761
691 813
691 824
691 865
691 873
691 918
691 963
691 966
984 78
984 190
984 280
984 322
984 411
984 420
984 430
984 440
984 461
984 508
984 569
984 576
984 611
984 646
984 661
984 663
984 706
984 725
984 729
984 756
984 762
984 807
984 812
984 816
984 817
984 826
984 840
984 844
984 864
984 869
984 899
984 947
984 963
984 972
984 985
984 992
984 998
984 999
31 786
31 829
31 933
31 960
786 54
786 291
786 429
786 477
786 591
786 646
786 736
786 889
786 893
786 914
786 922
786 966
786 998
829 79
829 154
829 364
829 379
829 385
829 455
829 480
829 481
829 498
829 512
829 591
829 686
829 723
829 809
829 827
829 865
829 882
829 918
829 947
933 245
933 265
933 270
933 289
933 307
933 314
933 316
933 322
933 333
933 339
933 399
933 402
933 412
933 433
933 466
933 654
933 730
933 769
933 784
933 788
933 793
933 799
933 819
933 963
933 980
960 124
960 146
960 172
960 304
960 366
960 404
960 446
960 495
960 537
960 542
960 543
960 578
960 584
960 589
960 593
960 608
960 614
960 674
960 762
960 876
960 889
960 911
960 966
960 993
32 495
32 585
32 740
495 49
495 127
495 376
495 581
495 908
495 920
495 946
495 958
495 999
585 93
585 333
585 352
585 502
585 567
585 633
585 733
585 805
585 891
585 999
740 175
740 238
740 372
740 412
740 565
740 595
740 635
740 641
740 668
740 723
740 756
740 826
740 909
740 911
33 435
33 557
33 830
33 967
435 251
435 280
435 399
435 533
435 601
435 725
435 865
435 957
557 94
557 225
557 545
557 569
557 695
557 886
830 147
830 161
830 226
830 235
830 252
830 332
830 367
830 398
830 578
830 599
830 688
830 733
830 789
830 798
830 949
967 104
967 109
967 121
967 262
967 306
967 312
967 375
967 426
967 456
967 468
967 486
967 527
967 578
967 620
967 632
967 660
967 666
967 696
967 698
967 700
967 737
967 761
967 798
967 817
967 860
967 866
967 875
967 899
967 920
967 937
967 949
191 189
191 279
191 554
191 604
191 784
754 532
754 569
754 596
754 617
754 618
754 656
754 717
754 751
754 767
754 875
754 885
854 166
854 190
854 250
854 414
854 489
854 659
854 661
854 706
854 721
854 762
854 767
854 805
854 851
854 881
854 885
854 886
854 890
854 939
854 986
937 139
937 184
937 189
937 249
937 283
937 387
937 400
937 474
937 492
937 493
937 536
937 558
937 640
937 652
937 692
937 713
937 744
937 798
937 853
937 887
937 929
937 939
937 957
937 988
937 999
35 452
35 699
35 711
35 974
452 174
452 204
452 466
452 588
452 608
699 198
699 218
699 475
699 568
699 743
699 765
699 811
699 874
699 921
699 985
711 336
711 356
711 375
711 377
711 491
711 543
711 551
711 590
711 676
711 955
974 58
974 98
974 128
974 224
974 229
974 239
974 244
974 401
974 408
974 548
974 559
974 570
974 652
974 667
974 688
974 717
974 776
974 779
974 780
974 787
974 841
974 842
974 856
974 895
974 908
974 909
974 910
974 917
974 921
974 950
974 963
36 94
36 117
36 264
36 484
36 881
36 980
94 256
94 396
94 684
94 857
94 879
117 291
117 379
117 387
117 459
117 477
264 75
264 400
264 618
264 620
264 656
264 864
264 909
484 100
484 279
484 359
484 759
484 774
484 993
881 40
881 237
881 283
881 288
881 309
881 340
881 464
881 469
881 539
881 610
881 615
881 696
881 850
881 856
881 870
881 901
881 922
881 934
881 964
881 998
980 38
980 72
980 131
980 192
980 196
980 233
980 237
980 261
980 263
980 348
980 350
980 363
980 410
980 419
980 469
980 539
980 570
980 602
980 658
980 666
980 670
980 676
980 702
980 717
980 779
980 840
980 851
980 857
980 864
980 871
980 914
980 930
980 949
980 963
980 972
37 337
37 372
37 427
37 834
37 949
37 951
37 957
337 59
337 66
337 170
337 759
337 889
337 939
372 57
372 93
372 238
372 347
372 407
372 547
372 681
427 193
427 367
427 406
427 753
427 876
427 999
834 79
834 188
834 292
834 301
834 470
834 471
834 480
834 538
834 541
834 579
834 776
834 780
834 923
834 949
949 172
949 195
949 226
949 358
949 366
949 400
949 414
949 439
949 468
949 491
949 514
949 686
949 688
949 784
949 793
949 876
949 900
949 909
949 920
949 921
949 955
951 71
951 343
951 366
951 406
951 471
951 481
951 529
951 565
951 581
951 639
951 649
951 677
951 746
951 765
951 793
951 815
951 824
951 858
951 860
951 876
951 877
951 914
951 918
951 923
951 988
957 45
957 83
957 205
957 272
957 296
957 338
957 445
957 448
957 505
957 522
957 590
957 606
957 618
957 666
957 686
957 689
957 697
957 744
957 755
957 799
957 871
957 879
957 882
957 908
957 922
957 947
38 133
38 432
38 516
38 600
133 150
133 202
133 265
133 349
133 887
432 316
432 362
432 474
432 604
432 842
432 857
432 988
516 156
516 194
516 365
516 528
516 529
516 713
516 778
516 811
516 930
600 609
600 616
600 620
600 719
600 728
600 816
600 910
600 934
600 950
159 154
159 270
159 356
159 730
159 763
247 496
247 938
247 954
465 70
465 405
465 538
465 694
465 695
465 831
465 838
465 855
465 885
753 258
753 448
753 470
753 632
753 715
753 749
753 797
753 886
753 988
880 232
880 246
880 295
880 383
880 433
880 438
880 546
880 551
880 612
880 707
880 718
880 761
880 769
880 861
880 873
880 889
880 972
40 642
40 860
642 129
642 217
642 334
642 455
642 487
642 612
642 635
642 646
642 831
642 886
642 954
860 103
860 165
860 190
860 296
860 433
860 503
860 527
860 546
860 597
860 624
860 659
860 681
860 690
860 780
860 817
860 861
860 874
860 885
860 920
860 985
41 125
41 193
41 548
41 668
41 755
41 823
125 498
125 555
125 581
125 812
193 195
193 501
193 776
548 48
548 92
548 335
548 917
548 947
548 966
668 60
668 250
668 269
668 303
668 663
668 751
668 767
668 805
668 885
668 986
668 992
668 993
755 211
755 286
755 344
755 381
755 500
755 732
755 756
755 779
755 809
755 864
755 865
755 922
755 972
823 110
823 126
823 250
823 292
823 438
823 502
823 565
823 670
823 746
823 773
823 831
823 869
823 894
823 901
823 908
823 910
823 947
42 543
42 626
42 817
42 895
543 77
543 391
543 560
543 619
543 733
543 811
543 866
543 870
543 972
626 76
626 274
626 310
626 496
626 531
626 598
626 729
626 812
626 864
817 97
817 130
817 286
817 323
817 464
817 467
817 522
817 588
817 682
817 684
817 694
817 826
817 869
817 911
817 963
895 229
895 254
895 297
895 353
895 358
895 595
895 663
895 678
895 695
895 696
895 698
895 710
895 776
895 799
895 841
895 869
895 920
895 950
43 544
43 682
43 695
43 864
544 408
544 419
544 464
544 528
544 717
544 768
544 825
544 843
544 844
682 240
682 251
682 324
682 336
682 404
682 407
682 422
682 631
682 636
682 784
682 842
682 966
682 988
695 54
695 300
695 505
695 672
695 724
695 799
695 869
695 923
695 958
695 999
864 153
864 168
864 322
864 681
864 697
864 707
864 724
864 844
864 911
864 946
864 998
44 355
44 840
44 850
44 873
44 894
44 955
355 662
355 677
355 763
355 862
355 923
840 66
840 192
840 376
840 451
840 512
840 523
840 655
840 659
840 677
840 712
840 788
840 865
840 918
840 922
840 939
850 194
850 383
850 393
850 454
850 468
850 507
850 571
850 619
850 669
850 701
850 709
850 730
850 810
850 812
850 875
850 891
850 896
850 934
850 963
873 57
873 174
873 224
873 365
873 568
873 700
873 725
873 730
873 734
873 737
873 766
873 815
873 825
873 839
873 899
873 939
894 167
894 312
894 429
894 449
894 485
894 556
894 639
894 661
894 663
894 664
894 667
894 732
894 773
894 788
894 789
894 910
894 985
894 986
894 993
955 46
955 82
955 89
955 196
955 205
955 228
955 349
955 480
955 492
955 502
955 515
955 520
955 525
955 587
955 605
955 745
955 770
955 775
955 855
955 861
955 892
955 900
955 908
955 947
45 462
45 615
45 678
45 862
45 930
462 271
462 382
462 608
462 612
462 998
615 78
615 99
615 135
615 228
615 324
615 378
615 423
615 633
615 705
615 847
615 913
678 215
678 222
678 301
678 321
678 333
678 378
678 511
678 698
678 785
678 889
678 908
862 297
862 311
862 408
862 422
862 439
862 486
862 562
862 567
862 598
862 599
862 719
862 732
862 765
862 770
862 784
862 806
862 855
862 876
930 77
930 177
930 211
930 341
930 378
930 386
930 461
930 487
930 518
930 566
930 715
930 719
930 766
930 812
930 824
930 837
930 856
930 988
46 244
46 785
46 825
46 861
46 922
244 383
244 558
244 778
785 48
785 108
785 368
785 370
785 464
785 509
785 515
785 570
785 689
785 778
785 867
785 887
785 993
825 49
825 88
825 99
825 180
825 233
825 273
825 293
825 433
825 487
825 533
825 628
825 690
825 776
825 793
825 917
825 985
861 302
861 332
861 418
861 534
861 546
861 637
861 644
861 659
861 718
861 761
861 763
861 885
861 891
922 78
922 218
922 241
922 246
922 335
922 418
922 460
922 474
922 511
922 570
922 672
922 702
922 811
922 853
922 858
922 865
922 947
922 958
430 116
430 359
430 507
430 658
430 694
430 712
430 950
430 963
670 209
670 250
670 295
670 554
670 729
670 844
818 90
818 111
818 279
818 289
818 367
818 375
818 503
818 515
818 580
818 631
818 664
818 667
818 700
818 749
818 867
818 934
908 82
908 131
908 140
908 203
908 235
908 258
908 398
908 412
908 502
908 508
908 539
908 636
908 657
908 687
908 698
908 707
908 759
908 892
908 901
908 913
908 923
48 856
48 925
48 998
856 309
856 450
856 480
856 529
856 586
856 723
856 726
856 826
856 831
856 838
856 910
856 920
856 934
856 938
856 966
925 213
925 336
925 418
925 420
925 459
925 536
925 537
925 538
925 566
925 581
925 601
925 620
925 647
925 665
925 685
925 703
925 784
925 876
925 909
925 929
998 110
998 113
998 168
998 185
998 210
998 220
998 260
998 373
998 407
998 438
998 523
998 552
998 582
998 583
998 611
998 664
998 672
998 724
998 725
998 749
998 767
998 783
998 813
998 815
998 819
998 822
998 843
998 903
998 946
998 954
998 966
49 738
49 869
49 893
49 901
738 96
738 157
738 265
738 335
738 406
738 455
738 467
738 518
738 734
738 741
738 875
738 964
738 966
738 993
869 65
869 105
869 248
869 302
869 636
869 750
869 820
869 843
869 855
869 867
869 885
869 934
869 958
893 59
893 68
893 84
893 111
893 187
893 271
893 443
893 576
893 598
893 673
893 674
893 677
893 686
893 722
893 732
893 806
893 811
893 847
893 889
893 929
893 964
893 986
901 97
901 143
901 163
901 180
901 235
901 470
901 531
901 628
901 637
901 741
901 765
901 793
901 870
901 958
901 986
50 475
50 534
50 597
50 810
50 985
475 119
475 121
475 391
475 469
475 499
475 523
475 660
534 412
534 471
534 546
534 635
534 722
534 732
534 752
597 153
597 316
597 360
597 554
597 579
597 632
597 739
597 851
597 946
597 958
597 999
810 182
810 325
810 360
810 368
810 527
810 555
810 586
810 696
810 806
810 876
810 891
810 985
985 79
985 175
985 181
985 208
985 232
985 267
985 274
985 305
985 345
985 395
985 418
985 485
985 528
985 555
985 649
985 652
985 655
985 741
985 775
985 778
985 799
985 809
985 812
985 813
985 815
985 820
985 837
985 917
985 972
985 986
985 988
214 351
214 423
214 552
214 799
214 914
338 195
338 526
338 784
338 824
338 958
338 988
397 98
397 108
397 150
397 522
397 636
397 993
676 378
676 395
676 510
676 578
676 586
676 588
676 848
676 855
676 877
676 885
676 958
676 999
52 198
52 218
52 506
52 690
52 789
52 900
198 382
198 501
198 713
198 724
198 965
218 269
218 414
218 591
218 759
218 889
506 54
506 109
506 334
506 672
506 752
506 771
506 886
506 964
690 158
690 232
690 521
690 663
690 705
690 728
690 838
690 954
690 992
789 261
789 309
789 343
789 356
789 414
789 426
789 486
789 520
789 629
789 637
789 654
789 751
789 812
789 882
789 929
789 999
900 84
900 174
900 251
900 352
900 403
900 421
900 493
900 547
900 631
900 710
900 712
900 728
900 741
900 776
900 814
900 876
900 972
900 986
900 992
53 229
53 382
53 865
53 891
229 664
229 841
229 992
382 177
382 308
382 335
382 386
382 672
382 713
865 79
865 196
865 203
865 232
865 402
865 403
865 419
865 496
865 663
865 733
865 797
865 805
865 917
865 972
891 140
891 208
891 290
891 419
891 497
891 498
891 632
891 652
891 701
891 723
891 741
891 743
891 809
891 913
891 999
54 647
54 722
647 536
647 558
647 780
647 858
647 871
647 887
647 889
647 986
647 993
722 71
722 171
722 299
722 393
722 466
722 479
722 551
722 620
722 725
722 771
722 790
722 841
458 332
458 547
458 601
458 660
458 694
458 759
458 805
458 918
507 194
507 209
507 226
507 378
507 383
507 661
507 672
507 713
629 72
629 143
629 175
629 487
629 586
629 741
629 807
629 871
56 63
56 480
56 713
56 718
56 807
63 405
63 449
63 866
63 986
480 165
480 324
480 444
480 654
480 715
480 763
713 87
713 439
713 579
713 728
713 965
718 76
718 116
718 204
718 350
718 617
718 717
718 788
718 855
718 877
718 966
807 167
807 253
807 266
807 300
807 306
807 329
807 358
807 504
807 537
807 539
807 844
807 903
807 910
807 993
57 234
57 851
57 855
234 396
234 471
234 765
234 795
234 816
234 964
851 170
851 290
851 309
851 353
851 383
851 515
851 528
851 661
851 677
851 685
851 697
851 751
851 820
851 903
851 946
851 988
851 999
855 123
855 184
855 202
855 246
855 275
855 325
855 335
855 347
855 510
855 528
855 589
855 709
855 780
855 867
855 917
58 143
58 179
58 677
58 697
58 929
58 938
143 766
143 776
179 164
179 204
179 522
179 659
179 892
179 934
677 207
677 310
677 570
677 636
677 763
677 806
677 899
697 291
697 341
697 352
697 488
697 590
697 602
697 766
697 874
929 122
929 249
929 359
929 504
929 531
929 560
929 700
929 707
929 733
929 765
929 766
929 809
929 812
929 826
929 831
929 867
929 965
929 992
938 90
938 130
938 180
938 221
938 329
938 401
938 421
938 447
938 450
938 500
938 546
938 564
938 576
938 632
938 770
938 806
938 820
938 870
938 892
938 896
938 914
938 934
938 954
59 414
59 461
59 639
59 675
414 533
414 562
414 694
414 903
461 385
461 394
461 447
461 460
461 532
461 564
461 896
461 966
639 347
639 403
639 456
639 525
639 675
639 728
639 795
639 934
675 173
675 291
675 376
675 437
675 542
675 601
675 655
675 812
675 964
675 966
60 640
60 762
60 939
640 168
640 207
640 567
640 587
640 616
640 652
640 797
762 240
762 304
762 345
762 418
762 485
762 504
762 518
762 736
762 769
762 788
762 993
939 95
939 96
939 182
939 443
939 456
939 505
939 511
939 591
939 656
939 743
939 773
939 805
939 811
939 816
939 885
939 887
939 986
305 318
305 365
305 413
305 661
305 674
305 813
305 866
494 582
494 739
494 778
494 822
494 826
494 909
917 98
917 134
917 184
917 273
917 378
917 395
917 553
917 599
917 633
917 655
917 667
917 778
917 816
917 837
917 882
917 903
917 920
917 964
917 999
345 313
345 683
345 806
529 571
529 698
529 759
529 947
529 999
732 230
732 455
732 457
732 564
732 605
732 724
732 741
732 820
732 920
732 999
770 153
770 251
770 270
770 302
770 379
770 464
770 631
770 749
770 751
770 775
770 819
770 822
770 843
770 972
405 381
405 383
405 532
405 674
405 910
405 946
449 69
449 499
449 526
449 556
449 605
449 616
449 696
449 964
866 152
866 245
866 357
866 363
866 398
866 411
866 437
866 705
866 733
866 734
866 779
866 783
866 797
866 806
866 892
866 914
866 934
866 988
986 138
986 147
986 230
986 281
986 299
986 409
986 419
986 467
986 498
986 511
986 561
986 614
986 617
986 630
986 633
986 696
986 721
986 778
986 779
986 790
986 816
986 867
986 885
332 135
332 545
332 771
65 300
65 391
65 520
65 867
300 175
300 694
300 992
391 144
391 192
391 261
391 853
391 910
520 440
520 665
520 756
520 799
520 838
520 992
867 322
867 401
867 408
867 416
867 761
867 790
867 798
867 827
867 843
867 875
867 946
867 958
867 972
867 999
66 228
66 605
66 709
66 761
228 362
228 426
228 438
228 511
605 126
605 412
605 515
605 715
605 858
605 909
709 340
709 352
709 526
709 797
709 819
709 824
709 844
709 870
709 896
709 954
761 195
761 386
761 508
761 542
761 620
761 710
761 837
761 988
67 496
67 612
67 712
67 806
67 966
496 403
496 578
496 765
496 819
496 958
612 596
612 614
612 694
612 790
612 822
612 909
612 988
712 156
712 454
712 666
712 673
712 769
712 892
712 910
806 89
806 251
806 377
806 410
806 433
806 536
806 619
806 756
806 844
806 896
806 934
966 170
966 195
966 199
966 203
966 306
966 407
966 468
966 493
966 558
966 581
966 686
966 774
966 788
966 826
966 847
966 889
966 892
966 914
966 923
966 954
68 361
68 963
361 82
361 225
361 356
361 683
361 717
361 759
361 763
963 76
963 81
963 118
963 169
963 276
963 301
963 342
963 387
963 509
963 527
963 616
963 694
963 719
963 744
963 799
963 841
963 848
963 886
963 911
963 918
963 972
69 587
69 689
69 816
69 921
587 310
587 342
587 384
587 611
587 649
587 664
587 715
587 729
587 784
689 175
689 185
689 503
689 539
689 698
689 837
689 947
689 992
816 81
816 273
816 456
816 498
816 745
816 797
816 805
816 813
816 824
816 885
816 892
816 918
921 98
921 173
921 312
921 339
921 384
921 413
921 443
921 456
921 497
921 505
921 532
921 559
921 570
921 579
921 618
921 662
921 698
921 736
921 737
921 827
921 841
921 950
70 140
70 286
70 293
70 363
140 253
140 286
140 514
286 392
286 518
286 572
286 809
293 180
293 503
293 601
363 150
363 485
363 609
363 688
363 739
363 972
71 303
71 324
71 593
71 843
71 914
303 77
303 460
303 493
303 599
303 665
303 708
324 270
593 127
593 656
593 811
593 837
593 889
593 946
843 205
843 381
843 508
843 553
843 614
843 646
843 717
843 746
843 918
843 993
914 157
914 170
914 253
914 261
914 366
914 398
914 539
914 562
914 576
914 673
914 741
914 765
914 822
914 858
914 889
914 896
914 934
72 376
72 433
72 669
72 741
376 88
376 398
376 602
376 702
376 749
376 934
433 343
433 669
433 773
433 839
433 844
669 87
669 249
669 412
669 536
669 657
669 673
669 739
669 768
669 769
669 798
741 299
741 322
741 384
741 837
741 993
73 121
73 301
73 418
73 654
121 448
121 464
301 773
418 487
418 646
418 874
654 379
654 445
654 790
654 814
654 853
654 909
654 965
74 409
74 660
74 759
409 81
409 460
409 614
409 734
409 842
409 875
660 190
660 220
660 370
660 508
660 512
660 589
660 780
759 162
759 184
759 284
759 559
759 581
759 715
759 723
759 733
759 736
759 798
75 470
75 775
75 788
75 822
470 357
470 359
470 510
470 798
775 208
775 360
775 479
775 505
775 554
775 575
775 672
775 837
775 853
775 889
775 903
788 167
788 237
788 335
788 555
788 609
788 707
788 710
788 737
788 767
788 886
788 909
788 972
822 91
822 114
822 287
822 619
822 657
822 733
822 750
822 831
822 857
822 882
76 202
76 384
76 443
202 276
202 284
202 318
202 589
202 765
384 356
384 663
384 774
384 887
384 993
443 320
443 419
443 523
443 885
77 392
77 538
77 819
77 837
392 596
392 681
392 721
392 756
392 820
392 853
392 876
538 174
538 240
538 365
538 444
538 779
538 784
538 787
538 875
819 102
819 403
819 504
819 572
819 681
819 972
837 236
837 295
837 395
837 426
837 492
837 555
837 578
837 724
837 813
837 882
837 999
78 408
78 604
78 644
78 717
408 552
408 684
408 706
408 765
604 208
604 318
604 547
604 606
604 681
604 692
604 783
604 820
604 844
644 316
644 381
644 568
644 768
644 826
644 841
644 972
717 90
717 115
717 181
717 393
717 706
717 751
717 797
79 116
79 630
79 708
116 374
116 661
116 992
630 153
630 235
630 236
630 309
630 420
630 766
630 767
630 875
630 965
630 993
708 174
708 275
708 310
708 502
708 512
708 582
708 674
708 683
708 815
708 831
147 220
147 307
147 448
147 992
492 166
492 400
492 609
492 776
492 988
81 88
81 876
88 844
88 899
88 934
876 236
876 335
876 342
876 454
876 559
876 560
876 596
876 737
876 745
876 751
876 892
876 909
82 438
82 539
82 972
438 255
438 314
539 444
539 664
539 798
539 890
972 154
972 221
972 243
972 352
972 370
972 455
972 476
972 590
972 591
972 641
972 683
972 700
972 749
972 768
972 799
972 871
972 918
972 947
972 992
83 525
83 608
83 652
83 771
83 947
525 246
525 265
525 637
525 665
525 687
525 793
525 858
525 934
608 560
608 620
608 664
608 673
608 692
608 743
652 219
652 848
652 992
652 999
771 171
771 316
771 346
771 437
771 476
771 551
771 554
771 672
771 815
771 871
771 890
771 892
947 175
947 217
947 230
947 232
947 252
947 288
947 368
947 445
947 447
947 477
947 511
947 515
947 575
947 673
947 686
947 752
947 768
947 774
947 879
947 892
947 896
84 502
84 879
84 909
502 259
502 522
879 163
879 323
879 406
879 455
879 466
879 477
879 503
879 624
879 769
879 774
879 858
879 892
879 911
879 934
879 958
879 992
909 223
909 440
909 467
909 477
909 536
909 596
909 662
909 784
909 870
909 993
85 129
85 252
85 658
85 663
85 899
85 918
129 444
129 552
129 589
129 798
252 311
252 327
252 618
252 728
252 756
658 114
658 180
658 225
658 271
658 401
658 560
658 611
658 911
663 387
663 751
663 877
663 913
663 958
663 993
663 999
899 146
899 258
899 277
899 282
899 294
899 320
899 339
899 476
899 481
899 527
899 553
899 555
899 623
899 664
899 684
899 726
899 799
899 831
899 958
899 992
918 168
918 261
918 340
918 485
918 514
918 631
918 632
918 665
918 743
918 765
918 890
257 154
257 512
257 542
257 903
318 485
318 877
479 175
479 313
479 674
479 721
479 733
479 783
479 827
479 993
576 504
576 596
576 618
576 623
576 710
576 993
858 154
858 425
858 558
858 581
858 659
858 750
858 773
858 793
858 847
858 885
87 105
87 707
105 153
105 267
105 999
707 310
707 364
707 457
707 685
707 783
707 824
844 150
844 173
844 454
844 536
844 568
844 598
844 896
844 923
934 180
934 429
934 501
934 527
934 610
934 721
934 773
89 779
89 793
779 284
779 474
779 556
779 602
779 661
779 842
779 887
779 946
793 272
793 357
793 362
793 423
793 481
793 719
793 723
793 831
793 992
90 320
90 624
90 896
90 923
320 329
320 364
320 623
320 705
320 745
624 135
624 266
624 334
624 673
624 721
624 773
624 790
624 838
624 857
624 920
896 99
896 203
896 323
896 329
896 347
896 350
896 359
896 501
896 511
896 703
896 820
896 889
896 988
923 197
923 204
923 227
923 533
923 546
923 555
923 636
923 637
923 705
923 811
923 827
923 874
923 913
923 920
923 999
91 311
91 913
91 920
311 262
311 547
311 797
311 798
913 104
913 245
913 259
913 329
913 366
913 457
913 488
913 511
913 661
913 698
913 729
913 811
913 842
913 877
913 890
920 102
920 139
920 162
920 580
920 590
920 641
920 665
920 743
920 811
920 827
920 838
920 841
920 890
920 954
92 205
92 631
92 635
205 222
205 347
205 568
631 231
631 279
631 448
631 623
631 687
631 877
631 992
635 504
635 584
635 665
635 815
635 831
635 853
635 886
93 132
93 266
93 505
132 681
132 805
132 811
266 278
266 295
266 411
266 911
505 213
505 259
505 282
505 518
505 673
505 890
256 282
256 354
256 395
256 580
256 701
396 526
396 706
396 728
396 824
396 964
684 113
684 172
684 275
684 279
684 343
684 348
684 583
684 688
684 824
684 999
857 135
857 171
857 187
857 276
857 287
857 339
857 460
857 657
857 672
857 687
857 815
857 839
857 870
857 885
857 988
95 518
95 750
95 805
518 965
750 195
750 224
750 343
750 446
750 476
750 737
750 798
805 163
805 184
805 385
805 569
805 595
805 598
805 646
96 659
659 339
659 474
97 719
97 756
97 853
719 499
719 510
719 619
719 628
719 774
719 809
719 820
719 910
719 993
756 280
756 290
756 388
756 453
756 460
756 485
756 512
756 787
756 954
853 104
853 277
853 284
853 327
853 373
853 553
853 571
853 667
853 696
853 889
853 965
853 993
98 666
98 993
666 259
666 287
666 448
666 474
666 568
666 875
993 126
993 149
993 230
993 241
993 275
993 351
993 399
993 403
993 466
993 527
993 618
993 725
993 752
993 769
993 774
993 827
993 877
993 889
993 954
993 965
99 870
870 108
870 164
870 221
870 312
870 373
870 393
870 501
870 521
870 743
870 871
870 992
100 146
100 556
100 812
146 471
146 481
556 564
556 617
556 795
556 847
556 886
812 314
812 486
812 581
812 591
419 421
419 589
453 552
453 566
453 589
453 749
453 774
453 964
790 416
790 575
790 763
790 778
790 882
790 892
790 910
903 184
903 206
903 213
903 375
903 389
903 394
903 572
903 614
903 646
903 847
903 848
903 965
102 314
102 842
314 295
314 736
314 999
842 136
842 155
842 187
842 269
842 353
842 367
842 399
842 553
842 581
842 773
842 809
842 892
103 362
103 547
103 705
362 454
362 510
362 571
362 601
547 262
547 568
705 309
705 579
705 746
705 763
705 814
705 827
705 877
104 725
104 733
104 992
725 287
725 501
725 657
725 815
725 877
725 946
725 964
733 114
733 206
733 223
733 246
733 299
733 327
733 468
733 623
992 158
992 197
992 233
992 308
992 313
992 327
992 377
992 389
992 421
992 560
992 561
992 586
992 609
992 641
992 649
992 683
992 696
992 710
992 726
992 871
992 874
153 445
267 262
267 491
267 965
999 123
999 148
999 285
999 342
999 352
999 383
999 451
999 498
999 773
999 824
999 827
999 841
999 946
999 950
999 958
999 964
339 168
339 815
595 451
595 664
595 726
595 752
729 207
729 552
729 561
729 610
729 768
729 795
729 988
946 161
946 213
946 289
946 325
946 388
946 399
946 423
946 459
946 503
946 510
946 560
946 715
946 751
946 769
946 778
946 795
946 820
107 130
107 841
107 848
107 890
130 471
130 890
841 163
841 344
841 501
841 558
841 591
841 776
841 965
848 131
848 138
848 154
848 404
848 542
848 570
848 575
848 610
848 656
848 736
848 768
890 185
890 219
890 231
890 238
890 245
890 340
890 353
890 410
890 710
890 765
890 783
890 871
890 958
108 486
108 965
486 423
486 602
486 623
486 797
486 882
486 892
965 400
965 420
965 583
965 636
965 641
965 687
965 763
965 767
965 797
965 875
965 887
109 566
109 734
109 815
566 196
566 209
566 402
566 528
566 746
566 766
734 206
734 297
734 306
734 308
734 568
734 632
734 820
734 885
734 950
815 308
815 365
815 381
815 426
815 601
815 610
815 839
110 123
110 416
123 274
123 715
416 346
416 532
416 765
416 847
111 847
111 886
847 237
847 515
847 522
847 564
847 715
847 814
847 887
847 988
886 148
886 206
886 321
886 508
886 537
886 563
886 618
886 665
886 703
886 721
886 780
167 450
950 120
950 165
950 181
950 289
950 364
950 374
950 394
950 410
950 421
950 459
950 477
950 497
950 541
950 581
950 662
950 692
950 776
950 882
113 778
778 240
778 259
778 447
778 606
778 633
778 641
778 655
778 685
778 911
114 174
114 839
174 136
839 290
839 307
839 568
839 598
839 688
839 710
839 813
839 954
115 206
115 422
206 389
206 560
422 151
422 225
422 236
422 334
422 353
422 359
422 375
374 215
374 598
374 628
374 765
661 239
661 611
661 826
291 150
291 609
291 774
379 375
379 383
379 395
379 425
387 288
387 656
387 736
387 887
459 245
459 381
459 736
477 154
477 223
477 236
118 283
118 285
118 393
118 602
285 272
285 367
285 512
285 769
393 126
393 636
602 262
602 558
602 698
602 700
119 138
119 795
119 871
138 250
138 545
138 702
795 142
795 588
795 606
795 619
795 701
795 743
795 774
795 954
795 964
871 259
871 289
871 370
871 491
871 614
871 700
120 407
120 814
407 395
407 398
407 552
407 582
814 237
814 296
814 348
814 377
814 394
814 493
814 579
814 620
814 696
814 766
814 875
448 131
448 702
448 988
464 269
464 307
464 348
464 954
122 404
122 476
122 582
122 710
122 799
404 526
404 589
476 769
476 910
582 182
582 541
582 568
582 736
710 131
710 437
710 474
710 769
710 780
799 469
799 485
799 487
799 500
799 526
799 688
799 831
274 136
274 571
274 656
715 134
715 451
715 559
715 637
715 649
124 344
124 527
124 701
344 135
344 471
344 703
344 988
527 641
701 299
701 360
701 487
701 526
701 537
701 700
498 276
498 721
498 746
498 838
555 388
555 686
555 885
581 307
581 769
126 596
596 302
596 523
596 591
596 766
127 410
127 745
410 227
410 521
745 248
745 402
745 451
745 533
745 649
745 752
745 910
128 199
128 541
128 739
128 820
199 246
199 446
199 508
199 737
199 988
541 366
541 572
541 586
541 692
541 768
739 270
739 290
739 316
739 546
739 583
739 681
739 736
739 809
739 892
820 325
820 425
820 451
820 528
820 824
444 335
444 358
444 537
444 633
444 721
552 210
589 514
589 515
589 769
798 181
798 364
798 426
798 531
798 553
798 564
798 988
471 190
471 512
471 537
681 213
681 245
681 641
681 685
681 797
811 152
811 163
811 276
811 388
811 425
811 451
811 575
811 616
811 954
150 633
265 217
265 220
349 440
349 565
887 366
887 497
887 575
887 744
887 766
887 877
887 988
134 813
134 824
813 144
813 184
813 208
813 255
813 554
813 560
813 657
813 730
824 161
824 554
824 703
824 783
824 892
824 958
136 545
136 687
545 243
545 248
545 838
687 149
687 664
687 685
687 737
687 773
687 889
687 988
250 351
250 723
702 403
702 558
702 562
702 567
702 877
702 954
702 958
139 152
139 481
152 284
152 508
152 665
152 885
481 457
481 743
481 784
253 280
253 606
253 623
514 358
514 657
514 667
514 752
514 783
141 911
911 173
911 224
911 258
911 342
911 400
911 411
911 553
911 565
911 655
911 744
911 749
911 958
142 685
685 210
685 487
685 533
685 565
685 988
766 439
766 447
766 504
766 508
766 580
766 674
776 181
776 233
776 278
776 346
776 450
776 598
776 767
776 838
144 273
144 565
273 269
273 302
273 499
273 730
565 400
342 487
342 579
220 892
307 744
148 988
988 165
988 236
988 258
988 353
988 373
988 446
988 559
988 563
988 567
988 620
988 744
149 356
149 606
149 686
149 889
149 964
356 569
356 598
356 674
606 165
606 241
606 365
606 655
686 155
686 350
686 439
686 617
686 910
889 260
889 325
889 698
889 774
889 787
889 958
964 169
964 219
964 304
964 340
964 386
964 437
964 467
964 588
964 723
964 784
633 255
633 358
633 554
633 590
633 611
151 162
151 241
151 511
162 491
162 580
162 655
241 350
241 377
241 882
511 313
284 744
665 348
665 423
665 591
885 182
885 308
885 378
885 425
885 467
885 578
445 190
445 364
445 724
445 875
154 533
533 237
533 617
533 667
155 299
155 352
155 749
299 426
299 616
352 553
352 590
352 958
749 177
749 183
749 262
749 282
749 370
749 377
749 399
749 526
749 683
749 838
156 263
156 377
156 386
156 531
156 780
263 211
263 230
263 413
263 662
377 224
377 882
386 378
386 509
386 579
531 226
531 231
531 737
531 831
780 166
780 204
780 223
780 333
780 334
780 584
780 746
780 882
157 468
157 575
157 706
468 412
468 700
575 208
575 618
575 892
706 292
706 302
706 373
706 493
706 586
706 598
706 737
158 412
158 420
158 667
412 173
412 455
420 297
420 563
420 730
420 763
667 353
667 509
667 571
667 752
270 564
730 169
730 325
730 359
730 610
763 166
763 231
763 262
763 522
763 875
239 826
692 389
692 469
692 623
692 673
692 746
768 181
768 224
768 294
768 446
768 657
161 209
161 554
161 721
209 551
554 182
554 619
554 628
721 233
721 767
491 173
491 698
580 618
580 783
655 173
655 278
655 446
655 515
655 797
163 503
163 688
163 954
503 254
503 429
503 954
688 254
688 421
954 171
954 187
954 189
954 219
954 262
954 277
954 373
954 460
954 567
954 616
954 728
164 562
164 746
562 183
562 394
562 570
562 628
562 787
746 226
746 261
746 500
746 583
746 726
746 773
746 910
165 488
488 203
488 275
488 497
488 657
488 674
166 192
166 353
166 450
166 877
192 532
192 616
192 827
353 673
450 381
450 609
450 743
877 280
877 287
877 309
877 366
877 411
877 457
168 243
168 787
243 313
243 703
787 260
787 269
787 279
787 329
787 378
787 429
787 504
787 614
787 662
787 724
787 783
169 171
169 211
171 346
171 567
211 413
211 497
170 474
170 656
170 662
170 765
474 292
474 402
474 724
656 225
656 467
656 504
662 358
662 467
662 751
662 797
765 388
765 641
346 723
346 773
346 910
567 225
567 493
567 744
172 610
610 827
532 183
532 394
532 910
177 724
724 277
724 773
204 425
522 632
892 222
892 515
892 649
892 698
892 783
892 826
182 743
743 217
743 590
743 683
743 874
183 400
183 584
183 641
400 185
584 187
584 297
584 564
584 769
641 591
185 636
185 875
636 875
636 958
875 271
875 614
187 752
752 260
752 354
752 509
752 958
188 254
188 258
188 389
188 783
254 323
254 383
389 226
783 203
783 563
189 398
189 632
190 245
279 421
279 809
784 308
784 744
784 874
616 500
616 501
616 737
827 237
827 343
827 455
827 509
827 521
827 838
501 275
194 521
194 609
194 809
194 831
521 411
521 797
521 838
521 910
609 341
609 375
809 288
809 364
809 437
831 235
831 335
831 413
831 882
197 698
698 213
446 611
737 440
737 500
737 563
451 277
306 275
306 467
797 227
797 399
797 489
797 572
276 308
276 367
276 826
425 217
222 657
568 334
560 546
207 440
207 726
207 826
440 336
440 769
440 838
726 210
726 251
726 336
726 439
726 744
726 838
726 910
826 255
826 378
826 558
208 287
208 536
287 348
551 323
551 558
551 623
551 958
210 336
210 485
336 238
336 367
413 388
413 646
413 694
278 487
351 403
351 874
423 561
423 874
500 277
500 321
500 354
217 499
499 271
499 282
499 364
499 365
269 231
269 537
591 578
591 586
219 489
219 728
489 469
489 572
489 751
728 262
728 528
728 571
728 579
221 236
221 255
221 882
255 360
882 288
882 358
882 457
882 504
882 694
657 365
223 402
402 563
402 910
224 329
224 561
561 910
226 683
683 282
683 333
683 649
227 321
227 563
321 455
426 294
426 769
664 910
230 512
512 297
231 523
523 271
523 281
523 509
232 590
590 618
235 289
235 370
235 578
289 261
289 469
370 359
370 439
238 290
238 874
290 570
874 340
874 586
874 696
874 723
874 838
874 958
240 586
240 599
586 838
599 327
599 628
599 838
313 466
703 571
703 611
703 617
558 528
558 617
558 628
248 294
294 617
294 694
249 515
515 910
327 460
327 542
280 637
280 672
623 457
623 774
323 583
360 366
360 375
360 411
282 388
395 546
542 437
259 673
260 394
260 583
260 773
583 341
773 910
620 343
620 619
620 744
620 958
295 619
411 272
411 611
537 367
564 385
564 767
272 288
272 401
401 322
401 466
302 454
302 588
302 751
275 277
277 340
367 309
340 637
637 559
672 281
672 588
281 646
646 296
646 614
744 385
769 736
769 910
572 343
572 958
570 736
292 334
292 403
334 429
601 619
601 674
617 767
694 368
619 309
454 310
588 509
751 357
751 598
304 310
304 366
674 437
312 579
736 447
736 546
333 385
333 958
385 447
429 598
910 559
357 767
358 447
359 696
368 559
509 838
838 649
