0 16
0 576
0 811
0 836
0 895
0 927
0 993
16 116
16 282
16 577
16 661
16 763
16 880
576 107
576 483
576 513
576 616
576 633
576 651
576 752
576 844
576 874
576 896
576 945
576 995
811 51
811 190
811 237
811 275
811 282
811 432
811 493
811 494
811 572
811 671
811 680
811 733
811 737
811 760
811 773
811 815
811 831
811 901
811 925
811 935
811 944
811 960
836 81
836 86
836 205
836 229
836 419
836 643
836 648
836 720
836 722
836 776
836 780
836 793
836 810
836 886
836 892
836 909
836 922
836 924
836 937
836 938
836 951
836 971
836 994
895 81
895 107
895 220
895 243
895 304
895 423
895 525
895 571
895 595
895 641
895 668
895 672
895 680
895 687
895 707
895 736
895 833
895 834
895 838
895 844
895 855
895 870
895 894
895 905
895 918
895 930
895 980
895 985
895 996
927 129
927 130
927 211
927 369
927 418
927 441
927 491
927 551
927 571
927 600
927 644
927 683
927 710
927 713
927 724
927 728
927 735
927 772
927 790
927 823
927 839
927 855
927 857
927 863
927 888
927 908
927 918
927 953
927 957
927 970
927 971
927 977
927 980
927 983
993 35
993 38
993 68
993 155
993 161
993 268
993 277
993 279
993 298
993 379
993 420
993 447
993 479
993 481
993 522
993 546
993 566
993 604
993 618
993 651
993 661
993 662
993 682
993 686
993 699
993 702
993 735
993 744
993 749
993 760
993 763
993 773
993 774
993 817
993 820
993 822
993 844
993 849
993 852
993 883
993 890
993 934
993 947
993 974
993 982
993 991
993 996
1 67
1 546
1 652
1 693
1 825
1 976
1 982
67 526
67 656
67 735
67 857
67 871
67 893
546 113
546 326
546 487
546 602
546 686
546 688
546 745
546 766
546 920
546 952
546 980
652 85
652 150
652 216
652 283
652 333
652 459
652 468
652 597
652 726
652 759
652 829
652 834
652 947
652 949
652 980
693 37
693 398
693 611
693 617
693 634
693 709
693 729
693 807
693 846
693 871
693 913
693 965
693 978
693 981
693 984
693 998
825 33
825 147
825 157
825 339
825 555
825 687
825 710
825 716
825 728
825 749
825 790
825 814
825 816
825 850
825 871
825 893
825 896
825 915
825 933
825 937
825 939
825 957
825 974
976 78
976 106
976 170
976 233
976 266
976 276
976 396
976 413
976 463
976 472
976 515
976 569
976 579
976 590
976 611
976 626
976 638
976 651
976 665
976 766
976 769
976 775
976 782
976 810
976 838
976 884
976 890
976 897
976 907
976 910
976 912
976 920
976 922
976 924
976 925
976 931
976 945
976 952
976 963
976 971
976 974
982 18
982 38
982 42
982 61
982 119
982 121
982 274
982 281
982 296
982 465
982 499
982 505
982 527
982 557
982 589
982 604
982 614
982 616
982 646
982 657
982 690
982 722
982 730
982 742
982 753
982 758
982 762
982 771
982 781
982 794
982 797
982 833
982 892
982 934
982 945
982 953
982 955
982 967
982 970
982 978
982 995
982 996
2 458
2 783
2 897
2 929
2 949
2 953
2 960
458 341
458 455
458 616
458 682
458 831
458 902
458 908
458 918
458 920
458 972
783 29
783 88
783 184
783 254
783 261
783 368
783 530
783 586
783 606
783 661
783 746
783 805
783 806
783 882
783 899
783 932
783 941
783 951
783 970
783 989
897 89
897 142
897 175
897 191
897 310
897 325
897 361
897 377
897 391
897 555
897 605
897 632
897 684
897 691
897 699
897 704
897 715
897 724
897 734
897 776
897 785
897 786
897 796
897 864
897 875
897 876
897 913
897 960
897 962
929 51
929 259
929 273
929 288
929 347
929 373
929 498
929 501
929 522
929 540
929 558
929 625
929 640
929 698
929 716
929 720
929 768
929 798
929 800
929 803
929 806
929 807
929 829
929 842
929 908
929 910
929 953
929 964
929 969
929 972
929 977
929 986
929 989
929 999
949 4
949 55
949 78
949 108
949 194
949 348
949 370
949 386
949 409
949 473
949 514
949 530
949 618
949 650
949 653
949 690
949 697
949 737
949 752
949 757
949 770
949 796
949 816
949 841
949 865
949 875
949 893
949 919
949 973
949 975
949 984
949 986
949 987
949 989
949 992
949 994
953 50
953 204
953 218
953 246
953 257
953 258
953 363
953 573
953 581
953 596
953 597
953 656
953 700
953 715
953 716
953 731
953 750
953 771
953 774
953 776
953 785
953 795
953 798
953 800
953 830
953 855
953 870
953 879
953 883
953 891
953 894
953 906
953 912
953 956
953 969
960 20
960 138
960 173
960 175
960 199
960 244
960 328
960 409
960 446
960 485
960 502
960 517
960 523
960 530
960 588
960 598
960 610
960 632
960 635
960 718
960 734
960 752
960 799
960 835
960 857
960 864
960 883
960 893
960 913
960 934
960 935
960 945
960 952
960 986
960 990
960 994
3 80
3 266
3 605
3 701
3 889
3 925
3 995
80 299
80 817
80 842
80 854
80 938
80 996
266 381
266 426
266 541
266 795
266 810
266 889
605 169
605 336
605 456
605 597
605 687
605 785
605 853
605 858
605 876
605 882
605 958
605 964
701 8
701 24
701 246
701 274
701 300
701 306
701 397
701 611
701 770
701 773
701 940
701 947
701 966
701 988
701 992
701 994
889 103
889 150
889 238
889 244
889 280
889 372
889 506
889 510
889 543
889 557
889 610
889 627
889 644
889 670
889 682
889 749
889 763
889 765
889 812
889 822
889 844
889 848
889 886
889 894
889 900
889 956
889 958
889 975
925 53
925 223
925 228
925 243
925 289
925 308
925 321
925 341
925 396
925 423
925 484
925 490
925 718
925 745
925 775
925 787
925 818
925 822
925 831
925 842
925 844
925 858
925 864
925 891
925 907
925 908
925 942
925 947
925 952
925 955
925 961
995 30
995 51
995 151
995 153
995 185
995 270
995 276
995 283
995 288
995 318
995 322
995 358
995 414
995 427
995 432
995 528
995 539
995 563
995 567
995 568
995 572
995 593
995 596
995 609
995 647
995 661
995 689
995 732
995 752
995 764
995 777
995 778
995 802
995 808
995 824
995 844
995 847
995 849
995 851
995 853
995 865
995 915
995 923
995 932
995 952
4 90
4 562
4 625
4 830
4 839
4 900
90 133
90 362
90 396
90 635
90 829
90 956
562 198
562 286
562 316
562 594
562 679
562 685
562 689
562 769
562 864
562 907
562 955
562 984
625 211
625 253
625 449
625 477
625 521
625 650
625 695
625 760
625 876
625 899
625 945
625 967
625 975
830 110
830 254
830 297
830 528
830 568
830 587
830 666
830 670
830 806
830 869
830 873
830 881
830 915
830 919
830 922
830 933
830 934
830 935
830 959
830 961
830 972
830 998
839 325
839 363
839 481
839 527
839 621
839 678
839 684
839 687
839 706
839 805
839 820
839 841
839 843
839 858
839 880
839 882
839 909
839 918
839 928
839 977
839 983
839 984
839 997
900 75
900 120
900 371
900 381
900 427
900 442
900 448
900 464
900 504
900 566
900 644
900 708
900 719
900 721
900 731
900 734
900 737
900 777
900 788
900 793
900 832
900 834
900 860
900 862
900 888
900 891
900 904
900 938
900 981
5 275
5 535
5 569
5 615
5 708
5 755
5 818
275 191
275 422
275 635
275 837
275 947
275 964
535 216
535 274
535 310
535 329
535 434
535 459
535 478
535 686
535 832
535 955
535 990
569 103
569 135
569 299
569 392
569 490
569 641
569 659
569 666
569 926
569 930
569 931
615 206
615 228
615 385
615 508
615 657
615 775
615 806
615 812
615 840
615 863
615 930
615 943
615 997
708 53
708 187
708 192
708 258
708 721
708 779
708 818
708 853
708 880
708 920
708 942
708 951
708 956
708 985
708 991
708 997
755 314
755 379
755 403
755 414
755 450
755 662
755 664
755 738
755 778
755 800
755 818
755 888
755 893
755 904
755 917
755 936
755 938
755 944
755 988
818 201
818 205
818 268
818 442
818 449
818 468
818 507
818 585
818 609
818 717
818 728
818 766
818 774
818 780
818 795
818 801
818 822
818 909
818 914
818 997
6 171
6 175
6 331
6 417
6 572
6 593
6 959
171 273
171 406
171 702
171 740
171 754
171 813
171 979
175 333
175 578
175 776
175 905
175 940
331 38
331 92
331 270
331 274
331 510
331 637
331 808
331 906
417 113
417 515
417 582
417 712
417 790
417 793
417 863
417 888
417 990
572 288
572 334
572 496
572 539
572 690
572 735
572 748
572 827
572 899
572 991
593 242
593 321
593 414
593 424
593 714
593 752
593 856
593 896
593 904
593 905
593 959
593 988
959 37
959 68
959 130
959 141
959 142
959 161
959 192
959 217
959 222
959 308
959 334
959 365
959 397
959 401
959 419
959 453
959 524
959 580
959 590
959 602
959 686
959 699
959 730
959 769
959 782
959 784
959 822
959 831
959 837
959 850
959 854
959 874
959 881
959 892
959 951
959 978
7 151
7 343
7 608
7 628
7 632
7 702
7 761
151 204
151 847
151 878
151 938
151 969
343 272
343 740
343 914
343 945
343 950
343 966
343 971
343 986
608 272
608 276
608 365
608 401
608 478
608 488
608 710
608 856
608 915
608 979
608 981
608 990
608 997
628 481
628 548
628 575
628 636
628 788
628 816
628 856
628 871
628 882
628 905
628 915
628 934
628 935
628 954
632 10
632 83
632 238
632 385
632 637
632 797
632 826
632 869
632 875
632 903
632 968
632 979
702 208
702 341
702 492
702 543
702 583
702 631
702 704
702 766
702 793
702 918
702 940
702 954
702 966
702 983
761 137
761 348
761 362
761 391
761 439
761 470
761 481
761 538
761 606
761 735
761 752
761 824
761 861
761 872
761 941
761 947
761 962
761 985
761 999
8 182
8 268
8 485
8 489
8 606
8 631
182 270
182 641
182 645
182 650
182 936
182 964
182 996
268 54
268 342
268 604
268 938
268 952
485 176
485 344
485 394
485 404
485 494
485 631
485 659
485 734
485 902
489 12
489 44
489 219
489 681
489 706
489 754
489 838
489 885
489 932
489 999
606 522
606 571
606 665
606 709
606 772
606 805
606 845
606 884
606 886
606 948
606 974
631 198
631 383
631 483
631 596
631 598
631 654
631 691
631 745
631 754
631 865
631 913
631 938
9 47
9 538
9 692
9 717
9 762
9 952
9 984
47 106
47 500
47 758
47 869
47 903
47 992
538 93
538 221
538 321
538 579
538 726
538 727
538 815
538 837
538 904
538 947
692 183
692 233
692 264
692 354
692 491
692 560
692 595
692 596
692 619
692 691
692 726
692 743
692 876
692 920
692 969
692 973
717 293
717 474
717 523
717 612
717 675
717 711
717 718
717 790
717 795
717 837
717 857
717 870
717 913
717 923
717 956
717 983
762 65
762 125
762 145
762 230
762 293
762 362
762 468
762 477
762 531
762 766
762 772
762 784
762 793
762 832
762 882
762 917
762 957
762 998
952 44
952 193
952 194
952 231
952 241
952 277
952 346
952 408
952 453
952 478
952 532
952 612
952 703
952 771
952 775
952 782
952 810
952 813
952 815
952 817
952 829
952 837
952 861
952 878
952 907
952 913
952 931
952 932
952 940
952 958
952 988
984 87
984 167
984 227
984 255
984 329
984 354
984 369
984 378
984 389
984 422
984 432
984 499
984 518
984 547
984 604
984 650
984 680
984 685
984 738
984 739
984 740
984 750
984 770
984 805
984 845
984 876
984 901
984 906
984 921
984 923
984 926
984 935
984 936
984 943
984 948
984 956
984 958
984 966
984 987
984 992
10 66
10 533
10 696
10 824
10 891
10 991
66 28
66 426
66 558
66 729
66 742
66 935
533 112
533 525
533 573
533 600
533 690
533 740
533 845
533 862
533 877
533 910
533 945
696 345
696 355
696 357
696 476
696 601
696 626
696 706
696 821
696 828
696 862
696 928
696 931
696 934
696 939
696 985
696 997
824 24
824 337
824 418
824 452
824 465
824 564
824 568
824 587
824 732
824 765
824 773
824 831
824 854
824 880
824 888
824 904
824 919
824 921
824 954
824 988
824 999
891 28
891 132
891 291
891 315
891 390
891 444
891 450
891 574
891 648
891 668
891 669
891 709
891 714
891 725
891 746
891 838
891 856
891 887
891 910
891 913
891 936
891 941
891 942
891 947
891 958
891 998
991 73
991 101
991 183
991 337
991 364
991 365
991 426
991 471
991 486
991 573
991 584
991 589
991 601
991 604
991 614
991 656
991 659
991 672
991 721
991 722
991 758
991 764
991 771
991 774
991 776
991 804
991 853
991 860
991 865
991 874
991 876
991 884
991 898
991 917
991 932
991 955
991 967
991 970
991 977
991 981
991 985
991 988
991 997
11 169
11 262
11 392
11 519
11 808
11 854
11 886
169 270
169 526
169 736
169 917
169 930
169 964
262 421
262 491
262 589
262 712
262 738
262 774
262 907
392 68
392 191
392 330
392 616
392 743
392 800
392 831
392 905
519 62
519 121
519 160
519 290
519 464
519 541
519 584
519 600
519 705
519 910
519 975
808 43
808 99
808 209
808 210
808 215
808 540
808 673
808 678
808 736
808 774
808 789
808 842
808 856
808 863
808 920
808 946
808 951
808 966
808 988
808 998
854 167
854 190
854 415
854 455
854 461
854 543
854 590
854 651
854 679
854 713
854 731
854 772
854 773
854 784
854 850
854 867
854 869
854 880
854 931
854 936
854 938
854 969
886 41
886 51
886 207
886 336
886 354
886 431
886 521
886 549
886 558
886 559
886 561
886 616
886 645
886 737
886 770
886 786
886 820
886 860
886 903
886 907
886 926
886 937
886 945
886 973
886 975
886 986
12 48
12 117
12 573
12 800
12 941
12 963
48 406
48 447
48 543
48 568
48 817
48 918
117 313
117 504
117 629
117 828
117 921
117 964
573 45
573 401
573 438
573 622
573 865
573 958
573 981
573 994
573 997
800 127
800 129
800 148
800 166
800 267
800 394
800 406
800 502
800 587
800 647
800 691
800 756
800 837
800 922
800 924
800 932
800 954
941 57
941 93
941 112
941 203
941 213
941 236
941 298
941 302
941 355
941 464
941 466
941 471
941 502
941 521
941 549
941 556
941 584
941 614
941 634
941 673
941 714
941 732
941 756
941 767
941 807
941 865
941 882
941 906
941 937
941 946
941 954
941 996
963 116
963 167
963 357
963 380
963 388
963 398
963 402
963 421
963 438
963 446
963 490
963 517
963 540
963 547
963 667
963 674
963 697
963 715
963 743
963 772
963 774
963 803
963 816
963 826
963 837
963 862
963 874
963 876
963 923
963 926
963 939
963 946
963 958
963 965
963 967
963 970
963 979
963 989
13 284
13 390
13 848
13 858
13 919
13 948
13 988
284 499
284 589
284 612
284 741
284 754
284 834
284 835
284 844
390 540
390 667
390 712
390 756
390 765
390 932
390 954
390 975
848 197
848 445
848 477
848 591
848 599
848 627
848 661
848 682
848 726
848 743
848 745
848 793
848 799
848 801
848 823
848 861
848 872
848 876
848 887
848 923
848 942
848 962
848 990
848 999
858 94
858 128
858 138
858 311
858 361
858 403
858 421
858 496
858 511
858 529
858 531
858 588
858 637
858 684
858 750
858 773
858 827
858 835
858 864
858 867
858 885
858 961
858 974
919 302
919 454
919 481
919 511
919 556
919 564
919 585
919 613
919 650
919 664
919 704
919 732
919 735
919 741
919 791
919 804
919 840
919 841
919 847
919 874
919 880
919 890
919 896
919 903
919 904
919 920
919 942
919 970
919 988
948 145
948 146
948 166
948 304
948 312
948 382
948 437
948 445
948 469
948 529
948 553
948 581
948 586
948 607
948 677
948 680
948 714
948 733
948 738
948 739
948 765
948 768
948 773
948 786
948 791
948 826
948 871
948 876
948 877
948 908
948 910
948 923
948 936
948 970
948 981
988 18
988 55
988 161
988 178
988 329
988 379
988 414
988 415
988 420
988 454
988 493
988 551
988 585
988 589
988 626
988 627
988 719
988 732
988 757
988 768
988 782
988 785
988 791
988 870
988 874
988 888
988 901
988 903
988 904
988 908
988 922
988 932
988 937
988 944
988 951
988 961
988 977
988 980
14 524
14 619
14 801
14 928
14 950
14 970
14 990
524 43
524 56
524 73
524 292
524 328
524 502
524 771
524 850
524 918
524 974
619 397
619 415
619 439
619 492
619 582
619 665
619 674
619 794
619 850
619 899
619 926
619 975
619 996
801 165
801 250
801 431
801 478
801 481
801 561
801 565
801 591
801 686
801 768
801 780
801 806
801 829
801 861
801 880
801 888
801 935
801 943
801 990
928 113
928 118
928 143
928 165
928 209
928 229
928 231
928 315
928 352
928 375
928 379
928 504
928 556
928 570
928 591
928 636
928 724
928 765
928 780
928 781
928 788
928 838
928 843
928 863
928 878
928 880
928 916
928 918
928 942
928 977
928 983
928 986
950 57
950 93
950 124
950 152
950 218
950 237
950 303
950 329
950 405
950 407
950 434
950 479
950 554
950 555
950 557
950 581
950 587
950 594
950 626
950 668
950 669
950 674
950 683
950 707
950 711
950 760
950 763
950 771
950 799
950 823
950 841
950 902
950 915
950 917
950 951
950 987
970 200
970 207
970 329
970 374
970 411
970 427
970 430
970 460
970 474
970 513
970 531
970 532
970 539
970 561
970 565
970 600
970 603
970 630
970 663
970 694
970 703
970 711
970 773
970 821
970 831
970 850
970 864
970 877
970 907
970 951
970 961
970 987
970 999
990 74
990 197
990 217
990 221
990 232
990 405
990 406
990 445
990 507
990 557
990 566
990 583
990 598
990 624
990 648
990 684
990 719
990 725
990 746
990 757
990 760
990 768
990 772
990 794
990 795
990 809
990 819
990 856
990 862
990 872
990 888
990 898
990 945
990 957
990 962
990 967
990 969
990 977
990 986
990 999
15 528
15 695
15 713
15 718
15 888
15 931
15 996
528 152
528 223
528 443
528 602
528 607
528 610
528 699
528 860
528 935
695 30
695 158
695 512
695 516
695 520
695 553
695 556
695 620
695 697
695 787
695 798
695 910
695 945
695 972
695 998
713 174
713 373
713 484
713 494
713 618
713 656
713 687
713 735
713 745
713 778
713 781
713 882
713 912
713 978
713 992
718 33
718 206
718 330
718 370
718 439
718 482
718 506
718 703
718 763
718 805
718 903
718 922
718 957
718 997
888 24
888 77
888 107
888 178
888 335
888 423
888 429
888 442
888 505
888 564
888 627
888 657
888 671
888 731
888 769
888 772
888 789
888 903
888 944
888 945
888 947
931 94
931 118
931 170
931 189
931 298
931 303
931 309
931 359
931 374
931 377
931 418
931 504
931 612
931 629
931 639
931 698
931 720
931 741
931 763
931 769
931 795
931 799
931 841
931 845
931 893
931 906
931 940
931 978
931 997
996 42
996 92
996 119
996 126
996 144
996 180
996 215
996 253
996 261
996 265
996 272
996 320
996 321
996 382
996 383
996 409
996 446
996 455
996 465
996 475
996 476
996 494
996 499
996 558
996 614
996 623
996 690
996 736
996 737
996 738
996 743
996 744
996 757
996 846
996 849
996 877
996 882
996 918
996 951
996 974
996 983
116 112
116 668
116 765
116 977
116 997
282 158
282 318
282 360
282 673
282 901
282 933
282 954
577 112
577 201
577 354
577 484
577 492
577 607
577 660
577 777
577 792
577 902
577 971
577 972
661 374
661 474
661 479
661 545
661 568
661 665
661 673
661 748
661 805
661 954
661 974
763 373
763 453
763 622
763 656
763 698
763 703
763 749
763 767
763 812
763 843
763 870
763 955
763 987
763 997
880 109
880 241
880 290
880 335
880 387
880 454
880 483
880 542
880 620
880 627
880 732
880 814
880 863
880 881
880 894
880 903
880 912
880 917
880 943
880 944
880 964
17 396
17 594
17 655
17 727
17 784
17 879
17 977
396 479
396 828
396 837
396 936
396 961
396 965
594 35
594 215
594 323
594 431
594 674
594 715
594 747
594 795
594 901
594 947
594 977
655 104
655 156
655 277
655 678
655 739
655 756
655 796
655 820
655 827
655 875
655 912
655 933
655 945
655 972
655 981
727 219
727 265
727 335
727 434
727 617
727 775
727 840
727 855
727 857
727 861
727 903
727 906
727 914
727 923
727 935
727 957
727 965
784 52
784 135
784 217
784 288
784 400
784 453
784 461
784 479
784 561
784 580
784 629
784 651
784 874
784 944
784 975
784 992
784 998
879 105
879 188
879 267
879 285
879 305
879 329
879 342
879 348
879 353
879 362
879 367
879 370
879 483
879 644
879 710
879 721
879 741
879 813
879 822
879 870
879 893
879 902
879 926
879 945
879 946
879 969
879 983
977 23
977 62
977 69
977 113
977 305
977 340
977 368
977 369
977 481
977 588
977 677
977 683
977 707
977 719
977 722
977 724
977 735
977 835
977 843
977 857
977 863
977 873
977 878
977 894
977 917
977 918
977 924
977 939
977 962
977 972
977 980
977 983
18 33
18 229
18 685
18 821
18 896
33 340
33 413
33 671
33 859
229 398
229 650
229 966
229 972
229 983
685 470
685 654
685 669
685 694
685 711
685 715
685 751
685 760
685 802
685 884
685 962
685 979
685 980
685 983
821 25
821 52
821 159
821 177
821 647
821 683
821 749
821 770
821 781
821 802
821 827
821 872
821 920
821 936
821 937
821 946
821 961
821 973
821 980
821 987
821 989
896 62
896 77
896 322
896 373
896 375
896 433
896 495
896 496
896 509
896 571
896 613
896 688
896 744
896 747
896 748
896 764
896 787
896 810
896 849
896 874
896 899
896 947
896 980
896 985
896 989
19 544
19 733
19 831
19 853
19 965
19 983
19 992
544 156
544 195
544 502
544 587
544 745
544 750
544 758
544 822
544 832
544 917
544 924
544 944
733 170
733 244
733 299
733 302
733 328
733 430
733 497
733 531
733 553
733 621
733 671
733 787
733 829
733 887
733 901
733 961
831 311
831 385
831 429
831 550
831 570
831 770
831 787
831 796
831 799
831 833
831 864
831 901
831 902
831 968
831 974
831 987
853 45
853 105
853 136
853 162
853 240
853 297
853 350
853 462
853 539
853 626
853 637
853 660
853 670
853 686
853 764
853 845
853 859
853 877
853 940
853 974
853 989
965 50
965 86
965 187
965 334
965 347
965 402
965 407
965 422
965 437
965 473
965 480
965 497
965 534
965 536
965 592
965 600
965 677
965 679
965 687
965 756
965 767
965 788
965 819
965 841
965 851
965 859
965 870
965 894
965 899
965 904
965 946
965 961
965 967
965 978
965 994
965 998
983 43
983 46
983 203
983 220
983 324
983 340
983 369
983 437
983 459
983 504
983 551
983 638
983 675
983 691
983 729
983 785
983 805
983 842
983 843
983 852
983 857
983 863
983 882
983 902
983 904
983 918
983 921
983 924
983 930
983 933
983 951
983 979
983 994
992 75
992 83
992 84
992 108
992 138
992 141
992 147
992 177
992 220
992 242
992 272
992 300
992 319
992 374
992 429
992 449
992 495
992 503
992 536
992 550
992 582
992 595
992 611
992 623
992 637
992 641
992 663
992 682
992 691
992 700
992 724
992 726
992 796
992 815
992 833
992 852
992 871
992 946
992 967
992 974
992 994
20 179
20 398
20 550
20 849
20 864
20 989
179 280
179 357
179 716
179 756
179 799
179 823
179 969
398 383
398 413
398 571
398 650
398 739
398 937
550 195
550 303
550 411
550 829
550 859
550 870
550 882
550 969
550 971
550 979
849 196
849 218
849 219
849 367
849 410
849 477
849 558
849 596
849 599
849 653
849 682
849 690
849 742
849 751
849 753
849 862
849 904
849 912
849 951
849 961
849 966
864 54
864 72
864 278
864 309
864 495
864 657
864 714
864 750
864 756
864 805
864 835
864 870
864 883
864 913
864 917
864 924
864 966
864 985
864 986
989 26
989 35
989 106
989 172
989 286
989 358
989 409
989 430
989 482
989 515
989 527
989 545
989 552
989 560
989 592
989 639
989 653
989 660
989 689
989 725
989 732
989 737
989 758
989 765
989 770
989 781
989 799
989 806
989 820
989 828
989 847
989 868
989 871
989 955
989 971
989 975
989 986
989 998
989 999
21 243
21 410
21 509
21 660
21 841
21 843
21 961
243 488
243 626
243 704
243 813
243 846
410 130
410 313
410 435
410 523
410 591
410 743
410 812
410 842
509 75
509 210
509 355
509 493
509 734
509 748
509 847
509 874
509 955
509 969
660 199
660 517
660 559
660 595
660 633
660 644
660 752
660 790
660 806
660 827
660 957
660 980
841 35
841 98
841 101
841 139
841 202
841 208
841 296
841 317
841 391
841 501
841 637
841 742
841 745
841 777
841 868
841 912
841 967
841 978
843 212
843 273
843 340
843 428
843 454
843 508
843 584
843 596
843 651
843 657
843 683
843 690
843 716
843 747
843 781
843 802
843 863
843 871
843 930
843 971
961 61
961 165
961 251
961 263
961 336
961 463
961 476
961 598
961 634
961 669
961 671
961 676
961 694
961 714
961 720
961 724
961 785
961 832
961 835
961 901
961 902
961 918
961 923
961 937
961 938
961 946
961 947
961 951
961 987
22 163
22 374
22 566
22 669
22 680
22 744
22 967
163 431
163 646
163 721
163 832
163 922
163 951
163 979
374 27
374 348
374 452
374 723
374 987
566 148
566 314
566 372
566 614
566 681
566 712
566 945
566 975
566 987
669 138
669 194
669 537
669 564
669 677
669 694
669 731
669 770
669 846
669 935
669 972
680 118
680 362
680 366
680 446
680 464
680 514
680 636
680 644
680 780
680 786
680 872
680 926
744 203
744 657
744 666
744 712
744 780
744 788
744 840
744 847
744 851
744 867
744 942
744 946
744 955
744 974
744 997
967 364
967 394
967 402
967 466
967 486
967 504
967 607
967 609
967 644
967 656
967 666
967 667
967 682
967 722
967 743
967 770
967 781
967 782
967 792
967 817
967 822
967 827
967 855
967 876
967 878
967 914
967 916
967 938
967 942
967 955
967 978
967 987
23 447
23 742
23 810
23 898
23 917
23 943
447 300
447 425
447 552
447 642
447 666
447 734
447 822
447 937
742 42
742 94
742 166
742 308
742 334
742 416
742 426
742 735
742 840
742 862
742 865
742 908
742 918
742 973
810 42
810 52
810 114
810 404
810 457
810 482
810 517
810 527
810 532
810 552
810 567
810 616
810 782
810 917
810 921
810 924
810 997
898 35
898 58
898 84
898 128
898 132
898 181
898 186
898 387
898 449
898 523
898 559
898 622
898 630
898 665
898 724
898 772
898 782
898 814
898 840
898 892
898 901
898 907
898 909
898 914
898 926
898 956
898 962
898 997
917 37
917 65
917 148
917 269
917 272
917 279
917 313
917 326
917 377
917 418
917 464
917 502
917 598
917 719
917 723
917 793
917 860
917 865
917 905
917 907
917 942
917 947
943 128
943 183
943 232
943 255
943 335
943 350
943 391
943 412
943 427
943 446
943 468
943 590
943 599
943 601
943 607
943 622
943 746
943 754
943 766
943 772
943 785
943 812
943 823
943 837
943 881
943 899
943 911
943 956
943 957
943 962
943 979
943 999
24 358
24 676
24 700
24 759
358 123
358 240
358 401
358 621
358 890
358 933
676 71
676 123
676 444
676 469
676 537
676 548
676 640
676 697
676 720
676 758
676 786
676 798
676 856
676 873
676 922
700 380
700 450
700 517
700 525
700 554
700 610
700 663
700 682
700 703
700 739
700 794
700 797
700 852
700 868
759 44
759 193
759 213
759 346
759 406
759 515
759 554
759 656
759 730
759 842
759 852
759 869
759 872
759 883
759 910
759 911
759 947
759 957
25 379
25 720
25 782
25 902
25 957
25 979
379 381
379 406
379 748
379 770
379 930
720 98
720 581
720 599
720 673
720 681
720 715
720 721
720 817
720 873
720 957
720 973
720 994
782 170
782 408
782 567
782 616
782 651
782 658
782 766
782 861
782 877
782 906
782 936
782 937
782 986
902 124
902 195
902 238
902 246
902 274
902 389
902 478
902 483
902 634
902 659
902 710
902 716
902 764
902 769
902 785
902 861
902 876
902 901
902 920
902 945
902 947
902 978
957 128
957 177
957 178
957 324
957 325
957 345
957 377
957 449
957 465
957 470
957 506
957 511
957 523
957 542
957 545
957 570
957 644
957 654
957 779
957 802
957 805
957 859
957 862
957 885
957 903
957 904
957 939
957 997
979 28
979 56
979 71
979 92
979 99
979 159
979 261
979 312
979 317
979 338
979 365
979 388
979 399
979 592
979 618
979 646
979 663
979 736
979 738
979 741
979 750
979 774
979 804
979 809
979 827
979 834
979 842
979 872
979 951
979 958
979 968
979 975
979 987
26 134
26 353
26 532
26 890
26 893
26 899
134 347
134 472
134 548
134 890
134 944
134 987
353 256
353 488
353 819
353 840
353 910
353 955
353 999
532 199
532 231
532 426
532 698
532 887
532 940
532 946
532 964
890 277
890 305
890 406
890 449
890 461
890 484
890 522
890 564
890 587
890 638
890 642
890 662
890 822
890 826
890 857
890 863
890 870
890 887
890 903
890 907
890 924
890 932
890 942
890 975
893 111
893 174
893 202
893 221
893 298
893 342
893 422
893 451
893 474
893 504
893 527
893 559
893 637
893 673
893 681
893 735
893 795
893 805
893 906
893 909
893 954
893 985
899 45
899 273
899 276
899 288
899 389
899 443
899 465
899 484
899 530
899 563
899 585
899 602
899 635
899 722
899 748
899 752
899 764
899 869
899 874
899 884
899 975
899 980
899 986
27 257
27 488
27 579
27 587
27 754
27 978
257 209
257 297
257 424
257 589
257 627
257 807
488 85
488 366
488 482
488 799
488 903
488 915
488 935
579 226
579 297
579 466
579 604
579 640
579 705
579 723
579 760
579 817
579 981
587 220
587 253
587 264
587 506
587 803
587 922
587 997
754 155
754 181
754 265
754 555
754 668
754 714
754 743
754 751
754 752
754 862
754 901
754 930
754 938
754 999
978 97
978 160
978 173
978 288
978 306
978 319
978 320
978 400
978 408
978 471
978 473
978 486
978 591
978 612
978 624
978 706
978 709
978 711
978 741
978 758
978 781
978 792
978 834
978 837
978 845
978 847
978 869
978 875
978 914
978 916
978 923
978 971
978 986
28 662
28 715
28 827
28 930
662 165
662 259
662 534
662 568
662 741
662 778
662 809
662 816
662 829
662 847
662 903
662 944
715 59
715 89
715 132
715 586
715 596
715 721
715 806
715 954
715 955
715 974
715 986
827 100
827 103
827 107
827 149
827 293
827 321
827 423
827 592
827 621
827 643
827 758
827 781
827 817
827 914
827 922
827 972
930 32
930 50
930 75
930 181
930 201
930 238
930 244
930 264
930 355
930 459
930 501
930 526
930 598
930 621
930 640
930 657
930 681
930 747
930 751
930 809
930 868
930 878
930 892
930 938
930 945
930 980
29 580
29 677
29 699
29 709
29 768
29 998
580 43
580 56
580 125
580 274
580 286
580 303
580 510
580 545
580 601
580 907
677 115
677 420
677 446
677 513
677 654
677 712
677 758
677 788
677 817
677 866
677 911
677 939
699 78
699 112
699 133
699 254
699 351
699 804
699 806
699 820
699 834
699 883
699 940
699 985
709 106
709 157
709 225
709 231
709 324
709 617
709 773
709 802
709 820
709 845
709 923
709 964
709 998
768 98
768 260
768 426
768 525
768 548
768 570
768 629
768 746
768 777
768 804
768 806
768 878
768 939
768 975
998 105
998 154
998 164
998 167
998 185
998 197
998 255
998 258
998 269
998 298
998 376
998 432
998 448
998 471
998 537
998 610
998 642
998 648
998 663
998 668
998 697
998 706
998 728
998 802
998 807
998 823
998 846
998 857
998 892
998 904
998 908
998 909
998 913
998 914
998 935
998 942
998 973
998 986
998 999
30 36
30 230
30 261
30 748
30 819
36 291
36 725
36 850
36 909
36 916
36 937
230 507
230 618
230 650
230 745
230 975
230 999
261 721
261 752
261 812
261 951
748 81
748 158
748 200
748 465
748 482
748 621
748 752
748 753
748 793
748 812
748 860
748 904
748 951
819 32
819 60
819 111
819 122
819 164
819 245
819 344
819 360
819 371
819 440
819 476
819 508
819 575
819 649
819 778
819 804
819 910
819 918
819 934
819 994
31 462
31 564
31 752
31 770
31 866
31 936
31 974
462 361
462 617
462 739
462 769
462 791
462 799
462 802
462 826
462 906
564 100
564 456
564 575
564 618
564 741
564 939
564 944
752 202
752 278
752 303
752 322
752 772
752 785
752 903
752 955
770 52
770 560
770 642
770 645
770 689
770 706
770 786
770 908
770 938
866 141
866 160
866 193
866 246
866 302
866 306
866 346
866 439
866 463
866 516
866 543
866 552
866 590
866 601
866 654
866 682
866 773
866 840
866 846
866 871
866 907
866 940
866 947
866 971
866 973
936 53
936 102
936 368
936 412
936 469
936 477
936 517
936 526
936 650
936 670
936 723
936 738
936 780
936 786
936 826
936 828
936 838
936 846
936 923
936 938
936 947
936 958
936 962
936 968
936 981
936 986
974 136
974 193
974 222
974 269
974 270
974 295
974 350
974 386
974 466
974 470
974 474
974 515
974 554
974 614
974 623
974 683
974 760
974 769
974 838
974 842
974 845
974 859
974 865
974 867
974 869
974 871
974 884
974 940
32 99
32 196
32 228
32 258
32 938
99 405
99 502
99 554
99 736
196 281
196 375
196 551
196 870
196 924
196 956
228 137
228 794
228 796
228 944
228 994
258 252
258 289
258 638
258 964
938 68
938 79
938 107
938 143
938 269
938 279
938 294
938 372
938 375
938 437
938 473
938 570
938 598
938 611
938 633
938 729
938 751
938 798
938 944
938 964
938 985
340 96
340 559
340 613
340 865
340 956
413 94
413 222
413 345
413 730
413 778
413 816
413 845
671 73
671 312
671 402
671 513
671 557
671 586
671 597
671 834
671 837
671 881
671 905
671 910
859 102
859 184
859 247
859 341
859 361
859 384
859 466
859 504
859 516
859 574
859 667
859 704
859 730
859 767
859 847
859 867
859 909
859 920
859 946
859 947
859 994
34 129
34 271
34 578
34 633
34 756
34 915
34 964
129 152
129 657
129 832
129 958
271 339
271 814
271 838
271 862
271 924
271 994
271 999
578 214
578 305
578 326
578 449
578 545
578 588
578 806
578 907
578 921
578 926
578 958
633 227
633 274
633 287
633 349
633 355
633 640
633 646
633 689
633 704
633 939
633 985
756 225
756 246
756 403
756 441
756 561
756 654
756 707
756 906
756 921
756 932
756 937
756 954
915 44
915 68
915 73
915 115
915 174
915 218
915 242
915 301
915 378
915 448
915 451
915 466
915 545
915 589
915 592
915 596
915 602
915 729
915 804
915 809
915 815
915 838
915 846
915 945
915 973
964 37
964 107
964 141
964 180
964 214
964 263
964 371
964 433
964 446
964 448
964 470
964 492
964 512
964 536
964 547
964 595
964 618
964 691
964 725
964 739
964 743
964 779
964 790
964 812
964 877
964 881
964 916
964 986
35 497
35 725
497 118
497 349
497 638
497 758
497 767
497 792
497 869
497 903
497 933
725 62
725 518
725 525
725 658
725 735
725 772
725 794
725 852
725 863
725 939
725 958
725 985
291 315
291 435
291 438
291 492
291 500
291 764
291 921
850 135
850 173
850 232
850 292
850 388
850 399
850 441
850 471
850 634
850 674
850 712
850 790
850 795
850 812
850 833
850 834
850 892
850 932
850 954
909 122
909 217
909 227
909 234
909 382
909 459
909 474
909 502
909 503
909 513
909 549
909 623
909 643
909 645
909 668
909 703
909 711
909 814
909 861
909 924
909 937
909 939
909 981
909 994
916 130
916 142
916 165
916 183
916 311
916 320
916 359
916 383
916 422
916 444
916 456
916 521
916 554
916 559
916 582
916 597
916 689
916 726
916 785
916 796
916 797
916 812
916 873
916 905
916 923
916 935
916 973
916 987
937 40
937 72
937 160
937 180
937 319
937 356
937 376
937 419
937 474
937 553
937 623
937 722
937 723
937 724
937 731
937 753
937 771
937 797
937 816
937 920
937 923
937 962
937 994
37 190
37 436
37 921
190 162
190 226
190 349
190 557
190 815
436 89
436 141
436 380
436 403
436 435
436 461
436 636
436 659
436 940
436 945
921 135
921 233
921 248
921 312
921 325
921 400
921 457
921 511
921 604
921 665
921 712
921 750
921 790
921 802
921 814
921 823
921 833
921 868
921 894
921 910
921 912
921 922
921 932
921 933
921 939
38 401
38 467
38 907
38 987
401 93
401 663
401 815
401 932
401 969
467 314
467 344
467 360
467 416
467 442
467 452
467 590
467 918
467 972
467 994
907 153
907 197
907 232
907 297
907 303
907 412
907 451
907 499
907 527
907 574
907 609
907 611
907 747
907 817
907 856
907 875
907 954
907 968
987 49
987 59
987 194
987 237
987 247
987 251
987 264
987 336
987 372
987 375
987 408
987 427
987 449
987 460
987 514
987 557
987 614
987 630
987 635
987 673
987 785
987 796
987 804
987 816
987 868
987 871
987 920
987 922
987 945
987 946
987 999
39 323
39 471
39 552
39 823
39 834
39 934
39 985
323 140
323 367
323 405
323 492
323 634
323 698
323 870
471 356
471 408
471 547
471 877
471 973
552 612
552 620
552 664
552 780
552 845
552 912
552 947
552 971
823 40
823 215
823 273
823 542
823 582
823 629
823 659
823 731
823 746
823 753
823 906
823 910
823 958
823 981
823 985
823 997
834 312
834 367
834 486
834 529
834 584
834 589
834 721
834 723
834 734
834 750
834 913
834 932
834 939
834 955
934 60
934 109
934 143
934 150
934 213
934 242
934 265
934 280
934 320
934 399
934 403
934 420
934 452
934 505
934 506
934 510
934 534
934 656
934 735
934 777
934 822
934 832
934 851
934 908
934 968
934 969
934 975
985 42
985 76
985 100
985 146
985 187
985 235
985 244
985 293
985 326
985 475
985 507
985 563
985 590
985 614
985 626
985 638
985 646
985 654
985 659
985 663
985 665
985 672
985 745
985 751
985 775
985 851
985 860
985 865
985 878
985 958
985 997
40 402
40 777
40 807
40 882
40 942
402 557
402 675
402 712
402 757
402 994
777 168
777 308
777 356
777 378
777 483
777 487
777 667
777 710
777 774
777 826
777 861
777 872
777 951
777 972
807 199
807 200
807 235
807 270
807 328
807 376
807 384
807 426
807 432
807 537
807 617
807 654
807 724
807 738
807 876
807 887
807 942
882 112
882 286
882 394
882 454
882 466
882 475
882 479
882 496
882 561
882 645
882 767
882 786
882 805
882 838
882 862
882 868
882 873
882 883
942 296
942 315
942 327
942 438
942 465
942 537
942 610
942 627
942 634
942 642
942 658
942 684
942 751
942 796
942 846
942 873
942 884
942 892
942 904
942 912
942 913
942 945
942 962
942 966
41 136
41 281
41 338
41 464
41 491
41 832
136 356
136 568
136 867
136 954
281 71
281 131
281 307
281 416
281 553
281 869
338 191
338 227
338 791
338 793
338 820
338 869
338 904
464 201
464 502
464 906
464 911
464 913
491 138
491 247
491 442
491 649
491 673
491 684
491 857
491 918
832 87
832 120
832 157
832 373
832 406
832 457
832 459
832 480
832 589
832 622
832 642
832 686
832 732
832 779
832 981
42 516
42 892
516 51
516 313
516 378
516 393
516 857
516 871
516 920
516 946
892 143
892 200
892 219
892 305
892 347
892 440
892 457
892 568
892 656
892 746
892 757
892 764
892 809
892 828
892 845
892 870
892 878
892 881
892 894
892 975
892 999
43 205
43 844
43 926
205 303
205 460
205 542
205 877
205 968
844 220
844 226
844 459
844 536
844 607
844 637
844 648
844 665
844 703
844 705
844 716
844 738
844 787
844 855
844 872
844 905
844 913
844 980
926 76
926 165
926 195
926 231
926 264
926 354
926 385
926 446
926 498
926 503
926 518
926 653
926 674
926 687
926 697
926 707
926 738
926 766
926 786
926 826
926 887
926 914
926 958
926 968
926 971
44 289
44 574
44 972
289 208
289 583
289 703
289 856
289 935
289 969
574 56
574 65
574 466
574 522
574 530
574 575
574 796
574 846
574 951
972 124
972 138
972 153
972 174
972 224
972 249
972 256
972 273
972 386
972 498
972 520
972 555
972 575
972 614
972 648
972 681
972 716
972 730
972 772
972 826
972 829
972 840
972 870
972 901
972 912
972 956
972 969
972 971
972 999
45 433
45 749
45 828
45 955
433 444
433 547
433 556
433 588
433 600
433 757
433 873
749 210
749 328
749 420
749 434
749 502
749 539
749 691
749 737
749 764
749 812
749 822
749 885
749 933
749 975
828 79
828 81
828 161
828 194
828 448
828 570
828 596
828 613
828 664
828 694
828 721
828 795
828 820
828 861
828 870
828 939
828 973
955 157
955 187
955 272
955 295
955 364
955 431
955 452
955 510
955 530
955 603
955 607
955 616
955 643
955 653
955 664
955 675
955 764
955 799
955 806
955 861
955 868
955 871
955 905
955 973
46 244
46 766
46 803
46 873
46 904
46 966
244 570
244 583
766 202
766 318
766 380
766 602
766 624
766 647
766 651
766 675
766 722
766 884
766 933
803 69
803 212
803 249
803 311
803 371
803 385
803 444
803 452
803 665
803 668
803 719
803 721
803 726
803 789
803 872
803 873
803 875
803 908
803 994
873 122
873 280
873 336
873 341
873 470
873 513
873 529
873 581
873 589
873 663
873 728
873 738
873 773
873 791
873 805
873 851
873 914
873 932
904 114
904 260
904 269
904 377
904 483
904 666
904 732
904 804
904 868
904 884
904 903
904 911
904 914
904 944
904 986
904 999
966 63
966 70
966 91
966 96
966 140
966 247
966 300
966 316
966 330
966 342
966 389
966 405
966 411
966 453
966 460
966 534
966 565
966 581
966 583
966 636
966 664
966 740
966 779
966 791
966 806
966 820
966 835
966 852
966 901
966 947
966 968
106 442
106 694
106 871
500 290
500 317
500 337
500 373
500 596
500 629
500 787
500 875
500 901
500 986
758 299
758 334
758 510
758 607
758 636
758 688
758 767
758 776
758 789
758 813
869 76
869 88
869 213
869 404
869 440
869 456
869 609
869 613
869 629
869 646
869 658
869 663
869 789
869 838
869 887
869 911
869 968
903 82
903 225
903 227
903 299
903 359
903 461
903 603
903 645
903 790
903 791
903 809
903 881
903 962
903 968
903 971
406 370
406 686
543 363
543 427
543 460
543 557
543 728
543 740
543 835
543 986
568 259
568 477
568 560
568 795
568 947
817 204
817 219
817 287
817 296
817 391
817 416
817 642
817 714
817 771
817 911
817 914
817 922
817 944
918 216
918 287
918 345
918 363
918 407
918 418
918 420
918 492
918 621
918 684
918 724
918 805
918 833
918 863
918 878
918 914
918 920
49 297
49 484
49 614
49 626
49 871
49 997
297 629
297 747
297 867
484 84
484 177
484 778
484 933
484 939
614 144
614 273
614 833
614 981
626 541
626 723
626 868
626 887
626 901
626 935
626 994
871 55
871 81
871 104
871 203
871 217
871 481
871 503
871 847
871 867
871 868
871 924
871 954
871 986
997 89
997 110
997 149
997 158
997 164
997 187
997 239
997 273
997 347
997 365
997 419
997 469
997 505
997 537
997 584
997 601
997 672
997 728
997 750
997 751
997 771
997 865
997 867
997 872
997 883
997 933
997 935
997 973
997 981
50 245
50 575
50 714
50 857
245 440
245 584
245 639
245 640
245 686
245 885
575 154
575 221
575 581
575 648
575 778
575 901
575 908
714 87
714 108
714 240
714 277
714 306
714 344
714 545
714 678
714 698
857 113
857 148
857 318
857 346
857 445
857 551
857 561
857 644
857 672
857 683
857 684
857 747
857 788
857 793
857 944
51 367
51 838
367 310
367 675
367 837
367 894
367 973
838 222
838 427
838 520
838 523
838 556
838 609
838 689
838 779
838 786
838 788
838 887
838 901
838 910
52 304
52 554
52 583
304 375
304 393
304 656
304 698
304 730
304 887
554 513
554 650
554 666
554 787
554 815
554 865
583 104
583 227
583 234
583 247
583 391
583 395
583 753
53 97
53 468
53 582
53 703
97 94
97 104
97 585
97 609
97 914
468 496
468 706
468 793
468 797
468 878
468 933
582 73
582 429
582 443
582 515
582 682
582 875
582 981
703 130
703 411
703 545
703 567
703 813
703 837
703 863
703 914
54 314
54 427
54 490
54 946
54 951
314 591
314 620
314 855
314 877
314 887
427 503
427 674
490 57
490 181
490 523
490 539
490 683
490 837
490 924
946 86
946 149
946 188
946 217
946 255
946 294
946 315
946 316
946 394
946 463
946 481
946 495
946 549
946 588
946 650
946 690
946 760
946 785
946 790
946 851
946 912
946 920
946 923
951 192
951 256
951 315
951 346
951 399
951 477
951 522
951 539
951 586
951 630
951 646
951 687
951 721
951 741
951 776
951 842
951 847
951 947
951 969
55 202
55 658
55 682
55 981
202 215
202 760
202 883
658 293
658 351
658 355
658 387
658 487
658 590
658 621
658 794
658 878
658 975
658 999
682 360
682 368
682 597
682 641
682 732
682 894
981 164
981 173
981 215
981 235
981 248
981 263
981 301
981 365
981 391
981 466
981 506
981 542
981 547
981 584
981 601
981 609
981 617
981 638
981 672
981 786
981 796
981 837
981 865
981 883
981 911
981 932
981 994
56 648
56 679
56 814
648 120
648 327
648 537
648 642
648 686
648 726
648 862
648 876
679 226
679 263
679 288
679 400
679 443
679 536
679 600
679 653
679 667
679 688
679 698
679 790
679 885
814 91
814 98
814 195
814 361
814 537
814 539
814 590
814 644
814 802
814 847
814 862
814 876
814 933
814 939
814 944
814 947
57 75
57 719
57 826
57 851
75 172
75 852
719 95
719 293
719 366
719 372
719 442
719 520
719 599
719 613
719 630
719 793
719 860
826 285
826 334
826 477
826 501
826 517
826 518
826 558
826 645
826 765
826 791
826 795
826 856
826 956
826 999
851 185
851 206
851 249
851 254
851 531
851 561
851 668
851 691
851 711
851 736
851 773
851 809
851 837
851 855
851 862
851 901
851 920
851 939
58 96
58 595
58 804
58 881
58 935
58 975
96 165
96 213
96 595
96 877
595 195
595 264
595 373
595 449
595 560
595 722
595 747
804 115
804 301
804 316
804 636
804 649
804 698
804 856
804 865
804 878
804 911
804 935
804 944
804 958
881 223
881 252
881 285
881 332
881 336
881 435
881 514
881 548
881 589
881 612
881 681
881 739
881 764
881 772
881 815
881 820
881 867
881 906
881 940
881 980
935 84
935 102
935 174
935 307
935 346
935 366
935 404
935 482
935 511
935 557
935 710
935 816
935 829
935 852
935 856
935 885
935 905
935 999
975 64
975 105
975 172
975 265
975 277
975 280
975 363
975 373
975 414
975 475
975 534
975 553
975 599
975 618
975 663
975 686
975 704
975 735
975 746
975 868
975 932
975 954
59 185
59 320
59 424
59 706
59 790
185 168
185 492
185 710
185 740
320 207
320 547
320 691
320 923
424 451
424 529
424 603
424 623
424 667
424 872
424 885
706 363
706 498
706 521
706 599
706 746
706 815
706 861
706 862
706 894
706 962
790 153
790 247
790 248
790 267
790 283
790 293
790 439
790 710
790 835
790 856
60 126
60 238
60 276
60 734
60 740
126 354
126 440
126 586
126 630
126 906
238 76
238 334
238 448
276 620
276 653
276 887
734 88
734 89
734 184
734 637
734 739
734 753
734 780
734 875
734 911
734 913
734 914
740 188
740 224
740 389
740 487
740 492
740 663
740 712
740 944
740 947
740 954
740 999
61 325
61 506
61 670
61 867
61 868
325 307
325 506
325 668
325 737
506 184
506 438
506 640
506 670
670 351
670 385
670 409
670 452
670 654
670 656
670 686
670 711
670 809
670 813
670 872
867 87
867 188
867 339
867 341
867 647
867 654
867 741
867 769
867 786
867 797
867 813
867 884
867 940
867 944
867 945
867 954
868 207
868 235
868 278
868 344
868 350
868 446
868 514
868 603
868 645
868 721
868 726
868 920
868 973
868 986
868 994
62 345
62 775
62 847
345 324
345 440
345 860
345 933
775 173
775 198
775 224
775 339
775 381
775 482
775 499
775 558
775 675
775 678
775 704
775 861
775 954
775 994
847 123
847 130
847 155
847 280
847 290
847 380
847 405
847 499
847 730
847 764
847 874
847 973
847 994
63 242
63 354
63 480
63 620
63 650
63 664
242 473
242 816
242 876
354 187
354 739
480 521
480 687
480 774
480 781
480 855
480 945
480 968
480 980
620 147
620 303
620 377
620 460
620 623
620 722
620 887
620 924
620 994
650 835
650 877
650 894
650 923
664 140
664 234
664 290
664 492
664 505
664 638
664 769
664 876
664 912
64 74
64 507
64 536
64 724
64 852
64 922
74 255
74 389
74 645
74 940
74 947
507 478
507 515
507 563
507 745
507 779
507 842
507 956
536 360
536 455
536 545
536 555
536 815
536 878
724 342
724 350
724 461
724 514
724 788
724 863
724 883
852 147
852 278
852 300
852 312
852 368
852 404
852 437
852 522
852 525
852 586
852 622
852 731
852 739
852 785
852 815
852 894
922 154
922 223
922 332
922 385
922 448
922 457
922 586
922 601
922 690
922 698
922 707
922 736
922 764
922 774
922 787
922 806
922 820
922 875
922 908
922 933
65 329
65 405
65 694
65 912
329 380
329 785
405 234
405 789
405 956
694 332
694 511
694 610
694 732
694 806
694 815
694 822
694 837
694 920
694 994
912 89
912 248
912 375
912 451
912 511
912 545
912 590
912 603
912 613
912 726
912 753
912 779
912 796
912 829
912 894
912 945
912 956
912 969
426 172
426 186
426 357
558 150
558 584
558 610
558 741
558 797
558 945
729 93
729 137
729 249
729 377
729 383
729 542
729 657
729 673
729 688
729 778
729 856
729 861
729 885
729 969
526 420
526 570
526 601
526 602
526 621
526 653
526 779
526 885
656 591
656 612
656 757
656 923
656 999
735 305
735 322
735 403
735 404
735 751
735 994
68 397
68 884
397 498
397 623
397 870
397 913
397 924
397 944
884 351
884 384
884 415
884 439
884 460
884 475
884 529
884 616
884 636
884 704
884 705
884 707
884 716
884 769
884 815
884 887
884 940
884 969
69 236
69 511
69 523
69 797
69 874
236 144
236 224
236 495
236 684
236 747
236 901
511 119
511 486
511 672
511 933
523 286
523 408
523 545
523 678
797 92
797 241
797 384
797 475
797 599
797 607
797 697
797 723
797 769
797 794
797 820
797 829
797 877
874 131
874 164
874 215
874 300
874 317
874 318
874 432
874 443
874 563
874 623
874 712
874 722
874 764
874 794
874 887
874 968
70 599
70 636
70 802
70 813
70 829
70 962
599 350
599 498
599 654
599 913
599 969
636 366
636 438
636 503
636 617
636 710
636 969
802 127
802 200
802 252
802 256
802 359
802 592
802 666
802 767
802 776
802 856
802 939
813 370
813 421
813 448
813 452
813 455
813 598
813 674
813 697
813 798
813 894
813 906
813 908
813 956
813 969
829 142
829 250
829 352
829 393
829 443
829 498
829 501
829 596
829 739
829 795
829 798
962 101
962 135
962 162
962 170
962 218
962 370
962 380
962 496
962 504
962 603
962 617
962 630
962 639
962 645
962 687
962 704
962 743
962 747
962 809
962 877
962 878
962 885
962 923
962 940
962 956
962 999
71 639
71 707
71 746
71 968
639 184
639 223
639 487
639 688
639 716
639 765
639 778
639 798
639 806
639 910
707 86
707 335
707 494
707 627
707 635
707 855
707 944
707 947
707 968
707 980
746 124
746 322
746 481
746 659
746 731
746 747
746 767
746 842
746 855
746 875
968 124
968 135
968 214
968 231
968 251
968 315
968 412
968 430
968 435
968 529
968 534
968 586
968 592
968 641
968 645
968 647
968 665
968 687
968 712
968 730
968 737
968 820
968 855
968 905
968 969
968 980
72 78
72 378
72 473
72 555
72 863
78 109
78 786
78 973
378 348
378 432
378 667
378 781
378 794
473 290
473 328
473 591
473 739
473 901
555 624
555 649
555 721
555 860
555 877
555 883
863 88
863 180
863 352
863 361
863 453
863 505
863 553
863 657
863 778
863 786
863 805
863 906
73 537
73 816
537 673
537 791
537 986
816 112
816 168
816 305
816 381
816 434
816 466
816 649
816 710
816 722
816 837
816 856
816 940
255 540
255 757
255 860
389 91
389 617
389 747
389 954
645 672
645 799
645 887
645 954
645 986
940 166
940 279
940 422
940 466
940 514
940 571
940 624
940 672
940 704
940 705
940 730
940 738
940 769
940 822
940 845
940 878
940 910
940 923
940 986
947 150
947 313
947 483
947 649
947 666
947 712
947 745
947 809
947 812
947 887
947 911
172 189
172 659
172 933
172 986
76 260
76 598
76 643
260 85
260 332
260 412
260 541
260 710
598 128
598 388
598 565
598 666
598 672
643 111
643 237
643 319
643 560
643 731
643 743
643 798
643 911
643 913
643 945
643 994
77 114
77 494
77 641
77 646
77 667
114 146
114 366
114 534
114 627
494 104
494 200
494 419
494 432
494 835
494 875
641 131
641 173
641 178
641 675
641 688
641 732
641 855
641 905
641 980
646 425
646 461
646 698
646 710
646 736
646 780
646 842
646 956
667 292
667 360
667 386
667 479
667 495
667 971
667 980
109 279
109 885
109 911
109 969
786 206
786 234
786 412
786 422
786 540
786 630
786 778
973 158
973 209
973 251
973 308
973 351
973 359
973 409
973 431
973 514
973 616
973 644
973 665
973 689
973 704
973 726
973 739
973 765
973 767
973 794
973 875
973 901
973 924
973 958
973 986
79 124
79 351
79 776
79 876
79 878
124 457
351 237
351 653
351 795
776 216
776 224
776 296
776 422
776 439
776 613
776 705
776 728
776 833
776 908
776 933
776 944
876 167
876 211
876 285
876 415
876 419
876 522
876 668
876 674
876 691
876 923
876 958
878 206
878 391
878 453
878 457
878 531
878 791
878 795
878 920
878 958
878 971
878 986
878 999
299 640
299 837
299 845
299 969
842 156
842 209
842 317
842 415
842 472
842 623
842 741
842 774
842 798
842 855
842 872
842 944
81 349
81 690
349 285
349 371
349 505
349 809
349 910
690 332
690 368
690 629
690 672
690 753
690 958
690 969
82 683
82 793
82 855
82 885
82 905
82 944
683 333
683 425
683 551
683 684
683 771
683 914
683 939
683 999
793 198
793 310
793 357
793 444
793 455
793 686
793 820
793 860
793 932
855 144
855 146
855 322
855 513
855 611
855 710
855 751
855 805
855 812
855 840
855 980
855 994
885 107
885 186
885 249
885 357
885 382
885 429
885 469
885 520
885 621
885 653
885 657
885 722
885 856
885 883
885 887
885 914
885 956
905 91
905 177
905 267
905 272
905 435
905 463
905 515
905 624
905 665
905 673
905 686
905 687
905 704
905 723
905 745
905 747
905 932
905 980
944 108
944 225
944 290
944 294
944 454
944 495
944 635
944 642
944 647
944 728
944 732
944 787
944 860
83 201
83 388
83 581
83 688
83 698
201 103
201 111
201 792
388 103
388 318
388 505
388 621
388 751
581 412
581 567
581 894
581 908
581 910
688 111
688 301
688 363
688 514
688 689
688 769
688 780
688 856
688 910
698 108
698 167
698 400
698 547
698 697
84 630
84 666
84 686
630 139
630 364
630 486
630 601
630 914
630 999
666 162
666 222
666 241
666 647
666 781
686 92
686 445
85 122
85 287
85 840
85 901
122 146
122 461
122 980
287 113
287 210
287 833
287 906
287 908
840 139
840 362
840 386
840 450
840 637
840 654
840 788
840 833
840 846
840 860
840 865
840 887
840 971
840 980
901 160
901 186
901 198
901 264
901 381
901 495
901 622
901 736
901 894
86 335
86 638
86 774
335 601
335 933
335 980
638 194
638 308
638 400
638 407
638 540
638 865
774 170
774 310
774 522
774 728
774 736
774 741
774 835
774 845
87 203
87 451
87 747
203 368
203 640
203 788
451 111
451 310
451 603
451 624
451 913
747 285
747 642
747 736
747 795
747 872
747 906
88 493
88 505
88 971
493 103
493 152
493 302
493 313
493 316
493 588
493 780
493 911
505 487
505 624
505 910
971 140
971 222
971 250
971 322
971 361
971 445
971 453
971 520
971 603
971 612
971 654
971 684
971 723
971 745
971 778
971 787
971 788
971 789
971 809
971 875
971 911
971 914
971 920
971 933
89 689
689 120
689 252
689 445
689 596
689 799
689 924
689 932
133 152
133 278
133 716
133 730
133 737
362 381
362 517
362 910
362 958
635 155
635 198
635 263
635 592
635 773
635 820
635 969
635 994
956 211
956 246
956 269
956 294
956 295
956 332
956 366
956 380
956 450
956 629
956 737
956 739
956 745
956 753
956 796
956 798
956 860
956 870
956 969
956 999
91 551
91 911
91 980
551 142
551 166
551 274
551 283
551 512
551 697
911 307
911 387
911 404
911 496
911 527
911 567
911 570
911 609
911 681
911 728
911 779
911 787
911 806
911 924
911 939
911 980
980 100
980 204
980 211
980 233
980 251
980 327
980 360
980 423
980 556
980 617
980 621
980 653
980 654
980 665
980 687
980 711
980 908
92 372
92 757
372 155
372 330
372 474
372 860
757 246
757 278
757 369
757 431
757 438
757 501
757 529
757 565
757 794
757 999
93 256
93 932
256 333
256 443
256 794
932 132
932 147
932 166
932 211
932 371
932 384
932 470
932 496
932 716
932 767
932 779
932 789
932 805
932 954
94 710
94 753
710 387
710 399
710 894
753 121
753 145
753 293
753 312
753 368
753 567
753 629
753 862
753 954
95 252
95 316
95 387
95 453
95 705
95 872
252 342
252 791
252 939
316 253
316 288
316 377
387 386
387 518
387 527
387 779
453 395
453 403
705 113
705 131
705 341
705 512
705 611
705 647
705 649
705 704
705 772
705 822
705 877
872 279
872 419
872 431
872 445
872 479
872 498
872 529
872 563
872 794
872 809
872 910
872 999
165 815
213 472
213 547
213 870
877 102
877 139
877 241
877 253
877 283
877 317
877 365
877 373
877 499
877 647
877 651
877 787
877 945
104 364
104 563
585 125
585 223
585 318
585 395
585 567
585 589
585 600
585 837
585 862
609 150
609 270
609 310
609 722
609 914
914 159
914 303
914 308
914 363
914 437
914 455
914 456
914 510
914 512
914 591
914 674
914 728
98 370
98 723
98 923
370 642
370 732
370 870
723 204
723 332
723 472
723 478
723 607
723 649
723 781
923 140
923 239
923 306
923 337
923 394
923 407
923 441
923 469
923 481
923 674
923 765
923 799
923 846
502 805
502 883
736 369
736 429
736 591
736 622
736 812
736 820
736 883
100 357
100 559
100 584
357 540
357 999
559 212
559 253
559 302
559 412
559 527
559 906
584 210
584 745
584 862
101 103
101 386
101 678
101 785
386 191
386 781
386 924
678 176
678 227
678 259
678 452
678 539
678 604
678 611
678 933
678 939
678 954
785 442
785 478
785 518
785 530
785 557
785 820
102 465
102 567
102 659
465 206
465 476
465 602
567 328
567 347
567 476
567 767
659 193
659 369
659 450
659 542
659 565
659 711
364 153
364 743
364 799
364 894
364 908
563 123
563 188
563 240
563 422
563 681
563 860
105 305
105 361
105 463
305 732
361 649
361 732
463 247
463 420
463 794
463 798
463 920
442 120
442 428
442 798
108 356
108 616
356 130
356 259
356 634
356 640
616 204
616 499
616 596
616 799
279 327
279 741
279 760
969 153
969 181
969 199
969 246
969 344
969 394
969 415
969 416
969 448
969 469
969 730
969 773
969 779
969 835
110 192
110 208
110 295
110 933
110 999
192 408
192 549
192 589
192 795
208 425
208 441
208 607
208 906
295 541
295 732
295 738
295 792
295 894
933 164
933 168
933 330
933 520
933 539
933 613
933 787
933 833
933 860
933 870
933 908
933 939
999 119
999 235
999 296
999 310
999 359
999 365
999 409
999 440
999 525
999 565
999 673
999 697
999 722
999 771
999 861
999 883
999 910
999 958
111 383
383 232
383 560
383 739
383 751
146 193
146 431
366 365
366 799
366 812
534 391
534 512
534 640
534 674
534 750
627 327
627 382
627 431
627 437
627 588
627 653
115 248
115 586
115 654
115 674
248 508
248 610
248 887
586 212
586 760
586 861
586 986
654 672
674 610
674 739
674 894
674 958
668 435
668 450
668 476
668 887
668 913
765 127
765 225
765 286
765 342
765 435
765 492
765 540
765 856
765 958
313 234
313 368
313 376
504 454
504 924
504 954
629 521
629 542
629 906
629 945
118 597
118 792
118 939
597 407
597 457
597 704
597 788
597 792
597 812
597 910
792 198
792 342
792 382
792 425
792 437
792 498
792 711
792 716
792 767
792 837
792 846
792 924
792 958
792 994
939 123
939 204
939 280
939 324
939 439
939 469
939 472
939 610
939 681
939 769
939 772
939 846
119 159
119 675
119 920
159 200
159 206
159 870
159 945
675 189
675 233
675 326
675 395
675 487
675 791
675 812
675 815
920 139
920 440
920 479
920 618
920 622
920 712
920 731
920 751
920 760
920 799
920 945
920 994
120 161
120 385
161 137
161 441
161 469
385 548
385 779
121 298
121 697
121 787
121 856
298 164
298 189
298 475
697 525
697 553
697 789
697 862
697 945
787 247
787 330
787 556
787 570
787 789
787 805
787 887
856 301
856 307
856 324
856 326
856 416
856 833
856 924
461 527
461 835
461 958
123 560
123 691
560 188
560 336
560 657
560 799
560 945
691 138
691 344
691 525
691 624
691 726
457 167
457 285
457 809
125 359
125 522
125 604
125 870
359 216
359 319
522 346
522 503
604 328
604 432
604 476
604 862
604 945
870 411
870 428
870 547
870 603
870 875
870 945
440 352
440 469
440 760
906 181
906 189
906 306
906 360
906 377
906 412
906 730
906 833
906 860
906 865
906 994
127 355
127 651
127 711
127 833
355 779
355 789
651 189
651 233
651 395
651 549
651 780
651 845
711 148
711 149
711 187
711 423
711 430
711 773
833 233
833 310
833 456
833 571
833 613
833 644
833 726
833 798
833 924
128 309
128 475
309 188
309 472
309 512
309 553
309 845
309 954
475 219
475 521
475 673
152 311
152 621
657 730
657 751
657 796
657 798
958 145
958 241
958 393
958 422
958 455
958 459
958 517
958 617
958 623
958 712
958 737
958 738
958 910
131 137
131 280
131 441
137 741
137 794
280 222
441 455
441 477
441 771
441 913
132 319
132 618
132 994
319 160
319 430
319 613
618 209
618 456
618 649
618 822
618 986
994 301
994 382
994 419
994 508
994 548
994 549
994 665
994 722
994 731
994 737
994 750
994 767
994 773
994 862
994 924
278 687
278 860
278 861
716 226
716 333
716 420
716 472
716 501
730 365
730 472
730 571
730 647
730 845
737 193
737 251
737 327
737 414
737 514
737 986
347 510
347 796
347 908
472 498
472 611
548 145
548 332
548 339
548 411
548 745
548 845
135 865
865 168
865 186
865 235
865 542
865 588
865 663
865 672
865 780
954 184
954 186
954 211
954 225
954 237
954 399
954 418
954 421
954 479
954 512
954 561
954 767
954 883
741 210
741 395
741 429
741 875
794 153
794 157
794 209
794 395
794 541
794 622
139 513
139 557
513 395
513 486
513 681
557 350
140 476
140 986
476 521
476 809
986 170
986 194
986 239
986 290
986 307
986 336
986 341
986 408
986 530
986 603
986 642
986 653
986 780
986 791
141 173
141 174
173 687
174 445
174 764
142 600
142 788
600 214
600 778
600 796
600 812
600 875
788 220
788 294
788 430
788 527
788 613
788 745
788 822
788 945
143 167
143 327
143 772
327 216
327 642
772 147
772 450
772 454
772 798
772 861
144 499
144 508
144 837
499 292
499 726
508 459
508 486
508 565
508 623
508 771
508 875
837 206
837 384
837 612
145 781
145 846
781 158
781 178
781 434
781 673
781 845
781 883
846 197
846 237
846 328
846 352
846 432
846 591
846 601
846 610
846 637
846 835
846 913
193 611
147 570
570 602
570 663
148 369
148 860
369 292
369 318
860 250
860 326
860 337
860 444
860 448
860 588
149 418
149 514
149 820
418 337
418 444
418 612
514 487
820 239
820 254
820 452
820 529
820 806
150 415
415 590
415 835
204 767
311 482
311 588
311 750
311 789
621 324
621 745
154 156
154 444
154 602
154 637
156 376
156 407
156 796
444 547
444 672
602 470
602 613
602 617
602 806
637 180
637 835
637 875
155 332
155 883
883 371
883 400
883 588
883 649
883 750
883 779
883 791
883 835
883 875
883 910
376 221
376 326
376 556
376 894
376 924
407 224
407 624
407 812
796 218
796 482
796 527
796 764
796 789
157 622
157 769
622 403
622 495
622 861
622 913
769 184
769 267
769 350
769 721
158 634
634 259
634 302
634 394
634 592
634 642
634 684
200 750
945 199
945 477
945 862
160 728
160 778
728 176
728 224
728 339
728 394
728 439
728 517
778 294
778 400
778 425
778 443
778 487
778 760
469 510
162 188
162 223
162 565
162 809
223 913
565 373
565 423
565 456
565 806
809 235
809 371
809 530
809 760
809 861
809 862
721 212
721 799
721 822
164 750
750 428
750 540
750 687
750 812
750 875
815 177
815 198
815 249
815 611
815 663
815 738
815 798
166 673
166 684
673 640
673 805
684 216
684 437
684 531
684 542
168 176
168 307
168 780
176 449
176 479
176 681
176 910
307 292
307 352
780 330
780 421
780 518
780 731
780 789
270 845
170 665
665 434
189 187
189 428
687 806
445 861
445 887
764 253
764 414
764 549
764 681
333 250
333 456
333 743
333 910
449 259
681 419
681 470
681 612
681 789
910 317
910 487
910 541
910 862
177 503
177 798
503 191
503 443
503 601
503 611
798 380
798 439
798 612
798 894
178 518
178 704
178 791
518 237
518 540
518 592
518 894
704 384
791 220
791 225
791 483
791 531
791 549
791 647
799 428
799 438
799 460
180 521
180 547
180 624
521 409
521 416
547 924
624 250
624 416
624 726
624 789
181 438
181 731
438 264
438 913
731 474
731 512
731 515
731 771
731 924
183 430
183 487
183 531
183 653
430 393
430 887
531 300
531 317
531 545
653 219
653 672
184 211
492 525
186 375
186 644
375 743
375 861
644 241
644 283
644 875
428 301
428 352
428 363
428 403
226 197
226 210
226 414
191 520
191 887
520 240
520 384
520 391
520 529
887 212
887 591
887 779
887 789
408 308
408 894
549 212
549 294
549 771
549 924
589 738
795 232
795 344
795 540
795 712
795 773
611 515
194 285
285 486
195 259
195 478
478 283
478 459
924 233
924 263
924 623
924 722
924 771
197 530
197 789
530 339
530 812
789 498
789 590
789 649
789 779
199 751
199 908
751 217
751 411
751 773
751 835
751 894
908 218
908 221
908 393
908 414
908 437
908 501
908 771
908 779
908 894
908 913
215 647
760 321
760 425
760 495
760 738
368 272
640 209
640 312
640 501
640 512
767 302
767 395
767 456
767 805
460 231
460 342
460 862
542 377
542 393
542 446
207 292
207 322
207 381
207 617
292 590
292 663
322 254
381 214
381 337
617 642
617 913
425 321
425 510
425 822
607 221
607 429
607 875
210 806
806 470
212 434
434 553
434 592
214 263
214 301
214 588
263 743
301 384
588 452
647 352
647 525
647 571
216 286
286 352
286 862
217 672
672 779
218 404
404 556
404 561
219 234
234 416
220 571
571 232
571 393
571 498
221 302
222 483
483 400
913 251
913 277
913 450
913 610
913 649
913 822
224 454
454 384
454 437
225 541
541 249
541 306
541 610
541 861
414 232
227 553
553 294
553 862
745 525
231 450
450 290
416 443
235 399
399 350
399 429
399 894
495 300
495 423
334 254
334 411
448 293
239 336
239 496
239 732
239 738
496 517
496 561
496 805
732 470
738 501
240 251
240 771
240 845
771 363
771 382
771 421
845 265
845 296
845 318
845 348
845 561
241 726
726 474
726 743
726 812
249 308
250 330
250 739
330 861
739 743
253 743
743 822
254 512
512 321
443 306
412 409
812 822
421 265
421 393
421 482
712 283
712 556
265 501
501 482
267 269
267 283
267 822
269 603
822 315
603 380
603 779
339 545
339 875
277 510
510 321
861 315
861 324
861 722
360 663
612 400
835 324
835 344
835 371
835 459
835 623
486 300
486 592
288 623
435 423
435 477
590 596
294 773
773 539
773 894
894 561
296 395
296 591
591 348
393 446
306 642
312 875
875 411
875 649
317 346
346 456
613 539
326 517
411 348
601 529
337 382
337 394
382 455
341 649
649 371
348 419
474 805
556 439
556 805
455 403
429 515
409 420
515 592
423 592
