0: 0 16 36 110 126 137 146 161 199 233 236 275 310 345 351 357 362 391 394 405 466 511 539 570 590 595 606 610 668 675 679 682 684 702 733 734 751 794 802 835 840 858 895 896 912 924 940 960
1: 1 4 38 101 113 116 120 150 157 182 212 237 253 257 263 294 331 336 379 386 409 413 422 445 476 503 506 530 553 567 574 592 609 624 637 739 770 787 879 882 920 925 930 983 989 990
2: 2 37 106 217 256 262 284 298 303 322 338 382 415 433 451 456 465 471 482 488 520 524 547 575 583 588 594 613 626 654 689 695 713 763 813 843 872 889 909 953 956 987
3: 3 96 109 115 125 138 174 188 296 361 403 438 494 591 617 621 628 652 715 762 774 795 884 934
4: 5 6 20 45 63 129 160 215 228 288 293 297 300 360 365 395 441 467 478 501 534 566 573 582 597 602 725 735 743 768 789 866 891 903 938 961 972 979
5: 7 85 153 204 249 292 444 447 485 528 549 666 707 717 723 752 753 766 778 878 886 890 944 948 986 992 997 999
6: 8 18 86 93 118 149 165 181 184 213 230 247 280 287 302 319 340 398 428 452 475 543 552 562 619 656 694 712 756 771 791 822 838 847 850 926 939 966 981 991
7: 9 46 50 59 141 183 193 203 216 285 289 308 327 335 347 350 367 380 519 687 792 899
8: 10 11 17 32 47 99 123 169 185 186 301 305 321 324 329 370 383 385 408 412 419 430 449 450 464 472 504 512 514 518 550 676 722 761 773 775 817 829 849 863 947 964 969
9: 12 24 29 44 54 133 172 173 226 250 271 279 291 299 343 355 363 406 414 416 429 436 484 533 605 627 642 645 651 673 696 731 811 855 856 865 907 915 922 949 975 994
10: 13 28 91 104 117 124 190 197 200 231 278 323 356 366 375 538 556 571 580 589 608 620 648 650 686 721 740 767 801 853 860 902 905 910 923 928 929 936 937 951 959
11: 14 70 78 132 192 208 220 232 242 251 268 281 282 371 388 404 489 493 507 523 563 600 632 639 658 732 758 769 786 816 818 963 995
12: 15 21 51 53 139 143 145 151 166 170 175 195 196 202 225 276 368 372 381 401 427 458 460 480 491 541 557 604 612 614 641 681 688 699 701 714 719 736 746 759 814 845 867 869 893 932 943 971
13: 19 72 121 159 222 239 314 337 364 389 411 474 481 522 569 585 593 616 635 663 667 683 706 728 831 916 952 976 993
14: 22 31 35 40 87 88 97 105 154 167 241 261 273 315 339 354 374 378 402 431 446 559 596 607 611 625 691 727 741 755 757 785 826 861 876 892 950 967 978
15: 23 25 34 55 81 100 112 130 221 255 313 349 352 369 387 455 486 500 515 517 576 584 643 644 655 660 661 710 742 776 780 852 888 906 970
16: 26 61 111 140 152 252 307 318 325 353 453 525 537 565 678 718 730 744 796 821 834 844 901 957
17: 27 60 79 90 135 158 168 211 295 316 326 426 461 479 492 536 548 558 579 638 653 670 677 705 708 724 765 781 797 798 832 857 862 913 980 996
18: 30 41 76 114 148 155 164 178 179 194 240 267 274 330 341 396 410 420 423 432 477 505 510 551 561 630 649 665 669 680 693 704 749 815 820 825 828 830 883 900 904 908 911 914 931 998
19: 33 68 84 94 122 312 407 462 529 546 578 647 671 711 747 779 788 793 837 839 870 885 942 954 958 962 984 985
20: 39 49 52 57 67 92 103 107 108 246 270 454 545 560 657 777 805 810 823 824 927
21: 42 66 128 162 177 224 258 333 358 377 424 425 448 470 754 772 804 848 871 933 955 974
22: 43 65 98 201 205 214 254 260 286 348 418 434 440 463 473 496 508 568 631 633 634 646 729 764 784 803 807 808 809 836 874 897 941 982
23: 48 71 80 147 187 189 218 264 265 334 384 443 527 532 615 622 636 697 698 709 716 812 842 864 881
24: 56 58 69 75 136 144 176 198 207 210 223 229 234 244 269 272 283 304 306 332 400 417 499 516 521 526 531 542 577 587 599 601 640 672 685 690 692 703 726 745 750 790 919 977
25: 62 73 74 77 119 131 134 219 235 243 248 259 277 290 320 328 344 346 392 393 399 457 459 483 490 502 513 535 544 554 572 629 659 737 748 783 800 819 877 880 918 921
26: 64 83 89 156 171 206 245 311 317 376 397 442 469 586 598 664 720 854 859 894 946 968
27: 82 95 102 127 142 163 342 359 373 390 435 437 497 509 540 581 603 738 782 827 833 841 846 868 898 917 935 965 988
28: 180 191 209 227 238 266 309 421 439 468 487 495 498 555 564 618 623 662 674 700 760 799 806 851 873 875 887 945 973
