0: 0 95 115 123 180 183 189 204 215 271 292 294 359 364 474 506 508 564 566 651 683 702 711 759 764 808 820 824 895 901 924
1: 1 12 45 48 87 91 113 116 267 324 340 352 418 478 487 490 531 584 673 725 750 779 802 826 827 887
2: 2 33 39 51 69 82 84 102 134 145 172 209 231 293 309 354 398 480 497 519 526 572 577 583 592 596 601 618 662 694 705 718 760 795 797 805 806 810 833 864 880 923 941 956 959 966 975 976
3: 3 26 50 58 90 105 144 152 188 191 205 217 243 263 274 289 335 374 385 386 403 406 407 414 416 446 484 524 525 602 676 679 687 696 720 722 733 807 809 817 859 862 863 933 981 988 993 997 998
4: 4 6 25 81 155 206 279 290 310 419 427 447 461 513 528 579 599 612 628 630 672 685 689 706 723 745 775 870 888 896 897 904 909 932 934 957 963 968
5: 5 7 44 101 143 168 170 195 297 382 415 477 501 573 591 603 610 611 638 655 656 690 695 698 838 839 849 865 867 872 893 899 907 943
6: 8 23 94 137 146 181 315 320 362 410 471 514 523 549 569 570 617 634 671 680 719 737 798 804 813 831
7: 9 29 61 96 110 112 121 141 207 225 259 273 346 360 443 494 533 539 563 567 657 669 715 789 846 856 861 873
8: 10 17 34 74 79 100 132 147 208 216 253 283 330 343 371 465 546 551 586 614 625 631 636 653 654 735 811 860 879 922 930
9: 11 75 133 166 196 237 244 255 278 301 302 353 358 366 463 515 516 536 568 571 649 710 762 784 793 794 800 819 834 855 866 894 921 926 936 950 952 955
10: 13 118 127 148 184 199 249 409 413 440 444 455 489 503 597 605 615 623 627 736 744 749 844
11: 14 64 68 162 165 176 187 193 203 223 226 246 280 298 331 365 445 492 538 604 645 659 661 667 674 681 700 714 726 748 780 823 829 832 850 890 902 910 915 948 965 969 977 979 987
12: 15 18 120 125 138 158 194 222 241 295 325 336 376 417 421 483 498 499 556 559 686 724 734 787
13: 16 27 126 153 173 177 210 212 247 275 287 307 323 337 338 375 431 475 481 485 486 493 541 575 585 587 608 642 644 660 670 717 738 770 781 792 801 835 843 852 857 939 953 971 973 980 992 995
14: 19 42 43 104 119 135 136 142 156 174 238 252 254 305 345 349 367 387 391 462 482 518 554 588 619 633 684 755 756 777 785 848 869 882 911 938 945 961 974 978 983
15: 20 31 53 57 67 72 88 107 124 157 214 219 256 286 300 319 333 334 378 469 543 582 616 626 647 682 707 741 742 751 761 773 799 875 877 885 913 947 951 960 970 985 986 991 996 999
16: 21 28 56 62 98 228 260 265 277 303 308 326 363 426 452 507 532 544 668 693 701 704 731 763
17: 22 37 46 77 159 161 178 197 213 232 285 332 342 361 368 370 393 408 458 529 537 561 609 624 677 716 747 841 853 898 916 927 931 935 944 954 962
18: 24 30 92 185 234 257 282 356 405 454 460 540 552 581 590 606 635 650 688 691 713 728 753 778 812
19: 32 66 86 139 164 329 369 389 390 432 535 550 558 565 607 663 666 675 732 754 782
20: 35 59 78 131 264 270 372 388 423 437 438 453 466 470 511 527 555 574 578 632 640 664 743 769 825 842
21: 36 73 99 114 150 169 179 186 192 202 221 242 258 269 284 291 316 394 397 434 451 459 467 504 517 520 598 643 678 692 727 729 752 765 796 821 884 908 917 918 919 972 989
22: 38 40 63 93 97 149 220 224 248 250 272 327 339 425 476 512 576 595 620 697 721 758 767 786
23: 41 52 85 151 218 230 276 281 318 351 411 430 439 491 500 521 560 629 646 772 774 791
24: 47 65 117 129 160 167 261 268 296 322 341 392 399 420 428 429 435 464 468 479 502 580 593 648 658 703 757 803 814 816 836 837 840 925 928 942
25: 49 70 76 103 128 163 190 198 233 235 240 266 355 357 373 377 395 400 401 522 534 547 557 594 622 652 665 709 739 740 771 818 822 828 830 845 854 881 937 940 958 964 967 982 984 990 994
26: 54 111 130 154 175 201 211 229 251 262 288 299 317 321 380 381 402 441 495 530 730 768 788 790 815 871 874 878 891 905 920 929 946 949
27: 55 109 122 182 200 236 304 328 350 384 396 422 436 456 457 472 473 488 509 545 600 699 746 783 858 876 883 886 889 900 906 912 914
28: 60 80 89 106 140 227 239 306 312 313 314 347 379 383 448 496 505 548 553 613 621 641 766
29: 71 83 108 171 245 311 344 348 404 412 424 433 442 449 450 510 542 562 589 637 639 708 712 776 847 851 868 892 903
