0 104
0 872
0 896
0 928
0 959
0 988
0 990
104 921
104 930
104 970
104 973
104 982
104 998
872 10
872 41
872 138
872 167
872 187
872 197
872 238
872 526
872 541
872 626
872 636
872 660
872 699
872 751
872 812
872 820
872 825
872 849
872 891
872 896
872 921
872 928
872 959
872 961
872 990
872 992
896 41
896 85
896 120
896 149
896 155
896 187
896 197
896 203
896 275
896 308
896 327
896 504
896 526
896 541
896 626
896 636
896 657
896 699
896 774
896 811
896 812
896 849
896 891
896 928
896 959
896 960
896 990
928 41
928 46
928 85
928 155
928 167
928 177
928 191
928 197
928 203
928 227
928 352
928 384
928 526
928 601
928 626
928 636
928 657
928 699
928 746
928 751
928 812
928 820
928 845
928 847
928 849
928 891
928 908
928 944
928 951
928 959
928 990
959 41
959 46
959 85
959 118
959 138
959 167
959 187
959 191
959 197
959 203
959 209
959 225
959 227
959 238
959 253
959 302
959 327
959 384
959 401
959 526
959 535
959 541
959 636
959 657
959 699
959 732
959 742
959 751
959 753
959 812
959 820
959 849
959 891
959 925
959 968
959 990
988 38
988 47
988 53
988 89
988 122
988 170
988 212
988 223
988 234
988 263
988 266
988 285
988 296
988 355
988 374
988 397
988 470
988 520
988 525
988 530
988 568
988 585
988 599
988 622
988 647
988 687
988 705
988 727
988 792
988 803
988 830
988 836
988 841
988 864
988 873
988 876
988 906
988 921
988 945
988 948
988 950
988 952
988 967
988 976
988 989
990 39
990 41
990 46
990 100
990 118
990 120
990 138
990 149
990 155
990 167
990 177
990 191
990 197
990 209
990 225
990 227
990 238
990 253
990 302
990 327
990 384
990 526
990 532
990 541
990 601
990 626
990 636
990 657
990 660
990 751
990 787
990 795
990 798
990 812
990 819
990 820
990 849
990 873
990 891
990 895
990 985
1 425
1 832
1 855
1 879
1 898
1 919
1 943
425 243
425 619
425 652
425 696
425 742
425 832
425 879
425 881
425 943
832 32
832 146
832 163
832 233
832 322
832 336
832 350
832 463
832 473
832 524
832 574
832 652
832 696
832 746
832 755
832 773
832 855
832 879
832 881
832 919
832 943
832 999
855 83
855 185
855 322
855 323
855 324
855 336
855 339
855 350
855 476
855 568
855 574
855 652
855 666
855 696
855 742
855 746
855 755
855 771
855 808
855 879
855 881
855 919
855 943
879 133
879 146
879 185
879 232
879 233
879 322
879 323
879 350
879 353
879 403
879 476
879 494
879 524
879 652
879 666
879 696
879 742
879 755
879 848
879 881
879 918
879 919
879 943
879 958
898 11
898 30
898 49
898 93
898 184
898 236
898 278
898 309
898 361
898 365
898 380
898 395
898 419
898 426
898 474
898 557
898 606
898 648
898 650
898 672
898 724
898 726
898 770
898 861
898 878
898 908
898 911
898 913
898 984
919 113
919 133
919 146
919 165
919 185
919 233
919 322
919 323
919 336
919 350
919 403
919 463
919 476
919 524
919 574
919 635
919 652
919 666
919 696
919 742
919 746
919 755
919 783
919 881
919 909
919 937
919 943
919 971
919 996
943 50
943 83
943 113
943 125
943 133
943 146
943 165
943 185
943 233
943 296
943 322
943 323
943 336
943 350
943 403
943 463
943 476
943 510
943 524
943 574
943 652
943 666
943 696
943 742
943 746
943 755
943 860
943 881
943 937
943 942
943 946
2 28
2 649
2 778
2 799
2 866
2 901
2 916
28 391
28 899
28 934
28 938
28 942
28 944
649 9
649 254
649 412
649 497
649 614
649 662
649 886
649 901
649 914
649 917
649 927
649 966
649 968
649 969
778 42
778 357
778 398
778 418
778 508
778 632
778 799
778 805
778 865
778 866
778 897
778 901
778 910
778 914
778 916
778 923
778 927
778 968
778 969
799 69
799 74
799 160
799 247
799 398
799 556
799 662
799 823
799 865
799 897
799 901
799 910
799 914
799 916
799 917
799 918
799 923
799 968
799 969
799 992
866 74
866 254
866 401
866 483
866 521
866 543
866 556
866 585
866 614
866 647
866 667
866 792
866 844
866 856
866 865
866 886
866 914
866 916
866 917
866 923
866 927
866 933
866 968
866 969
901 12
901 74
901 221
901 264
901 397
901 521
901 533
901 556
901 603
901 614
901 662
901 686
901 844
901 851
901 865
901 886
901 897
901 907
901 910
901 914
901 916
901 917
901 923
901 927
901 968
901 969
916 9
916 254
916 278
916 401
916 477
916 495
916 508
916 521
916 543
916 556
916 614
916 662
916 723
916 760
916 844
916 865
916 876
916 886
916 897
916 910
916 914
916 917
916 923
916 927
916 961
916 968
916 969
916 970
3 99
3 183
3 645
3 814
3 949
3 952
3 974
99 71
99 274
99 788
99 952
99 962
99 974
183 484
183 512
183 747
183 805
183 840
183 952
183 997
645 12
645 387
645 709
645 756
645 805
645 829
645 833
645 840
645 889
645 894
645 949
645 962
645 974
814 16
814 96
814 161
814 164
814 325
814 514
814 527
814 537
814 593
814 604
814 607
814 611
814 615
814 641
814 723
814 745
814 823
814 827
814 852
814 869
814 925
814 981
949 27
949 41
949 202
949 294
949 316
949 387
949 398
949 465
949 518
949 535
949 540
949 551
949 570
949 582
949 616
949 642
949 656
949 670
949 688
949 698
949 709
949 756
949 768
949 779
949 805
949 811
949 833
949 839
949 842
949 846
949 889
949 894
949 906
949 952
949 962
949 974
949 977
952 19
952 27
952 202
952 322
952 465
952 484
952 535
952 540
952 551
952 570
952 582
952 603
952 616
952 623
952 642
952 656
952 670
952 698
952 709
952 754
952 756
952 768
952 805
952 806
952 811
952 833
952 839
952 840
952 846
952 889
952 894
952 962
952 974
952 985
952 994
974 19
974 71
974 109
974 136
974 202
974 220
974 235
974 256
974 272
974 294
974 387
974 423
974 465
974 484
974 512
974 518
974 535
974 540
974 549
974 582
974 616
974 656
974 670
974 698
974 709
974 726
974 756
974 768
974 777
974 805
974 806
974 811
974 839
974 840
974 859
974 889
974 894
974 962
4 715
4 860
4 885
4 909
4 935
4 971
4 978
715 22
715 98
715 229
715 293
715 312
715 352
715 572
715 575
715 581
715 587
715 632
715 694
715 785
715 836
715 857
715 888
860 208
860 214
860 407
860 413
860 491
860 572
860 591
860 665
860 668
860 686
860 800
860 809
860 828
860 842
860 847
860 885
860 887
860 892
860 895
860 909
860 935
860 939
860 971
860 978
885 45
885 200
885 213
885 214
885 268
885 385
885 410
885 437
885 459
885 478
885 491
885 640
885 684
885 686
885 800
885 809
885 842
885 873
885 887
885 895
885 909
885 935
885 939
885 971
885 978
885 980
909 51
909 54
909 55
909 235
909 385
909 390
909 413
909 432
909 437
909 459
909 548
909 552
909 591
909 640
909 665
909 763
909 800
909 809
909 842
909 884
909 887
909 892
909 895
909 935
909 939
909 971
909 978
935 55
935 83
935 120
935 208
935 214
935 221
935 239
935 357
935 385
935 390
935 413
935 417
935 437
935 459
935 478
935 491
935 548
935 640
935 665
935 686
935 703
935 800
935 809
935 842
935 887
935 892
935 895
935 939
935 946
935 969
935 971
935 978
971 51
971 54
971 55
971 70
971 115
971 200
971 208
971 213
971 214
971 239
971 268
971 385
971 390
971 413
971 417
971 459
971 469
971 478
971 491
971 548
971 591
971 616
971 640
971 665
971 686
971 765
971 771
971 800
971 809
971 842
971 887
971 892
971 895
971 939
971 948
971 978
978 51
978 54
978 55
978 167
978 200
978 208
978 213
978 214
978 239
978 268
978 385
978 390
978 413
978 417
978 437
978 444
978 459
978 478
978 491
978 548
978 591
978 622
978 640
978 655
978 665
978 676
978 686
978 780
978 800
978 809
978 842
978 861
978 887
978 892
978 895
978 906
978 939
978 976
5 544
5 621
5 752
5 954
5 956
5 987
5 996
544 478
544 532
544 624
544 738
544 773
544 786
544 922
544 941
544 961
544 986
544 994
621 371
621 411
621 477
621 509
621 722
621 723
621 791
621 813
621 937
621 954
621 956
621 987
621 996
752 18
752 100
752 311
752 372
752 476
752 541
752 554
752 558
752 625
752 629
752 677
752 911
752 920
752 946
752 983
752 985
752 995
954 73
954 110
954 124
954 211
954 248
954 274
954 301
954 364
954 371
954 373
954 400
954 415
954 420
954 464
954 466
954 471
954 486
954 503
954 534
954 547
954 553
954 584
954 586
954 589
954 618
954 651
954 769
954 791
954 813
954 826
954 856
954 888
954 924
954 937
954 956
954 987
954 989
954 996
956 24
956 73
956 110
956 179
956 248
956 270
956 308
956 346
956 364
956 373
956 400
956 411
956 415
956 420
956 442
956 477
956 486
956 503
956 553
956 578
956 584
956 586
956 589
956 618
956 651
956 769
956 791
956 809
956 813
956 826
956 856
956 937
956 957
956 968
956 980
956 987
956 996
987 9
987 19
987 24
987 73
987 80
987 97
987 110
987 169
987 211
987 248
987 301
987 308
987 364
987 371
987 373
987 400
987 411
987 415
987 420
987 442
987 471
987 476
987 477
987 486
987 534
987 553
987 584
987 586
987 589
987 618
987 651
987 686
987 711
987 791
987 813
987 826
987 830
987 856
987 910
987 937
987 996
987 998
996 24
996 73
996 80
996 97
996 110
996 211
996 248
996 276
996 285
996 301
996 308
996 336
996 364
996 371
996 373
996 400
996 411
996 415
996 420
996 421
996 442
996 460
996 471
996 477
996 486
996 503
996 534
996 553
996 584
996 586
996 589
996 618
996 651
996 661
996 769
996 773
996 780
996 791
996 813
996 826
996 856
996 937
996 995
6 445
6 456
6 466
6 634
6 737
6 821
6 836
445 43
445 204
445 563
445 595
445 628
445 714
445 731
445 754
445 821
445 836
456 43
456 344
456 407
456 595
456 737
456 743
456 836
456 902
456 931
456 962
466 511
466 609
466 682
466 717
466 721
466 745
466 781
466 871
466 940
634 18
634 209
634 216
634 228
634 319
634 349
634 566
634 851
634 911
634 946
634 983
634 985
634 995
737 33
737 43
737 62
737 118
737 252
737 344
737 407
737 515
737 595
737 628
737 704
737 714
737 731
737 743
737 836
737 900
821 32
821 43
821 47
821 62
821 252
821 326
821 344
821 366
821 375
821 407
821 563
821 595
821 628
821 655
821 714
821 731
821 743
821 836
821 888
821 948
821 973
836 32
836 33
836 43
836 62
836 326
836 344
836 366
836 375
836 407
836 529
836 595
836 628
836 714
836 731
836 743
836 828
836 947
7 40
7 654
7 669
7 874
7 926
7 947
7 960
40 736
40 924
40 955
40 973
40 982
40 998
654 369
654 427
654 547
654 683
654 748
654 762
654 770
654 817
654 825
654 874
654 905
654 926
654 947
654 960
669 345
669 356
669 567
669 670
669 755
669 794
669 795
669 904
669 918
669 932
669 953
669 980
669 991
669 997
874 64
874 147
874 199
874 217
874 303
874 361
874 427
874 453
874 500
874 507
874 683
874 744
874 759
874 762
874 775
874 817
874 850
874 858
874 887
874 905
874 926
874 947
874 951
874 960
874 993
926 10
926 129
926 131
926 147
926 270
926 290
926 303
926 318
926 369
926 408
926 427
926 453
926 500
926 502
926 507
926 527
926 564
926 594
926 631
926 683
926 744
926 762
926 775
926 817
926 825
926 858
926 863
926 880
926 905
926 932
926 960
947 10
947 35
947 129
947 147
947 199
947 217
947 267
947 270
947 280
947 290
947 303
947 318
947 361
947 369
947 427
947 453
947 500
947 502
947 507
947 594
947 683
947 744
947 775
947 808
947 817
947 825
947 858
947 863
947 886
947 905
947 912
947 960
947 965
947 991
947 993
960 10
960 35
960 129
960 147
960 199
960 217
960 267
960 270
960 290
960 303
960 315
960 318
960 361
960 369
960 408
960 427
960 453
960 502
960 507
960 593
960 594
960 650
960 667
960 683
960 744
960 762
960 764
960 775
960 793
960 817
960 858
960 863
960 905
960 976
8 489
8 519
8 529
8 653
8 758
8 902
8 963
489 398
489 508
489 521
489 751
489 844
489 865
489 910
489 923
489 927
489 969
519 224
519 396
519 421
519 504
519 684
519 729
519 740
519 749
519 870
519 877
519 963
529 390
529 597
529 729
529 749
529 780
529 852
529 870
529 877
529 902
529 963
653 340
653 421
653 468
653 516
653 711
653 729
653 749
653 758
653 852
653 856
653 877
653 902
653 963
653 970
758 154
758 294
758 332
758 340
758 396
758 523
758 597
758 641
758 711
758 720
758 780
758 852
758 870
758 877
758 902
758 963
758 994
902 57
902 95
902 154
902 159
902 278
902 332
902 396
902 468
902 504
902 552
902 597
902 617
902 641
902 684
902 711
902 729
902 749
902 780
902 850
902 852
902 854
902 870
902 877
902 963
902 983
902 986
963 57
963 58
963 82
963 154
963 159
963 246
963 332
963 340
963 364
963 375
963 382
963 396
963 421
963 455
963 468
963 501
963 504
963 523
963 537
963 552
963 597
963 617
963 641
963 684
963 711
963 729
963 749
963 780
963 852
963 868
963 870
963 877
963 939
963 950
963 984
9 904
9 910
9 914
9 923
904 33
904 36
904 81
904 139
904 143
904 269
904 370
904 416
904 538
904 551
904 564
904 592
904 633
904 691
904 763
904 794
904 795
904 798
904 822
904 918
904 932
904 940
904 953
904 958
904 965
904 980
904 984
904 991
904 997
910 12
910 69
910 195
910 247
910 362
910 398
910 401
910 409
910 418
910 483
910 508
910 521
910 525
910 603
910 614
910 626
910 682
910 844
910 865
910 886
910 914
910 927
910 968
910 969
910 977
914 23
914 74
914 173
914 222
914 247
914 254
914 291
914 335
914 362
914 401
914 409
914 508
914 543
914 556
914 687
914 698
914 844
914 865
914 897
914 927
914 955
914 962
914 968
914 969
923 154
923 222
923 262
923 291
923 401
923 409
923 439
923 483
923 495
923 526
923 543
923 556
923 603
923 637
923 647
923 662
923 728
923 844
923 865
923 886
923 897
923 917
923 927
923 968
923 969
923 979
10 775
10 858
10 964
775 35
775 199
775 267
775 270
775 500
775 594
775 683
775 744
775 747
775 794
775 816
775 824
775 858
775 863
775 905
858 35
858 129
858 267
858 361
858 369
858 408
858 500
858 502
858 507
858 514
858 591
858 620
858 744
858 762
858 768
858 817
858 825
858 863
858 905
858 964
964 61
964 127
964 137
964 144
964 145
964 169
964 215
964 249
964 251
964 284
964 306
964 328
964 388
964 429
964 457
964 464
964 549
964 559
964 562
964 575
964 627
964 637
964 728
964 733
964 750
964 774
964 796
964 808
964 828
964 829
964 833
964 848
964 883
964 894
964 912
964 931
964 951
964 965
964 979
11 250
11 718
11 861
11 878
11 908
11 913
250 16
250 627
250 747
250 823
250 869
250 925
250 981
718 37
718 278
718 309
718 426
718 530
718 558
718 648
718 650
718 724
718 726
718 770
718 854
718 861
718 908
718 913
718 936
861 49
861 151
861 278
861 281
861 309
861 365
861 417
861 426
861 432
861 474
861 606
861 630
861 648
861 672
861 724
861 726
861 770
861 854
861 878
861 908
861 913
861 986
878 121
878 151
878 184
878 194
878 236
878 278
878 309
878 327
878 395
878 426
878 432
878 557
878 606
878 648
878 650
878 724
878 726
878 770
878 771
878 835
878 854
878 908
878 913
878 967
908 30
908 49
908 93
908 151
908 194
908 236
908 309
908 365
908 395
908 411
908 432
908 557
908 606
908 648
908 650
908 672
908 721
908 724
908 726
908 770
908 773
908 854
908 893
908 913
908 976
913 30
913 49
913 58
913 93
913 184
913 194
913 365
913 395
913 426
913 432
913 474
913 476
913 516
913 557
913 606
913 632
913 648
913 650
913 672
913 724
913 725
913 726
913 770
913 828
913 854
913 894
12 291
12 603
12 927
12 968
291 226
291 521
291 825
291 844
291 897
291 927
603 222
603 362
603 495
603 659
603 704
603 886
603 917
603 927
603 969
927 335
927 343
927 383
927 401
927 409
927 418
927 508
927 533
927 543
927 589
927 614
927 647
927 789
927 844
927 886
927 897
927 917
927 940
927 967
927 968
927 969
927 999
968 35
968 69
968 222
968 247
968 254
968 362
968 385
968 398
968 409
968 418
968 483
968 495
968 508
968 521
968 533
968 543
968 556
968 614
968 662
968 801
968 837
968 844
968 865
968 886
968 897
968 907
968 917
968 929
968 969
13 578
13 757
13 945
13 972
13 977
13 992
13 999
578 78
578 152
578 186
578 292
578 346
578 539
578 598
578 754
578 759
578 804
578 907
757 390
757 505
757 515
757 559
757 593
757 755
757 772
757 784
757 816
757 873
757 880
757 936
757 957
757 966
757 972
757 977
757 992
757 999
945 70
945 80
945 126
945 151
945 192
945 221
945 228
945 249
945 277
945 279
945 363
945 394
945 434
945 498
945 505
945 547
945 593
945 609
945 644
945 676
945 685
945 713
945 772
945 784
945 786
945 809
945 810
945 816
945 880
945 936
945 957
945 966
945 972
945 977
945 992
945 999
972 29
972 70
972 87
972 98
972 126
972 192
972 196
972 204
972 221
972 228
972 232
972 249
972 339
972 394
972 436
972 453
972 498
972 515
972 547
972 562
972 593
972 644
972 662
972 676
972 685
972 713
972 769
972 772
972 784
972 810
972 816
972 831
972 880
972 936
972 957
972 966
972 975
972 977
972 992
972 999
977 29
977 48
977 87
977 90
977 126
977 192
977 198
977 228
977 232
977 249
977 277
977 363
977 380
977 394
977 424
977 436
977 498
977 593
977 644
977 676
977 685
977 713
977 772
977 784
977 789
977 797
977 810
977 816
977 829
977 837
977 880
977 936
977 940
977 957
977 966
977 992
977 995
977 999
992 15
992 29
992 48
992 70
992 87
992 90
992 192
992 196
992 198
992 221
992 277
992 363
992 380
992 404
992 416
992 436
992 498
992 505
992 515
992 547
992 593
992 644
992 676
992 685
992 688
992 710
992 713
992 738
992 772
992 784
992 810
992 812
992 816
992 875
992 880
992 936
992 957
992 966
992 994
992 999
999 15
999 29
999 48
999 87
999 90
999 192
999 196
999 198
999 221
999 228
999 232
999 249
999 277
999 304
999 339
999 363
999 380
999 394
999 436
999 498
999 505
999 515
999 547
999 576
999 593
999 644
999 659
999 676
999 713
999 772
999 784
999 810
999 816
999 849
999 870
999 880
999 936
999 939
999 957
999 965
999 966
999 991
14 152
14 346
14 539
14 705
14 759
14 804
14 907
152 346
152 680
152 759
152 907
152 962
346 189
346 354
346 598
346 604
346 907
539 60
539 186
539 292
539 320
539 393
539 681
539 754
539 804
539 846
539 907
705 522
705 525
705 679
705 771
705 792
705 830
705 841
705 864
705 876
705 906
705 948
705 967
705 976
705 989
759 60
759 186
759 283
759 298
759 320
759 392
759 393
759 487
759 491
759 598
759 693
759 754
759 804
759 805
759 907
804 45
804 62
804 78
804 189
804 226
804 287
804 292
804 320
804 393
804 537
804 598
804 614
804 674
804 680
804 693
804 754
804 756
804 907
907 45
907 60
907 78
907 186
907 189
907 226
907 227
907 283
907 287
907 292
907 320
907 354
907 392
907 393
907 487
907 598
907 662
907 680
907 693
907 754
907 889
907 969
15 772
15 816
15 903
15 957
15 966
772 90
772 339
772 556
772 676
772 685
772 735
772 784
772 810
772 839
772 936
772 957
772 966
772 979
816 198
816 221
816 394
816 515
816 593
816 623
816 627
816 713
816 784
816 810
816 880
816 915
816 936
816 957
816 966
903 25
903 34
903 56
903 65
903 163
903 257
903 276
903 360
903 422
903 433
903 458
903 482
903 497
903 522
903 549
903 605
903 608
903 626
903 679
903 734
903 789
903 835
903 847
903 876
903 893
903 900
903 929
903 936
903 975
903 993
957 29
957 48
957 70
957 90
957 196
957 339
957 363
957 380
957 394
957 436
957 498
957 515
957 547
957 593
957 644
957 676
957 685
957 713
957 719
957 784
957 796
957 806
957 810
957 812
957 880
957 922
957 932
957 936
957 941
957 966
966 29
966 70
966 90
966 192
966 196
966 228
966 232
966 249
966 309
966 394
966 436
966 498
966 505
966 515
966 547
966 571
966 613
966 644
966 676
966 685
966 707
966 713
966 726
966 764
966 784
966 810
966 813
966 880
966 936
966 985
16 271
16 731
16 869
16 925
16 981
271 179
271 218
271 318
271 725
271 747
271 981
271 985
731 32
731 33
731 62
731 366
731 375
731 407
731 479
731 563
731 714
731 743
731 761
731 921
869 68
869 161
869 164
869 218
869 297
869 418
869 537
869 546
869 577
869 611
869 615
869 628
869 681
869 704
869 723
869 735
869 747
869 823
869 827
869 844
869 875
869 925
869 981
925 68
925 164
925 179
925 242
925 264
925 265
925 377
925 399
925 472
925 527
925 537
925 546
925 553
925 588
925 604
925 611
925 615
925 627
925 681
925 704
925 723
925 725
925 730
925 735
925 747
925 827
925 849
925 924
925 981
981 68
981 96
981 144
981 161
981 164
981 179
981 210
981 218
981 242
981 264
981 265
981 325
981 377
981 399
981 450
981 514
981 527
981 537
981 546
981 550
981 604
981 607
981 611
981 615
981 627
981 681
981 704
981 716
981 723
981 725
981 735
981 747
981 815
981 823
981 827
981 900
981 936
981 953
981 969
17 89
17 882
17 930
17 955
17 970
17 982
17 998
89 948
89 950
89 967
89 976
89 989
882 164
882 210
882 256
882 299
882 308
882 448
882 450
882 451
882 576
882 670
882 776
882 783
882 826
882 845
882 850
882 875
882 887
882 890
882 915
882 921
882 924
882 930
882 955
882 970
882 973
882 982
882 998
930 59
930 187
930 201
930 210
930 213
930 299
930 304
930 317
930 424
930 451
930 469
930 538
930 555
930 565
930 640
930 646
930 708
930 776
930 788
930 793
930 837
930 845
930 850
930 890
930 915
930 921
930 924
930 955
930 970
930 973
930 982
930 998
955 59
955 66
955 141
955 210
955 254
955 299
955 304
955 310
955 334
955 415
955 448
955 450
955 451
955 469
955 576
955 673
955 681
955 692
955 701
955 708
955 788
955 793
955 798
955 845
955 850
955 867
955 875
955 915
955 921
955 924
955 965
955 970
955 973
955 982
955 998
970 66
970 112
970 141
970 299
970 304
970 334
970 424
970 447
970 450
970 469
970 490
970 565
970 576
970 605
970 630
970 673
970 692
970 701
970 708
970 788
970 818
970 837
970 840
970 845
970 850
970 857
970 875
970 890
970 915
970 921
970 924
970 934
970 973
970 982
970 998
982 58
982 66
982 75
982 112
982 201
982 210
982 256
982 299
982 424
982 448
982 451
982 469
982 486
982 576
982 595
982 608
982 671
982 673
982 692
982 701
982 708
982 776
982 788
982 793
982 837
982 845
982 850
982 875
982 881
982 890
982 895
982 915
982 921
982 924
982 958
982 973
982 975
982 998
998 59
998 75
998 141
998 157
998 162
998 201
998 210
998 256
998 299
998 304
998 334
998 358
998 371
998 424
998 441
998 447
998 448
998 450
998 451
998 469
998 499
998 565
998 576
998 673
998 701
998 708
998 725
998 776
998 788
998 793
998 837
998 845
998 850
998 875
998 890
998 915
998 921
998 924
998 933
998 973
998 976
18 794
18 864
18 983
18 985
18 995
794 282
794 305
794 416
794 567
794 592
794 691
794 763
794 795
794 798
794 802
794 831
794 897
794 918
794 958
794 980
794 991
794 997
864 223
864 234
864 363
864 397
864 435
864 520
864 521
864 530
864 568
864 687
864 727
864 771
864 830
864 841
864 873
864 876
864 906
864 948
864 950
864 958
864 967
864 976
864 989
983 42
983 47
983 100
983 119
983 173
983 216
983 231
983 243
983 309
983 310
983 313
983 319
983 321
983 372
983 402
983 447
983 461
983 499
983 506
983 554
983 558
983 566
983 596
983 625
983 629
983 637
983 671
983 674
983 677
983 688
983 690
983 694
983 776
983 780
983 819
983 838
983 851
983 911
983 946
983 985
983 995
985 23
985 42
985 47
985 91
985 100
985 173
985 188
985 216
985 231
985 310
985 311
985 313
985 319
985 321
985 348
985 372
985 499
985 506
985 554
985 558
985 566
985 596
985 625
985 629
985 648
985 656
985 671
985 674
985 675
985 677
985 688
985 690
985 819
985 851
985 911
985 921
985 946
985 995
995 42
995 47
995 91
995 100
995 173
995 188
995 216
995 231
995 243
995 310
995 311
995 313
995 317
995 319
995 321
995 348
995 349
995 372
995 402
995 428
995 506
995 554
995 558
995 566
995 596
995 607
995 625
995 629
995 671
995 674
995 677
995 688
995 690
995 703
995 788
995 819
995 851
995 877
995 911
995 933
995 946
19 768
19 833
19 846
19 853
768 235
768 302
768 465
768 518
768 570
768 582
768 656
768 670
768 698
768 704
768 756
768 833
768 839
768 894
833 330
833 387
833 494
833 568
833 570
833 582
833 642
833 670
833 695
833 698
833 802
833 805
833 811
833 840
833 846
833 889
833 894
833 962
846 101
846 106
846 259
846 306
846 484
846 518
846 535
846 551
846 582
846 616
846 670
846 709
846 766
846 805
846 839
846 840
846 889
846 894
846 962
846 965
853 128
853 230
853 337
853 357
853 383
853 419
853 441
853 449
853 467
853 475
853 492
853 527
853 577
853 658
853 659
853 689
853 700
853 795
853 845
853 859
853 867
853 868
853 933
853 934
20 206
20 630
20 739
20 847
20 868
20 929
20 993
206 184
206 358
206 712
206 748
206 801
206 815
206 834
630 25
630 480
630 522
630 600
630 608
630 631
630 734
630 739
630 789
630 975
630 993
739 163
739 180
739 181
739 316
739 389
739 405
739 608
739 631
739 680
739 734
739 742
739 761
739 835
739 931
739 975
739 993
847 21
847 257
847 389
847 433
847 480
847 522
847 550
847 600
847 605
847 608
847 622
847 631
847 734
847 761
847 767
847 835
847 900
847 929
847 975
847 991
847 993
868 126
868 128
868 143
868 298
868 337
868 347
868 419
868 449
868 467
868 475
868 485
868 516
868 577
868 639
868 658
868 659
868 675
868 689
868 802
868 830
868 859
868 867
868 933
929 34
929 37
929 56
929 121
929 148
929 163
929 241
929 257
929 276
929 368
929 371
929 373
929 389
929 458
929 480
929 482
929 497
929 522
929 605
929 608
929 622
929 679
929 761
929 789
929 835
929 840
929 900
929 944
929 973
929 975
929 993
993 21
993 25
993 34
993 56
993 65
993 121
993 163
993 181
993 241
993 276
993 317
993 360
993 368
993 389
993 405
993 422
993 433
993 446
993 458
993 475
993 480
993 482
993 497
993 513
993 600
993 605
993 608
993 622
993 625
993 679
993 734
993 761
993 787
993 789
993 835
993 887
993 900
993 933
993 975
21 134
21 228
21 600
21 679
21 975
134 182
134 564
134 918
134 958
134 984
134 997
228 339
600 181
600 268
600 315
600 317
600 405
600 480
600 482
600 789
600 900
679 314
679 368
679 480
679 482
679 605
679 734
679 789
679 827
679 900
679 975
975 25
975 121
975 149
975 163
975 181
975 241
975 246
975 276
975 317
975 360
975 368
975 389
975 405
975 422
975 433
975 458
975 480
975 482
975 495
975 497
975 501
975 522
975 605
975 608
975 622
975 631
975 674
975 734
975 749
975 761
975 789
975 835
975 900
22 156
22 492
22 572
22 697
22 785
22 857
156 84
156 312
156 590
156 632
156 694
156 857
492 326
492 337
492 467
492 485
492 659
492 689
492 802
492 867
492 933
572 140
572 289
572 380
572 575
572 581
572 632
572 694
572 697
572 785
572 857
697 88
697 135
697 289
697 312
697 315
697 432
697 484
697 575
697 581
697 632
697 694
697 780
697 785
697 857
785 84
785 98
785 135
785 253
785 293
785 315
785 352
785 413
785 575
785 581
785 587
785 632
785 694
785 857
785 940
785 969
785 994
857 84
857 88
857 94
857 98
857 103
857 229
857 245
857 253
857 279
857 289
857 293
857 312
857 315
857 352
857 384
857 581
857 587
857 632
857 694
23 848
23 934
23 938
23 942
23 944
848 44
848 130
848 261
848 329
848 439
848 446
848 500
848 561
848 583
848 620
848 703
848 719
848 736
848 741
848 807
848 822
848 888
848 934
848 938
848 942
848 944
848 997
934 52
934 130
934 131
934 157
934 175
934 193
934 241
934 274
934 433
934 439
934 440
934 446
934 561
934 579
934 583
934 620
934 695
934 703
934 719
934 736
934 741
934 746
934 807
934 808
934 822
934 888
934 899
934 938
934 942
934 944
938 26
938 52
938 130
938 131
938 157
938 193
938 252
938 261
938 274
938 329
938 382
938 439
938 446
938 505
938 545
938 561
938 579
938 583
938 620
938 665
938 695
938 703
938 719
938 736
938 741
938 791
938 807
938 822
938 888
938 899
938 942
938 944
938 979
942 26
942 52
942 130
942 131
942 157
942 261
942 264
942 274
942 329
942 335
942 439
942 440
942 511
942 561
942 579
942 583
942 620
942 635
942 695
942 703
942 719
942 729
942 736
942 741
942 797
942 807
942 822
942 888
942 899
942 905
942 944
944 26
944 130
944 131
944 157
944 189
944 193
944 255
944 261
944 274
944 329
944 362
944 439
944 440
944 446
944 561
944 579
944 583
944 620
944 695
944 703
944 719
944 736
944 741
944 743
944 807
944 822
944 888
944 899
944 951
944 976
24 534
24 791
24 937
24 991
534 262
534 553
534 618
534 791
534 813
534 856
534 891
534 937
791 97
791 166
791 296
791 311
791 420
791 471
791 553
791 769
791 813
791 826
791 834
791 856
791 937
937 73
937 110
937 301
937 371
937 389
937 400
937 411
937 442
937 471
937 477
937 486
937 503
937 553
937 584
937 586
937 589
937 618
937 651
937 721
937 729
937 733
937 769
937 813
937 826
937 856
937 887
991 36
991 81
991 92
991 139
991 157
991 205
991 219
991 220
991 240
991 245
991 282
991 305
991 341
991 345
991 353
991 370
991 379
991 416
991 472
991 490
991 493
991 538
991 545
991 564
991 592
991 619
991 633
991 691
991 763
991 798
991 843
991 918
991 932
991 951
991 953
991 958
991 980
991 984
991 997
25 180
25 735
25 835
180 121
180 360
180 405
180 686
180 741
180 900
735 161
735 265
735 434
735 514
735 611
735 615
735 627
735 681
735 704
735 723
735 747
735 823
735 827
835 34
835 53
835 56
835 65
835 181
835 241
835 356
835 394
835 433
835 458
835 566
835 605
835 622
835 631
835 734
835 900
26 548
26 741
26 807
26 920
548 225
548 488
548 800
548 842
548 887
548 895
548 939
741 127
741 157
741 261
741 440
741 488
741 695
741 807
741 822
741 823
741 888
741 899
807 349
807 376
807 446
807 579
807 583
807 620
807 695
807 719
807 736
807 743
807 822
807 888
807 899
807 939
807 986
920 63
920 75
920 94
920 166
920 175
920 204
920 262
920 295
920 438
920 462
920 488
920 513
920 555
920 569
920 571
920 580
920 620
920 646
920 668
920 702
920 706
920 716
920 750
920 783
920 790
920 806
920 818
920 831
920 838
920 880
920 899
27 294
27 709
27 810
27 811
27 889
294 101
294 235
294 330
294 354
294 709
709 177
709 272
709 642
709 724
709 756
709 839
709 871
709 889
709 962
810 62
810 232
810 277
810 380
810 505
810 547
810 557
810 563
810 676
810 713
810 784
810 880
810 994
811 68
811 106
811 465
811 484
811 538
811 540
811 563
811 582
811 616
811 642
811 670
811 756
811 805
811 839
811 894
811 962
811 973
889 101
889 106
889 202
889 272
889 302
889 316
889 484
889 518
889 582
889 583
889 616
889 670
889 756
889 762
889 789
889 805
889 840
889 941
889 962
391 148
391 378
391 412
391 460
391 536
391 598
391 664
391 732
391 740
899 52
899 193
899 274
899 307
899 329
899 439
899 440
899 446
899 510
899 561
899 579
899 583
899 620
899 695
899 703
899 719
899 736
899 798
899 822
899 888
899 891
899 946
29 541
541 39
541 601
541 812
541 820
541 849
541 891
30 84
30 141
30 672
30 854
84 135
84 279
84 315
141 499
141 875
141 924
672 151
672 184
672 236
672 426
672 650
672 710
672 724
672 782
672 854
672 953
854 49
854 93
854 184
854 309
854 365
854 387
854 395
854 426
854 432
854 433
854 474
854 557
854 724
854 726
854 770
854 826
854 884
31 139
31 579
31 828
31 829
31 912
31 931
31 979
139 34
139 932
139 953
139 997
579 176
579 193
579 394
579 695
579 822
579 888
828 61
828 127
828 247
828 300
828 328
828 559
828 637
828 733
828 774
828 796
828 808
828 829
828 883
828 912
828 931
828 951
828 965
828 979
828 980
829 100
829 145
829 306
829 337
829 457
829 464
829 559
829 596
829 656
829 733
829 750
829 774
829 796
829 883
829 912
829 931
829 951
829 965
829 979
912 109
912 137
912 140
912 145
912 188
912 251
912 284
912 300
912 388
912 429
912 457
912 464
912 471
912 562
912 728
912 733
912 750
912 774
912 796
912 808
912 876
912 883
912 931
912 940
912 951
912 965
912 979
931 109
931 127
931 144
931 145
931 150
931 215
931 300
931 388
931 427
931 429
931 457
931 464
931 549
931 562
931 602
931 637
931 665
931 696
931 728
931 733
931 750
931 774
931 796
931 808
931 883
931 951
931 965
931 979
979 61
979 92
979 109
979 127
979 137
979 145
979 169
979 215
979 251
979 284
979 300
979 306
979 313
979 328
979 388
979 429
979 457
979 464
979 549
979 559
979 562
979 596
979 637
979 728
979 733
979 750
979 774
979 796
979 808
979 883
979 888
979 897
979 950
979 951
979 965
32 326
32 714
32 743
326 33
326 252
326 714
326 743
326 906
714 252
714 344
714 366
714 373
714 375
714 408
714 563
714 628
714 743
714 815
743 39
743 43
743 240
743 252
743 366
743 375
743 407
743 595
33 563
33 939
563 344
563 366
563 375
563 595
563 628
563 870
939 51
939 55
939 200
939 208
939 213
939 239
939 385
939 390
939 417
939 437
939 459
939 478
939 491
939 591
939 640
939 665
939 673
939 686
939 719
939 800
939 809
939 815
939 842
939 887
939 892
939 895
34 458
34 522
458 37
458 497
458 622
458 700
458 820
522 65
522 332
522 440
522 631
522 900
35 683
35 776
683 216
683 217
683 231
683 500
683 725
683 762
683 825
683 863
683 905
776 59
776 304
776 450
776 478
776 617
776 673
776 788
776 793
776 845
776 850
776 875
776 915
776 924
776 973
36 619
36 806
36 918
36 932
36 958
619 356
619 493
619 538
619 710
619 793
619 918
619 932
619 958
619 969
619 984
619 997
806 63
806 94
806 175
806 262
806 488
806 513
806 555
806 569
806 571
806 646
806 702
806 706
806 783
806 790
806 818
806 831
806 838
918 67
918 81
918 181
918 219
918 305
918 345
918 353
918 376
918 472
918 538
918 564
918 633
918 667
918 763
918 795
918 818
918 877
918 886
918 894
918 953
918 958
918 980
918 984
918 997
932 143
932 197
932 219
932 245
932 249
932 269
932 282
932 341
932 353
932 356
932 370
932 413
932 472
932 493
932 567
932 664
932 691
932 710
932 763
932 795
932 798
932 862
932 953
932 958
932 980
932 984
932 997
958 67
958 143
958 182
958 205
958 240
958 257
958 305
958 356
958 370
958 376
958 416
958 428
958 448
958 472
958 490
958 493
958 513
958 545
958 567
958 592
958 633
958 667
958 763
958 795
958 953
958 973
958 980
958 984
958 997
37 56
37 761
37 900
37 953
56 696
56 761
761 121
761 276
761 360
761 405
761 422
761 622
761 631
761 734
761 948
761 973
761 976
900 65
900 163
900 241
900 297
900 368
900 389
900 396
900 422
900 433
900 480
900 482
900 605
900 622
900 692
900 734
900 789
900 946
953 67
953 92
953 143
953 182
953 205
953 219
953 240
953 282
953 341
953 376
953 383
953 422
953 472
953 490
953 493
953 564
953 567
953 592
953 633
953 667
953 691
953 710
953 742
953 769
953 795
953 798
953 924
953 980
953 984
953 997
38 771
38 888
38 950
38 967
38 976
38 989
771 159
771 687
771 727
771 792
771 803
771 830
771 841
771 873
771 876
771 948
771 950
771 967
771 976
771 989
888 130
888 193
888 274
888 329
888 385
888 439
888 440
888 561
888 583
888 620
888 695
888 703
888 736
888 822
950 122
950 170
950 212
950 219
950 223
950 234
950 261
950 263
950 282
950 285
950 296
950 470
950 475
950 520
950 525
950 530
950 568
950 585
950 586
950 687
950 727
950 792
950 830
950 841
950 873
950 876
950 906
950 924
950 948
950 967
950 976
950 989
967 122
967 186
967 212
967 223
967 266
967 285
967 296
967 335
967 355
967 397
967 470
967 520
967 525
967 530
967 568
967 585
967 671
967 687
967 727
967 792
967 803
967 808
967 830
967 841
967 873
967 876
967 906
967 921
967 948
967 976
967 989
967 997
976 53
976 122
976 170
976 212
976 223
976 234
976 266
976 285
976 296
976 339
976 355
976 407
976 470
976 506
976 520
976 525
976 530
976 568
976 585
976 687
976 727
976 792
976 803
976 830
976 841
976 873
976 876
976 906
976 948
976 989
989 53
989 122
989 170
989 212
989 223
989 234
989 252
989 263
989 266
989 285
989 296
989 338
989 355
989 397
989 470
989 511
989 520
989 525
989 530
989 568
989 585
989 687
989 691
989 727
989 792
989 803
989 805
989 825
989 830
989 841
989 873
989 876
989 906
989 933
989 948
989 973
39 155
39 820
39 849
39 891
155 138
155 734
155 820
820 107
820 138
820 203
820 225
820 327
820 406
820 526
820 601
820 625
820 626
820 657
820 660
820 699
820 751
820 891
849 85
849 120
849 225
849 302
849 323
849 327
849 601
849 636
849 657
849 660
849 667
849 732
849 751
849 812
849 880
849 891
891 46
891 87
891 118
891 177
891 197
891 209
891 238
891 240
891 340
891 384
891 626
891 636
891 657
891 660
891 699
891 751
891 812
736 440
736 442
736 446
736 561
736 583
736 620
736 719
736 922
736 997
924 59
924 201
924 292
924 447
924 565
924 673
924 692
924 701
924 708
924 740
924 780
924 788
924 793
924 837
924 845
924 850
924 875
924 890
924 915
924 921
924 973
973 59
973 75
973 148
973 201
973 229
973 334
973 447
973 448
973 450
973 451
973 469
973 565
973 576
973 673
973 692
973 701
973 708
973 788
973 793
973 827
973 837
973 845
973 850
973 875
973 890
973 915
973 921
41 191
191 187
191 227
191 401
191 747
42 499
42 819
42 851
499 173
499 243
499 310
499 402
499 690
499 946
819 188
819 231
819 310
819 311
819 381
819 399
819 402
819 497
819 554
819 566
819 671
819 677
819 688
819 690
819 851
819 883
819 911
819 946
851 91
851 119
851 189
851 216
851 243
851 313
851 349
851 554
851 596
851 629
851 671
851 677
851 690
851 740
851 782
851 790
851 911
851 946
43 184
184 151
44 280
44 342
44 707
44 797
44 815
44 834
280 588
280 707
280 797
280 801
280 815
280 834
342 473
342 588
342 712
342 797
342 801
342 834
342 875
342 917
707 54
707 101
707 114
707 358
707 430
707 588
707 599
707 712
707 748
707 797
707 801
707 815
707 834
797 150
797 290
797 324
797 358
797 359
797 370
797 374
797 430
797 588
797 599
797 712
797 748
797 762
797 801
797 815
797 834
815 114
815 150
815 324
815 358
815 359
815 374
815 473
815 588
815 599
815 712
815 748
815 784
815 801
815 834
815 894
834 114
834 150
834 324
834 348
834 359
834 374
834 430
834 473
834 508
834 588
834 599
834 712
834 719
834 748
834 801
834 986
45 186
45 392
45 680
45 754
186 598
186 693
392 287
392 487
392 598
392 693
392 754
392 769
392 788
680 60
680 78
680 226
680 258
680 283
680 292
680 487
680 577
680 598
680 754
754 189
754 226
754 292
754 320
754 393
754 414
754 487
754 638
754 693
46 514
46 812
46 871
514 164
514 297
514 604
514 681
514 725
514 823
514 827
812 187
812 277
812 302
812 327
812 601
812 636
812 657
812 660
812 676
812 699
812 751
812 767
871 79
871 109
871 111
871 123
871 168
871 174
871 258
871 343
871 434
871 509
871 560
871 606
871 609
871 663
871 682
871 717
871 721
871 722
871 745
871 781
871 843
871 862
871 873
871 940
47 558
47 946
558 91
558 173
558 372
558 719
558 773
558 911
558 946
946 100
946 173
946 175
946 216
946 231
946 243
946 310
946 313
946 348
946 372
946 402
946 496
946 506
946 554
946 566
946 591
946 596
946 625
946 629
946 671
946 674
946 688
946 690
946 911
946 933
48 449
48 462
48 880
449 230
449 234
449 590
449 658
449 675
449 802
449 859
449 933
462 560
462 580
462 646
462 668
462 702
462 783
462 818
462 831
462 838
880 126
880 198
880 277
880 339
880 341
880 380
880 436
880 437
880 485
880 644
880 676
880 685
880 784
880 936
49 105
49 770
105 124
105 528
105 661
105 730
105 760
105 782
770 93
770 185
770 474
770 557
770 606
770 648
770 650
770 720
770 724
770 726
770 892
50 510
50 556
50 635
50 766
50 767
50 782
510 132
510 459
510 528
510 635
510 730
510 760
510 766
510 767
510 782
556 483
556 711
556 865
556 886
635 73
635 195
635 454
635 517
635 528
635 573
635 661
635 730
635 760
635 782
766 102
766 124
766 132
766 195
766 272
766 307
766 423
766 429
766 431
766 452
766 454
766 517
766 661
766 730
766 767
766 782
767 102
767 307
767 423
767 431
767 440
767 454
767 517
767 528
767 573
767 661
767 730
767 760
767 782
767 883
782 102
782 132
782 423
782 431
782 454
782 517
782 528
782 573
782 584
782 612
782 661
782 730
782 760
51 562
51 809
51 892
562 169
562 333
562 429
562 728
562 808
562 951
562 965
809 213
809 413
809 446
809 640
809 665
809 677
809 686
809 800
809 817
809 887
809 892
809 895
892 54
892 124
892 239
892 268
892 417
892 437
892 450
892 478
892 491
892 591
892 640
892 665
892 686
892 800
892 842
892 856
892 887
892 895
892 911
52 149
52 719
52 822
149 85
149 636
149 751
719 329
719 561
719 695
719 703
822 69
822 157
822 261
822 400
822 439
822 440
822 620
822 671
822 695
822 703
822 706
53 251
53 906
53 948
251 144
251 750
251 951
251 965
906 170
906 255
906 260
906 263
906 266
906 285
906 355
906 397
906 546
906 568
906 585
906 687
906 727
906 792
906 803
906 830
906 841
906 873
906 876
906 948
948 146
948 242
948 263
948 266
948 285
948 296
948 355
948 397
948 470
948 520
948 525
948 530
948 568
948 582
948 585
948 687
948 727
948 792
948 803
948 830
948 841
948 862
948 873
948 876
948 994
54 78
54 895
78 226
78 693
895 136
895 200
895 268
895 385
895 390
895 413
895 417
895 591
895 609
895 639
895 665
895 686
895 695
895 800
895 842
895 887
55 222
55 842
222 533
222 611
222 844
842 200
842 208
842 332
842 390
842 395
842 417
842 459
842 624
842 665
842 686
842 728
842 800
842 887
696 113
696 133
696 403
696 573
696 652
696 742
696 746
696 881
57 421
57 504
57 574
57 597
57 877
421 455
421 552
421 646
421 852
421 870
504 58
504 468
504 501
504 523
504 728
504 749
504 852
574 113
574 165
574 233
574 323
574 336
574 498
574 666
574 881
597 145
597 552
597 711
597 749
597 765
597 780
597 852
597 877
877 58
877 95
877 159
877 332
877 396
877 453
877 455
877 501
877 523
877 552
877 617
877 684
877 749
877 793
877 852
877 870
877 941
58 82
58 780
82 246
82 353
82 455
82 617
82 780
780 159
780 246
780 455
780 617
780 684
780 711
780 749
780 852
780 870
59 652
652 113
652 313
652 662
652 666
652 742
652 746
652 881
60 200
60 295
60 693
200 591
295 116
295 135
295 571
295 706
295 783
295 790
295 818
693 226
693 283
693 314
693 320
693 354
693 442
693 551
693 760
61 550
61 796
61 883
61 965
550 325
550 399
550 527
550 607
550 611
550 627
550 642
550 723
550 725
796 169
796 300
796 360
796 408
796 549
796 559
796 591
796 728
796 733
796 774
796 808
796 883
796 951
796 965
883 122
883 284
883 306
883 328
883 358
883 388
883 429
883 457
883 464
883 549
883 576
883 733
883 750
883 774
883 808
883 867
883 951
883 965
965 109
965 137
965 144
965 145
965 169
965 178
965 215
965 284
965 300
965 306
965 328
965 388
965 457
965 464
965 549
965 551
965 559
965 637
965 658
965 728
965 733
965 750
965 774
965 808
965 951
62 595
595 407
595 446
595 549
595 628
63 469
63 580
63 706
63 831
63 838
469 692
469 701
469 837
580 66
580 175
580 502
580 513
580 571
580 668
580 702
580 783
580 818
580 838
706 230
706 273
706 513
706 555
706 646
706 668
706 702
706 716
706 783
706 790
706 818
831 166
831 203
831 204
831 262
831 286
831 438
831 488
831 513
831 555
831 569
831 571
831 646
831 668
831 701
831 716
831 783
831 790
831 838
838 204
838 262
838 364
838 467
838 488
838 503
838 513
838 555
838 569
838 571
838 668
838 682
838 702
838 716
838 783
838 790
838 818
64 298
64 452
64 485
64 700
64 867
64 933
298 383
298 441
298 675
298 859
298 867
298 933
452 275
452 383
452 475
452 590
452 596
452 639
452 802
452 867
452 933
485 357
485 441
485 475
485 533
485 658
485 859
485 933
700 162
700 475
700 516
700 577
700 590
700 631
700 658
700 659
700 675
700 689
700 802
700 841
700 867
867 128
867 248
867 275
867 357
867 424
867 441
867 467
867 475
867 516
867 577
867 590
867 658
867 675
867 689
867 723
867 859
867 933
933 142
933 162
933 230
933 337
933 347
933 357
933 383
933 419
933 441
933 475
933 516
933 543
933 577
933 590
933 658
933 659
933 675
933 689
933 802
933 859
65 93
65 789
93 606
789 405
789 497
789 605
789 608
789 622
789 631
789 734
789 748
789 769
66 793
66 890
66 997
793 75
793 112
793 447
793 576
793 674
793 692
793 837
793 875
793 890
793 921
890 112
890 256
890 404
890 424
890 468
890 565
890 642
890 673
890 692
890 701
890 708
890 729
890 788
890 818
890 837
890 850
890 875
890 915
890 921
997 67
997 81
997 92
997 143
997 182
997 205
997 211
997 245
997 269
997 282
997 305
997 331
997 341
997 345
997 353
997 356
997 366
997 370
997 389
997 416
997 472
997 490
997 538
997 545
997 633
997 691
997 710
997 763
997 795
997 798
997 863
997 980
997 984
67 666
67 980
67 984
666 133
666 323
666 350
666 351
666 426
666 746
666 755
666 881
980 81
980 92
980 110
980 143
980 207
980 240
980 245
980 269
980 282
980 286
980 341
980 345
980 350
980 353
980 376
980 397
980 416
980 461
980 472
980 493
980 538
980 542
980 564
980 567
980 592
980 633
980 667
980 710
980 763
980 795
980 798
980 984
984 81
984 92
984 207
984 219
984 240
984 245
984 269
984 305
984 336
984 341
984 345
984 356
984 370
984 376
984 490
984 493
984 503
984 545
984 564
984 567
984 592
984 633
984 667
984 685
984 691
984 692
984 763
984 783
984 787
984 795
984 798
984 911
68 611
68 723
68 823
611 265
611 459
611 527
611 800
611 823
611 827
723 242
723 325
723 537
723 704
723 747
723 823
723 827
823 242
823 264
823 297
823 377
823 604
823 607
823 681
823 685
823 704
823 725
823 747
823 852
69 247
69 647
69 894
247 917
247 969
647 132
647 335
647 362
647 398
647 844
647 886
647 897
647 915
647 969
894 101
894 136
894 202
894 272
894 330
894 448
894 512
894 518
894 540
894 616
894 698
894 756
894 805
894 839
894 840
894 962
70 936
936 87
936 126
936 173
936 192
936 198
936 221
936 232
936 363
936 380
936 436
936 498
936 505
936 515
936 547
936 575
936 676
936 685
936 713
936 784
936 850
936 961
71 535
71 551
71 570
71 590
71 692
535 530
535 551
535 670
535 805
535 839
535 962
551 106
551 272
551 512
551 962
570 136
570 387
570 561
570 642
570 698
570 839
570 865
570 962
590 383
590 577
590 639
590 659
590 802
590 859
692 708
692 837
692 845
692 915
692 921
72 381
72 410
72 435
72 720
72 777
72 922
72 986
381 153
381 237
381 273
381 479
381 536
381 612
381 732
381 740
410 286
410 481
410 629
410 773
410 922
410 941
410 961
410 994
435 638
435 765
435 839
435 893
435 941
435 961
435 986
435 994
720 77
720 198
720 386
720 404
720 624
720 638
720 655
720 764
720 777
720 893
720 941
720 961
720 986
720 994
777 286
777 288
777 532
777 542
777 644
777 655
777 656
777 678
777 738
777 753
777 875
777 884
777 893
777 941
777 961
777 986
777 994
922 76
922 86
922 107
922 160
922 171
922 190
922 244
922 334
922 345
922 351
922 386
922 428
922 461
922 471
922 481
922 494
922 542
922 678
922 681
922 738
922 764
922 773
922 884
922 893
922 941
922 961
922 986
922 994
986 76
986 86
986 107
986 160
986 171
986 190
986 201
986 205
986 207
986 224
986 244
986 279
986 286
986 288
986 351
986 404
986 428
986 461
986 481
986 494
986 496
986 532
986 542
986 624
986 638
986 655
986 678
986 738
986 751
986 753
986 765
986 884
986 893
986 941
986 961
986 994
73 415
415 80
415 348
415 411
415 856
74 751
74 917
74 969
751 120
751 164
751 177
751 601
751 636
751 660
917 160
917 254
917 299
917 409
917 418
917 483
917 508
917 521
917 533
917 543
917 557
917 614
917 651
917 662
917 698
917 710
917 844
917 865
917 886
917 897
917 969
969 254
969 324
969 335
969 362
969 398
969 401
969 418
969 483
969 495
969 508
969 521
969 543
969 614
969 662
969 699
969 844
969 865
969 886
969 897
969 951
75 447
75 921
447 845
447 850
447 863
447 875
921 201
921 210
921 256
921 448
921 450
921 451
921 509
921 565
921 576
921 673
921 788
921 837
921 845
921 850
921 915
76 310
76 678
76 884
76 941
76 994
310 677
678 224
678 404
678 474
678 573
678 727
678 753
678 764
678 765
678 941
678 961
678 994
884 77
884 160
884 190
884 286
884 386
884 428
884 461
884 481
884 496
884 532
884 604
884 624
884 638
884 738
884 744
884 765
884 773
884 840
884 893
884 941
884 961
884 994
941 77
941 171
941 224
941 287
941 288
941 404
941 460
941 461
941 481
941 532
941 542
941 624
941 629
941 638
941 655
941 733
941 738
941 753
941 764
941 765
941 773
941 893
941 961
941 994
994 77
994 86
994 107
994 160
994 171
994 190
994 244
994 286
994 288
994 351
994 368
994 386
994 404
994 428
994 461
994 494
994 496
994 542
994 624
994 638
994 655
994 738
994 744
994 753
994 764
994 765
994 773
994 827
994 893
994 961
77 319
77 738
77 961
319 671
319 688
319 749
319 911
738 86
738 171
738 386
738 461
738 494
738 540
738 734
738 862
738 961
961 86
961 160
961 179
961 224
961 244
961 351
961 404
961 428
961 461
961 481
961 494
961 496
961 532
961 624
961 632
961 638
961 655
961 691
961 753
961 764
961 765
961 824
961 843
961 893
226 354
79 245
79 331
79 343
79 609
79 717
79 940
245 353
331 314
331 560
331 721
331 722
331 781
331 862
331 940
343 193
343 682
343 721
343 722
343 843
343 862
609 414
609 526
609 531
609 663
609 682
609 745
609 843
609 862
609 940
717 123
717 168
717 258
717 325
717 333
717 554
717 560
717 651
717 682
717 781
717 787
717 843
717 862
717 940
940 108
940 111
940 123
940 137
940 168
940 174
940 176
940 258
940 259
940 314
940 333
940 344
940 414
940 434
940 509
940 511
940 531
940 560
940 663
940 682
940 721
940 722
940 745
940 781
940 843
940 862
80 584
80 769
80 813
584 129
584 211
584 420
584 553
584 651
584 826
769 301
769 400
769 471
769 503
769 589
769 618
769 813
769 826
769 856
813 97
813 111
813 301
813 471
813 477
813 586
813 618
813 651
813 675
813 830
813 856
813 859
81 214
214 321
214 390
246 566
246 641
246 729
246 870
353 472
455 177
455 332
455 711
455 729
455 781
455 870
617 95
617 340
617 501
617 523
617 536
617 749
617 781
617 852
83 463
83 476
83 746
83 755
463 167
463 185
463 524
463 742
463 755
463 795
463 881
476 125
476 336
476 742
746 322
746 336
746 366
746 403
746 711
746 742
746 755
746 881
755 165
755 185
755 323
755 465
755 524
755 567
755 742
755 881
135 279
135 289
135 587
279 575
279 581
279 587
315 575
315 587
315 694
85 312
85 526
312 289
312 581
312 587
312 694
526 227
526 626
526 657
86 107
86 586
107 496
107 773
586 354
586 373
586 471
586 477
586 486
87 744
744 303
744 334
744 361
744 594
744 762
744 817
744 825
744 863
744 905
88 451
88 496
88 587
88 632
88 694
451 701
451 845
451 893
496 224
496 494
496 753
496 765
587 140
587 253
587 293
587 325
587 608
632 229
632 253
632 352
632 581
694 140
694 229
694 289
694 352
694 402
694 951
90 263
263 792
263 841
91 313
91 713
91 911
313 688
713 299
713 363
713 481
713 505
713 644
713 685
911 188
911 216
911 231
911 348
911 349
911 402
911 412
911 494
911 506
911 566
911 596
911 625
911 671
911 674
911 677
911 688
911 690
911 726
92 710
710 269
710 345
710 356
710 545
710 567
710 691
710 763
606 474
606 557
606 648
606 689
606 724
606 915
94 571
94 730
94 790
94 818
571 116
571 439
571 702
571 783
571 818
730 102
730 124
730 132
730 423
730 454
730 517
730 607
730 760
730 784
790 116
790 204
790 375
790 386
790 438
790 488
790 565
790 569
790 646
790 668
790 716
790 783
790 818
818 166
818 513
818 569
818 616
818 646
818 668
818 702
818 716
818 783
818 962
95 684
95 711
95 729
95 765
684 396
684 523
684 598
684 641
684 711
684 749
684 803
684 852
684 870
711 729
711 749
711 852
711 870
729 154
729 388
729 468
729 641
729 870
765 288
765 428
765 542
765 624
765 753
765 763
765 764
765 893
96 325
96 527
96 537
96 546
96 756
325 704
325 827
527 607
527 627
527 681
527 747
537 399
537 607
537 615
537 681
546 179
546 607
546 615
546 725
546 733
546 747
546 827
756 269
756 409
756 512
756 656
756 698
756 805
756 839
756 840
97 722
97 826
97 905
722 168
722 258
722 314
722 340
722 434
722 531
722 682
722 721
722 745
722 843
722 862
826 126
826 248
826 256
826 420
826 442
826 471
826 486
826 503
826 589
826 618
826 651
826 856
826 881
905 215
905 217
905 270
905 290
905 318
905 361
905 369
905 379
905 453
905 481
905 500
905 502
905 507
905 525
905 594
905 670
905 762
905 817
905 825
905 863
98 352
98 575
98 581
352 581
352 675
575 140
575 229
575 289
575 293
581 293
581 689
581 708
788 424
788 448
788 482
788 701
788 708
788 837
788 875
788 915
962 101
962 106
962 136
962 235
962 330
962 387
962 465
962 484
962 490
962 512
962 540
962 582
962 616
962 642
962 656
962 670
962 698
962 805
962 830
962 839
962 840
962 843
962 845
101 316
316 158
316 330
316 512
316 540
316 839
102 661
102 760
102 802
661 195
661 423
661 431
661 454
661 517
661 573
661 852
661 875
760 132
760 195
760 307
760 423
760 431
760 517
760 521
760 528
760 573
760 781
802 136
802 162
802 275
802 337
802 347
802 357
802 383
802 475
802 639
802 659
802 859
802 863
103 112
103 281
103 460
103 623
103 732
103 740
112 850
112 915
281 273
281 536
281 633
281 664
281 732
281 740
460 153
460 158
460 273
460 378
460 412
460 623
460 740
623 123
623 158
623 220
623 237
623 273
623 378
623 479
623 612
623 664
623 740
732 148
732 158
732 220
732 273
732 378
732 393
732 412
732 536
732 612
732 664
732 740
740 148
740 237
740 378
740 479
740 536
740 612
740 664
740 915
124 454
124 573
528 195
528 307
528 323
528 454
528 505
528 512
106 594
106 840
594 408
594 762
594 763
594 825
594 863
594 887
840 128
840 168
840 330
840 387
840 465
840 518
840 616
840 656
840 805
840 839
773 286
773 386
773 461
773 481
773 624
773 655
773 753
773 764
773 893
108 176
108 297
108 333
108 781
108 843
108 862
176 531
176 560
176 721
176 781
176 843
297 399
297 607
297 704
297 725
333 509
333 560
333 663
333 843
333 862
781 111
781 168
781 414
781 509
781 620
781 663
781 721
781 728
781 745
781 843
781 862
843 168
843 258
843 259
843 314
843 414
843 443
843 505
843 511
843 682
843 721
843 745
843 862
862 123
862 174
862 314
862 414
862 434
862 509
862 511
862 531
862 560
862 592
862 689
862 745
109 951
951 127
951 137
951 144
951 169
951 215
951 236
951 284
951 300
951 322
951 388
951 429
951 457
951 464
951 549
951 559
951 637
951 728
951 733
951 750
951 774
951 808
110 856
856 248
856 308
856 373
856 442
856 477
856 486
856 553
856 589
856 602
856 651
856 774
111 259
111 414
111 569
259 174
259 472
259 531
259 560
414 441
414 509
414 745
569 305
569 646
569 668
569 703
569 716
569 783
850 334
850 424
850 503
850 565
850 837
850 845
850 875
850 881
850 915
915 256
915 304
915 334
915 448
915 498
915 565
915 576
915 673
915 701
915 708
915 801
915 837
915 845
915 875
113 419
113 881
419 128
419 475
419 516
419 658
419 859
881 129
881 133
881 146
881 165
881 185
881 233
881 403
881 524
881 636
881 677
881 742
114 166
114 599
114 748
114 801
166 555
166 716
166 783
599 182
599 374
599 430
599 473
599 588
599 712
599 748
748 324
748 358
748 359
748 374
748 430
748 588
748 702
748 712
748 801
801 150
801 212
801 288
801 324
801 358
801 359
801 374
801 430
801 473
801 588
801 712
115 444
115 602
115 779
115 786
115 787
115 824
444 255
444 367
444 457
444 610
444 613
444 786
444 787
444 824
602 260
602 367
602 406
602 610
602 613
602 622
602 643
602 779
602 786
602 787
602 824
779 172
779 255
779 260
779 338
779 379
779 382
779 406
779 443
779 515
779 536
779 577
779 610
779 613
779 643
779 786
779 787
779 824
779 893
786 117
786 178
786 255
786 338
786 361
786 367
786 379
786 406
786 443
786 610
786 613
786 643
786 787
786 824
786 839
787 117
787 178
787 255
787 260
787 338
787 382
787 406
787 443
787 610
787 643
787 800
787 824
824 172
824 178
824 255
824 260
824 338
824 367
824 379
824 382
824 406
824 443
824 610
824 613
824 643
824 691
824 817
824 897
116 438
116 488
116 610
116 716
438 142
438 204
438 474
438 702
438 716
438 783
488 403
488 555
488 646
610 117
610 178
610 338
610 379
610 443
610 515
610 613
716 175
716 351
716 555
716 646
716 698
716 702
117 382
117 406
117 431
117 643
382 172
382 260
382 406
382 443
406 643
406 837
431 307
431 517
431 573
431 691
643 338
643 350
643 367
643 379
643 420
643 613
643 663
118 384
118 626
118 699
384 238
384 302
384 657
384 712
626 209
626 302
626 699
626 830
699 120
699 238
699 601
699 639
699 660
699 795
119 277
119 480
119 566
119 671
119 688
480 163
480 553
566 349
566 596
566 640
671 321
671 349
671 690
688 150
688 321
688 554
688 625
688 690
120 225
225 601
225 660
121 863
863 147
863 217
863 267
863 290
863 361
863 369
863 408
863 500
863 507
863 520
863 762
863 817
863 825
122 565
565 525
565 845
123 511
123 682
511 174
511 258
511 434
511 663
511 682
682 314
682 338
682 663
682 745
454 409
454 573
454 601
573 132
573 517
573 808
125 165
125 188
125 403
125 524
125 646
165 305
165 465
188 321
188 625
403 237
403 524
524 290
524 367
524 742
646 204
127 306
306 289
306 774
128 467
128 859
467 275
467 327
467 577
467 639
467 859
859 161
859 162
859 230
859 275
859 347
859 383
859 507
859 516
859 639
859 658
859 689
859 817
129 817
817 181
817 217
817 290
817 301
817 318
817 408
817 453
817 502
817 762
817 825
130 629
629 311
629 348
629 506
629 674
629 690
131 703
131 753
703 329
703 446
703 583
753 386
753 404
753 542
753 615
753 655
753 701
753 764
133 543
543 533
543 897
182 538
182 795
182 798
564 244
564 376
564 774
564 795
564 798
289 852
136 656
656 484
656 540
656 698
656 805
137 559
559 631
559 750
559 774
559 808
138 430
138 784
430 324
430 457
430 473
784 272
784 394
784 593
784 644
784 762
140 170
140 605
170 523
170 830
605 241
605 422
605 844
875 210
875 227
875 424
875 450
875 673
875 701
875 837
142 162
142 383
142 388
142 675
142 689
162 577
162 675
388 733
675 347
675 577
675 639
675 659
689 265
689 275
689 337
689 441
689 639
144 728
728 300
728 457
728 750
728 808
146 742
742 660
147 355
147 762
355 328
355 830
762 318
762 427
762 502
762 825
148 273
148 612
273 612
612 153
612 220
612 378
612 479
612 486
612 532
612 664
636 167
636 601
636 690
150 588
588 473
588 552
151 432
432 724
432 726
153 220
153 412
153 464
153 664
220 479
220 664
412 378
412 479
412 536
412 664
464 808
664 158
664 378
664 536
664 734
664 865
154 468
154 749
468 194
468 501
468 641
468 870
749 159
749 232
749 852
734 241
734 276
734 865
158 479
158 536
158 560
479 237
479 536
479 545
536 237
560 402
560 509
560 745
159 501
159 852
501 332
501 523
501 592
501 870
852 340
852 512
852 523
852 552
852 641
852 870
160 893
893 190
893 224
893 244
893 288
893 386
893 494
893 532
893 542
893 624
893 655
893 673
893 764
893 870
161 265
161 516
161 725
265 604
265 827
516 230
516 639
516 658
725 218
725 242
725 377
725 604
725 747
577 639
164 827
827 179
827 218
827 267
827 411
827 604
827 607
827 615
827 627
827 704
305 763
465 540
465 839
555 262
555 638
555 668
555 702
783 175
783 262
783 482
783 668
167 187
187 660
168 663
663 434
663 509
663 721
663 745
663 792
663 841
169 808
808 328
808 637
808 750
523 198
523 641
523 870
830 687
830 727
830 792
830 803
830 841
830 873
830 876
171 638
171 708
171 764
638 284
638 428
638 532
638 764
708 205
708 837
708 845
764 470
764 481
764 542
764 624
764 876
172 255
172 338
172 420
172 613
172 673
420 308
613 237
613 367
613 379
613 443
613 803
673 334
174 531
174 747
174 750
531 192
531 434
531 436
531 509
531 721
747 264
747 377
747 604
750 328
750 517
750 733
750 774
175 702
702 239
702 513
702 615
721 434
721 437
721 745
721 845
177 227
177 660
660 243
660 657
660 886
178 260
178 379
178 443
260 367
443 583
179 607
607 399
607 616
360 368
360 608
360 792
405 209
405 238
405 422
686 800
686 844
686 887
181 257
257 267
257 422
257 482
538 416
538 633
538 667
795 219
795 490
795 545
795 567
795 667
795 763
798 205
798 218
798 269
798 416
798 473
798 545
798 567
798 667
798 691
484 365
484 805
512 616
512 670
512 839
805 387
805 540
805 727
598 320
598 354
598 393
321 231
321 508
625 311
625 596
625 637
625 674
189 393
189 487
393 287
393 288
487 224
487 283
487 287
487 320
487 677
190 532
190 650
190 695
532 655
650 194
650 234
650 395
650 557
650 648
650 724
695 561
695 620
401 886
193 561
561 372
194 395
194 633
194 726
395 533
395 726
633 207
633 292
633 493
726 278
726 483
726 648
195 423
195 690
423 307
423 618
690 243
690 674
690 763
196 345
196 380
196 505
197 639
639 658
199 303
199 507
199 651
199 825
303 507
303 774
303 825
507 362
507 427
651 364
651 411
651 503
825 267
825 270
825 290
825 318
825 426
825 427
825 502
825 668
591 213
591 887
201 837
837 576
837 657
837 668
837 845
202 307
202 533
202 698
307 517
533 335
533 844
533 897
698 582
698 839
203 284
203 302
203 601
284 733
601 238
601 870
205 763
763 207
763 282
358 712
712 324
712 359
712 374
712 509
712 641
207 212
207 472
207 493
212 841
493 508
493 608
208 329
208 887
887 413
887 417
887 437
887 459
887 478
887 491
887 640
887 665
209 327
209 657
657 416
657 518
211 371
211 553
211 701
371 364
701 845
841 275
841 470
841 530
841 727
841 745
841 792
841 803
841 873
841 876
213 745
745 314
745 870
215 293
215 774
293 253
293 897
774 549
774 637
217 396
396 641
396 870
218 615
218 704
615 264
615 399
615 640
704 399
704 627
704 681
219 886
886 398
886 409
886 418
886 450
886 495
886 614
886 627
886 662
886 844
886 897
844 367
844 400
844 409
844 614
844 865
844 897
223 233
223 876
233 266
876 296
876 397
876 495
876 568
876 585
876 687
876 727
876 792
876 803
876 873
354 283
354 287
339 593
229 253
229 658
658 347
658 490
230 357
230 378
357 659
266 873
234 530
530 873
235 642
235 670
235 800
642 272
642 283
642 330
642 518
800 239
800 369
800 385
800 478
800 491
800 640
236 418
236 474
236 557
418 897
474 365
474 648
557 278
557 648
237 628
628 252
628 344
628 366
628 375
628 644
239 436
240 667
667 370
667 545
667 592
242 497
242 627
497 433
497 622
627 604
627 681
244 351
244 376
351 286
351 542
376 545
641 552
641 870
870 332
870 340
870 552
248 301
301 453
249 498
422 308
482 631
258 792
792 585
792 687
792 803
792 873
261 478
264 681
681 347
681 377
604 377
604 513
873 470
873 520
873 525
873 585
873 676
873 687
873 727
873 803
268 386
268 665
665 589
270 567
567 691
318 408
276 608
608 631
283 506
506 311
506 554
506 596
506 674
733 637
285 618
618 411
618 486
618 589
287 292
287 845
845 448
288 428
521 897
897 335
897 429
897 483
897 495
897 554
897 662
897 865
330 624
330 839
399 589
441 337
441 659
299 304
304 803
300 365
365 724
453 408
453 500
803 320
803 397
803 520
803 525
803 568
803 585
803 727
517 370
308 400
400 442
309 724
724 426
724 583
677 349
677 372
677 554
677 674
311 674
674 402
540 473
839 502
839 518
839 727
317 368
317 389
317 433
317 622
368 687
389 631
322 350
328 659
659 337
659 347
624 341
335 865
865 359
865 362
865 483
865 495
865 582
865 614
865 662
593 374
340 552
552 491
341 592
592 490
592 691
473 359
344 407
347 417
348 402
348 596
349 377
377 369
542 576
356 568
359 500
363 685
685 372
685 515
685 547
364 589
687 644
373 503
545 520
387 614
398 477
477 442
404 494
481 655
427 502
429 637
637 549
691 490
437 640
459 470
470 520
461 655
655 585
668 513
648 518
648 582
483 547
495 662
616 518
644 676
