0 603
0 758
0 778
0 917
0 924
0 959
0 979
603 129
603 232
603 294
603 395
603 508
603 626
603 661
603 675
603 806
603 875
603 911
603 948
603 997
758 215
758 371
758 383
758 435
758 575
758 644
758 650
758 652
758 696
758 717
758 798
758 827
758 835
758 843
758 884
758 900
758 924
758 947
758 948
778 29
778 52
778 116
778 287
778 288
778 322
778 456
778 458
778 500
778 546
778 710
778 753
778 781
778 789
778 845
778 891
778 949
778 963
778 969
917 33
917 48
917 87
917 159
917 229
917 252
917 318
917 328
917 334
917 337
917 341
917 580
917 615
917 621
917 647
917 658
917 672
917 690
917 693
917 732
917 764
917 791
917 796
917 812
917 835
917 870
917 880
917 886
917 892
917 953
917 994
924 143
924 365
924 367
924 383
924 457
924 469
924 576
924 640
924 652
924 706
924 707
924 712
924 727
924 754
924 775
924 815
924 843
924 848
924 855
924 875
924 879
924 885
924 891
924 911
924 914
924 922
924 947
924 948
924 961
924 969
924 977
959 138
959 222
959 303
959 332
959 343
959 412
959 448
959 487
959 492
959 502
959 504
959 565
959 578
959 588
959 596
959 653
959 662
959 666
959 687
959 689
959 701
959 707
959 724
959 757
959 786
959 795
959 800
959 801
959 821
959 841
959 851
959 865
959 903
959 913
959 932
959 940
959 950
959 967
959 982
979 11
979 220
979 255
979 354
979 383
979 388
979 405
979 434
979 440
979 476
979 506
979 516
979 534
979 584
979 609
979 617
979 643
979 645
979 647
979 672
979 674
979 698
979 719
979 741
979 756
979 764
979 781
979 795
979 809
979 826
979 845
979 876
979 879
979 887
979 891
979 923
979 935
979 943
979 944
979 951
979 962
979 974
979 992
1 132
1 687
1 837
1 840
1 864
1 868
1 969
132 146
132 184
132 322
132 348
132 746
132 835
132 947
687 40
687 114
687 157
687 173
687 392
687 448
687 544
687 588
687 675
687 701
687 837
687 851
687 982
687 989
837 108
837 160
837 195
837 199
837 200
837 224
837 248
837 252
837 430
837 467
837 766
837 817
837 826
837 835
837 851
837 897
837 903
837 923
837 933
837 976
837 987
837 990
840 12
840 72
840 112
840 145
840 161
840 170
840 233
840 236
840 299
840 448
840 706
840 793
840 803
840 804
840 809
840 828
840 859
840 900
840 930
840 945
840 953
840 961
840 963
840 970
864 28
864 220
864 314
864 361
864 486
864 525
864 602
864 605
864 609
864 630
864 718
864 743
864 794
864 828
864 853
864 881
864 886
864 905
864 907
864 928
864 930
864 935
864 942
864 953
864 963
864 984
868 161
868 211
868 226
868 236
868 273
868 315
868 349
868 352
868 374
868 383
868 449
868 525
868 639
868 648
868 663
868 676
868 695
868 768
868 793
868 807
868 849
868 855
868 900
868 942
868 945
868 963
868 984
969 94
969 112
969 121
969 195
969 219
969 294
969 339
969 462
969 467
969 502
969 517
969 523
969 571
969 584
969 600
969 607
969 645
969 709
969 733
969 747
969 759
969 764
969 796
969 814
969 826
969 858
969 859
969 882
969 899
969 903
969 937
969 966
969 973
969 976
969 980
969 984
969 985
969 993
969 994
2 35
2 167
2 479
2 622
2 833
2 909
2 933
35 170
35 426
35 542
35 919
35 933
35 993
167 737
167 744
167 859
167 955
167 965
167 970
167 985
479 194
479 435
479 585
479 630
479 673
479 728
479 752
479 838
479 913
479 952
622 148
622 179
622 503
622 532
622 582
622 667
622 734
622 746
622 838
622 845
622 890
622 895
622 967
833 5
833 12
833 130
833 159
833 251
833 272
833 344
833 400
833 402
833 563
833 641
833 645
833 717
833 739
833 787
833 793
833 854
833 862
833 897
833 906
833 956
833 975
833 996
909 22
909 24
909 112
909 142
909 262
909 333
909 360
909 373
909 426
909 428
909 594
909 624
909 661
909 708
909 750
909 785
909 811
909 816
909 820
909 824
909 842
909 852
909 871
909 899
909 914
909 929
909 936
909 948
909 970
909 995
933 34
933 65
933 86
933 118
933 119
933 138
933 188
933 351
933 360
933 364
933 367
933 426
933 566
933 580
933 586
933 611
933 738
933 745
933 779
933 814
933 823
933 827
933 830
933 839
933 897
933 938
933 953
933 967
933 972
933 976
933 991
3 94
3 482
3 691
3 762
3 786
3 926
3 932
94 777
94 867
94 937
94 988
94 992
482 7
482 82
482 192
482 426
482 664
482 673
482 697
482 713
482 761
482 844
691 257
691 343
691 356
691 389
691 626
691 662
691 832
691 843
691 848
691 882
691 908
691 926
691 945
691 974
691 995
762 76
762 88
762 224
762 270
762 509
762 518
762 576
762 672
762 717
762 728
762 742
762 841
762 843
762 926
762 929
762 941
762 952
762 984
762 995
786 50
786 176
786 263
786 285
786 542
786 555
786 604
786 619
786 626
786 781
786 798
786 831
786 862
786 908
786 968
786 972
786 976
786 986
786 990
926 18
926 60
926 154
926 218
926 257
926 300
926 305
926 346
926 412
926 425
926 430
926 439
926 543
926 577
926 588
926 631
926 672
926 680
926 709
926 719
926 723
926 749
926 817
926 880
926 901
926 929
926 955
926 966
926 986
926 995
932 18
932 106
932 123
932 187
932 237
932 239
932 332
932 438
932 532
932 563
932 613
932 624
932 672
932 679
932 694
932 700
932 741
932 747
932 845
932 867
932 872
932 876
932 880
932 889
932 890
932 922
932 934
932 957
932 973
932 982
932 984
932 991
4 158
4 241
4 420
4 507
4 653
4 974
4 980
158 10
158 185
158 612
158 736
158 831
158 938
158 946
241 215
241 253
241 406
241 749
241 773
241 912
241 956
420 281
420 655
420 659
420 702
420 789
420 848
420 961
420 973
420 993
507 69
507 258
507 430
507 560
507 712
507 726
507 810
507 836
507 865
507 934
507 974
653 25
653 61
653 92
653 205
653 278
653 393
653 601
653 663
653 720
653 841
653 845
653 898
653 981
974 43
974 69
974 115
974 133
974 135
974 194
974 227
974 239
974 251
974 258
974 266
974 310
974 360
974 430
974 473
974 528
974 549
974 552
974 567
974 580
974 680
974 706
974 754
974 779
974 780
974 793
974 852
974 883
974 888
974 896
974 903
974 908
974 939
974 944
974 960
974 965
974 972
974 987
974 999
980 7
980 8
980 105
980 121
980 150
980 151
980 209
980 221
980 279
980 322
980 424
980 429
980 438
980 452
980 454
980 484
980 502
980 525
980 560
980 582
980 592
980 595
980 614
980 627
980 641
980 650
980 664
980 701
980 733
980 746
980 760
980 761
980 783
980 788
980 802
980 822
980 832
980 838
980 853
980 856
980 941
980 945
5 192
5 331
5 343
5 719
5 739
5 992
192 309
192 457
192 509
192 887
192 901
192 992
331 101
331 191
331 267
331 442
331 677
331 830
331 839
331 986
343 138
343 492
343 582
343 623
343 717
343 904
719 66
719 234
719 436
719 461
719 512
719 681
719 697
719 739
719 740
719 742
719 831
719 897
719 919
719 930
739 25
739 79
739 217
739 326
739 376
739 441
739 524
739 577
739 631
739 743
739 783
739 787
739 810
739 854
739 890
739 984
992 27
992 70
992 93
992 228
992 267
992 315
992 323
992 326
992 338
992 375
992 386
992 456
992 460
992 466
992 532
992 536
992 545
992 566
992 575
992 588
992 591
992 647
992 658
992 674
992 738
992 770
992 780
992 846
992 855
992 859
992 860
992 863
992 865
992 867
992 902
992 929
992 936
992 940
992 946
992 962
992 973
992 986
992 987
992 997
6 195
6 249
6 335
6 728
6 923
6 937
6 993
195 22
195 117
195 709
195 823
195 930
249 238
249 382
249 477
249 522
249 645
249 713
249 956
335 133
335 431
335 487
335 606
335 857
335 896
335 996
335 998
728 73
728 105
728 250
728 309
728 417
728 667
728 702
728 744
728 756
728 848
728 858
728 885
728 938
728 956
728 993
923 265
923 287
923 299
923 301
923 384
923 428
923 437
923 500
923 502
923 537
923 568
923 645
923 680
923 721
923 727
923 737
923 765
923 802
923 849
923 899
923 941
923 946
923 955
923 965
923 970
923 971
923 973
923 977
923 991
923 994
937 22
937 23
937 106
937 168
937 215
937 237
937 251
937 463
937 467
937 520
937 556
937 587
937 618
937 633
937 637
937 714
937 722
937 766
937 771
937 787
937 792
937 838
937 850
937 896
937 906
937 916
937 920
937 955
937 965
937 976
937 977
937 989
993 24
993 93
993 153
993 191
993 225
993 250
993 355
993 396
993 465
993 467
993 473
993 480
993 522
993 546
993 584
993 592
993 617
993 631
993 650
993 655
993 669
993 677
993 702
993 734
993 736
993 756
993 796
993 809
993 848
993 855
993 860
993 898
993 902
993 908
993 910
993 915
993 951
993 956
993 961
993 968
993 970
993 986
993 990
7 554
7 832
7 858
7 888
7 921
554 172
554 391
554 462
554 477
554 757
554 766
554 774
554 811
554 832
554 912
554 983
554 984
832 8
832 284
832 286
832 320
832 332
832 475
832 595
832 673
832 699
832 713
832 735
832 788
832 802
832 838
832 857
832 869
832 877
832 965
832 967
832 987
858 11
858 116
858 243
858 247
858 453
858 459
858 473
858 489
858 553
858 647
858 665
858 714
858 764
858 788
858 841
858 845
858 870
858 871
858 876
858 887
858 891
858 948
858 952
858 987
888 155
888 208
888 246
888 305
888 310
888 363
888 427
888 508
888 606
888 648
888 649
888 727
888 751
888 771
888 808
888 828
888 846
888 901
888 903
888 944
888 958
888 962
888 982
888 984
888 985
888 997
888 999
921 44
921 91
921 191
921 287
921 332
921 433
921 464
921 497
921 510
921 524
921 563
921 617
921 626
921 715
921 741
921 747
921 750
921 815
921 819
921 829
921 870
921 889
921 897
921 948
921 957
921 960
921 966
921 971
921 982
921 987
921 990
8 701
8 712
8 784
8 807
8 865
701 95
701 111
701 437
701 461
701 487
701 488
701 504
701 547
701 565
701 578
701 814
701 856
701 970
712 61
712 500
712 510
712 560
712 582
712 602
712 733
712 741
712 746
712 863
712 920
712 925
712 931
712 989
784 38
784 41
784 252
784 272
784 456
784 470
784 511
784 538
784 542
784 605
784 627
784 714
784 720
784 849
784 874
784 897
784 943
784 954
784 956
784 994
807 98
807 193
807 219
807 324
807 328
807 339
807 358
807 380
807 419
807 437
807 506
807 598
807 640
807 668
807 677
807 685
807 777
807 799
807 879
807 907
807 948
865 129
865 180
865 413
865 464
865 563
865 579
865 673
865 682
865 703
865 708
865 711
865 715
865 747
865 760
865 791
865 863
865 889
865 944
865 948
865 957
865 966
865 967
865 973
9 82
9 312
9 548
9 754
9 871
9 905
9 941
82 153
82 274
82 277
82 899
82 970
312 65
312 99
312 100
312 180
312 537
312 853
312 873
312 976
548 373
548 509
548 640
548 711
548 726
548 785
548 871
548 880
548 898
548 946
548 990
754 212
754 247
754 263
754 336
754 383
754 390
754 444
754 531
754 609
754 659
754 696
754 753
754 843
754 901
754 902
754 948
871 222
871 227
871 239
871 349
871 407
871 515
871 538
871 595
871 649
871 755
871 779
871 785
871 790
871 814
871 816
871 828
871 842
871 896
871 899
871 914
871 915
871 970
871 987
871 999
905 106
905 127
905 234
905 237
905 267
905 399
905 415
905 503
905 546
905 569
905 591
905 596
905 644
905 661
905 700
905 752
905 796
905 819
905 828
905 855
905 860
905 872
905 895
905 902
905 913
905 920
905 946
905 997
941 85
941 269
941 371
941 408
941 452
941 501
941 511
941 529
941 585
941 654
941 684
941 715
941 720
941 731
941 748
941 775
941 792
941 830
941 859
941 867
941 877
941 906
941 913
941 936
941 942
941 952
941 956
941 966
941 977
941 991
941 997
941 998
10 162
10 569
10 789
10 860
10 920
10 998
162 425
162 724
162 788
162 856
162 929
162 989
162 995
569 183
569 441
569 464
569 816
569 841
569 902
569 912
569 936
569 942
569 946
569 997
789 29
789 176
789 233
789 349
789 385
789 402
789 413
789 434
789 456
789 670
789 677
789 734
789 753
789 770
789 835
789 942
789 944
789 947
860 55
860 91
860 122
860 127
860 179
860 323
860 376
860 385
860 423
860 495
860 589
860 591
860 665
860 744
860 814
860 867
860 882
860 883
860 902
860 920
860 942
860 952
860 988
920 173
920 245
920 338
920 357
920 456
920 478
920 532
920 635
920 658
920 733
920 772
920 790
920 794
920 817
920 834
920 850
920 855
920 883
920 890
920 900
920 928
920 940
920 946
920 963
920 988
920 994
920 997
998 46
998 88
998 114
998 169
998 176
998 197
998 227
998 269
998 311
998 357
998 391
998 430
998 451
998 487
998 511
998 593
998 606
998 610
998 676
998 681
998 688
998 722
998 760
998 766
998 769
998 773
998 823
998 831
998 834
998 848
998 852
998 856
998 857
998 863
998 887
998 907
998 930
998 945
998 950
998 960
998 963
998 965
998 973
998 983
998 991
998 996
998 997
11 113
11 695
11 892
11 943
11 984
113 92
113 539
113 565
113 867
113 940
113 988
695 47
695 144
695 382
695 442
695 559
695 562
695 601
695 680
695 731
695 769
695 829
695 878
695 904
695 919
695 986
892 23
892 186
892 295
892 372
892 377
892 388
892 616
892 682
892 764
892 800
892 814
892 815
892 848
892 857
892 878
892 894
892 895
892 908
892 922
892 935
892 948
892 961
892 967
892 972
892 986
892 990
892 999
943 165
943 181
943 256
943 297
943 354
943 365
943 380
943 388
943 421
943 438
943 440
943 461
943 511
943 526
943 536
943 597
943 635
943 665
943 674
943 692
943 731
943 760
943 811
943 822
943 887
943 891
943 904
943 925
943 939
943 951
943 978
943 984
943 989
984 24
984 38
984 44
984 123
984 140
984 157
984 285
984 286
984 290
984 466
984 477
984 485
984 487
984 491
984 573
984 588
984 601
984 605
984 611
984 612
984 648
984 666
984 677
984 680
984 740
984 774
984 825
984 852
984 862
984 878
984 886
984 904
984 912
984 927
984 939
984 977
12 165
12 460
12 718
12 835
12 975
165 230
165 443
165 486
165 830
165 919
165 966
460 42
460 307
460 441
460 489
460 532
460 580
460 794
460 954
460 988
718 116
718 122
718 128
718 295
718 376
718 436
718 531
718 579
718 595
718 674
718 708
718 854
718 962
718 975
718 978
835 89
835 349
835 372
835 413
835 428
835 546
835 564
835 585
835 613
835 753
835 756
835 760
835 906
835 908
835 925
835 947
835 951
835 976
975 13
975 51
975 183
975 184
975 205
975 226
975 239
975 286
975 317
975 328
975 344
975 407
975 430
975 435
975 436
975 447
975 501
975 511
975 578
975 597
975 604
975 688
975 697
975 720
975 768
975 783
975 796
975 806
975 822
975 825
975 831
975 852
975 875
975 879
975 890
975 891
975 914
975 925
975 967
975 991
13 231
13 506
13 577
13 640
13 790
13 907
231 220
231 745
231 819
231 830
231 870
231 925
231 938
506 135
506 140
506 144
506 378
506 490
506 730
506 855
506 904
506 918
577 269
577 367
577 742
577 748
577 856
577 904
577 929
577 951
577 952
577 995
640 209
640 379
640 500
640 598
640 769
640 777
640 830
640 894
640 906
640 907
640 973
790 90
790 127
790 213
790 345
790 373
790 412
790 414
790 515
790 570
790 686
790 699
790 726
790 755
790 767
790 785
790 906
790 970
790 986
907 29
907 211
907 362
907 427
907 437
907 469
907 472
907 541
907 542
907 572
907 598
907 614
907 627
907 660
907 670
907 677
907 685
907 703
907 777
907 806
907 850
907 893
907 925
907 936
907 946
907 994
14 108
14 520
14 567
14 732
14 946
14 957
14 982
108 42
108 77
108 164
108 210
108 911
520 174
520 275
520 299
520 708
520 749
520 861
520 866
520 885
520 957
520 982
567 221
567 251
567 401
567 404
567 441
567 455
567 527
567 583
567 793
567 852
567 930
732 95
732 116
732 183
732 330
732 358
732 455
732 559
732 566
732 671
732 766
732 796
732 922
732 936
732 949
732 964
732 986
946 39
946 133
946 141
946 188
946 325
946 357
946 515
946 545
946 564
946 658
946 724
946 733
946 740
946 780
946 794
946 878
946 895
946 902
946 912
946 925
946 940
946 952
946 955
946 964
946 966
946 977
946 997
957 187
957 247
957 323
957 489
957 493
957 530
957 535
957 538
957 618
957 624
957 639
957 654
957 679
957 696
957 708
957 747
957 757
957 788
957 793
957 823
957 834
957 849
957 869
957 883
957 889
957 930
957 954
957 955
957 966
957 971
957 982
957 988
957 996
982 68
982 156
982 217
982 237
982 259
982 287
982 311
982 315
982 356
982 380
982 421
982 480
982 535
982 536
982 563
982 618
982 655
982 708
982 715
982 729
982 760
982 772
982 775
982 788
982 791
982 803
982 813
982 829
982 854
982 856
982 884
982 894
982 951
982 952
982 966
982 973
982 988
15 245
15 524
15 851
15 863
15 881
15 893
15 952
245 134
245 465
245 692
245 810
245 820
245 879
524 235
524 303
524 678
524 738
524 843
524 844
524 927
524 949
524 985
851 17
851 37
851 214
851 256
851 340
851 392
851 492
851 565
851 573
851 581
851 666
851 753
851 759
851 763
851 800
851 801
851 846
851 857
851 893
851 935
851 967
851 995
863 37
863 76
863 95
863 130
863 260
863 377
863 440
863 459
863 517
863 581
863 635
863 665
863 698
863 704
863 727
863 810
863 844
863 872
863 879
863 881
863 893
863 935
881 172
881 281
881 297
881 422
881 450
881 525
881 545
881 594
881 617
881 633
881 637
881 724
881 726
881 743
881 828
881 861
881 886
881 900
881 914
881 927
881 928
881 942
881 953
881 987
881 991
893 95
893 270
893 293
893 304
893 379
893 405
893 443
893 459
893 505
893 586
893 587
893 590
893 655
893 669
893 704
893 706
893 707
893 755
893 767
893 776
893 793
893 872
893 898
893 942
893 970
952 74
952 104
952 131
952 203
952 279
952 361
952 371
952 401
952 432
952 504
952 528
952 590
952 630
952 686
952 705
952 746
952 752
952 775
952 792
952 820
952 846
952 859
952 866
952 877
952 899
952 902
952 914
952 977
16 444
16 572
16 629
16 693
16 797
16 964
16 986
444 71
444 470
444 553
444 696
444 812
444 885
444 930
444 953
444 999
572 263
572 346
572 359
572 374
572 663
572 668
572 671
572 817
572 841
572 850
572 976
629 166
629 214
629 313
629 374
629 392
629 474
629 659
629 797
629 804
629 815
629 931
629 967
629 976
693 137
693 159
693 269
693 313
693 382
693 428
693 474
693 533
693 670
693 804
693 826
693 883
693 938
693 976
797 152
797 163
797 164
797 308
797 391
797 452
797 481
797 529
797 630
797 684
797 686
797 745
797 813
797 859
797 872
797 877
797 936
797 938
797 989
797 994
964 58
964 147
964 173
964 230
964 238
964 242
964 260
964 268
964 275
964 372
964 424
964 454
964 455
964 543
964 550
964 559
964 592
964 613
964 654
964 671
964 749
964 755
964 800
964 844
964 869
964 878
964 885
964 887
964 915
964 927
964 936
964 945
964 948
964 972
964 985
964 990
964 991
964 996
986 50
986 56
986 84
986 170
986 243
986 339
986 357
986 366
986 394
986 450
986 497
986 561
986 590
986 610
986 616
986 632
986 649
986 686
986 688
986 707
986 723
986 743
986 809
986 815
986 824
986 834
986 845
986 847
986 899
986 908
986 948
986 961
986 966
986 968
986 990
986 997
986 999
17 488
17 586
17 666
17 684
17 811
17 882
488 118
488 494
488 504
488 588
488 630
488 666
488 667
488 697
488 773
586 152
586 347
586 459
586 573
586 575
586 771
586 776
586 872
586 910
586 915
666 78
666 138
666 154
666 222
666 391
666 588
666 619
666 649
666 897
666 912
666 938
684 302
684 543
684 709
684 743
684 748
684 752
684 803
684 859
684 876
684 897
684 913
684 919
684 954
811 51
811 109
811 144
811 181
811 318
811 347
811 355
811 378
811 466
811 490
811 536
811 696
811 735
811 836
811 880
811 912
811 929
811 953
811 978
882 78
882 90
882 180
882 228
882 255
882 296
882 302
882 389
882 417
882 485
882 527
882 575
882 638
882 697
882 700
882 721
882 809
882 815
882 816
882 873
882 916
882 942
882 958
882 978
18 164
18 656
18 848
18 856
18 978
164 332
164 387
164 425
164 922
164 945
656 250
656 377
656 388
656 549
656 551
656 556
656 749
656 813
656 847
656 853
656 898
656 904
656 938
656 944
848 153
848 182
848 290
848 291
848 463
848 504
848 573
848 587
848 588
848 614
848 655
848 669
848 809
848 816
848 918
848 956
848 960
856 75
856 86
856 143
856 168
856 324
856 356
856 382
856 523
856 534
856 539
856 626
856 632
856 662
856 742
856 771
856 903
856 927
856 929
856 983
978 30
978 63
978 98
978 117
978 140
978 207
978 240
978 277
978 316
978 381
978 453
978 470
978 476
978 512
978 579
978 581
978 587
978 608
978 657
978 662
978 668
978 675
978 734
978 748
978 779
978 804
978 822
978 824
978 844
978 847
978 861
978 906
978 922
978 939
978 953
978 965
978 983
978 989
19 639
19 644
19 683
19 763
19 879
19 919
19 983
639 201
639 387
639 433
639 593
639 705
639 773
639 795
639 823
639 904
639 919
639 960
639 972
644 34
644 253
644 279
644 357
644 445
644 593
644 773
644 795
644 861
644 866
644 891
644 999
683 83
683 222
683 432
683 452
683 495
683 630
683 665
683 675
683 788
683 806
683 825
683 827
683 940
683 963
683 971
763 190
763 232
763 338
763 419
763 615
763 671
763 709
763 749
763 757
763 869
763 873
763 876
763 901
763 914
763 916
763 970
763 972
763 997
879 30
879 74
879 141
879 294
879 295
879 348
879 511
879 530
879 573
879 575
879 635
879 643
879 706
879 714
879 767
879 776
879 802
879 891
879 903
879 928
879 999
919 34
919 105
919 131
919 148
919 178
919 205
919 244
919 345
919 395
919 406
919 433
919 443
919 474
919 486
919 516
919 547
919 581
919 593
919 700
919 716
919 883
919 894
919 927
919 966
919 973
983 36
983 48
983 58
983 96
983 128
983 190
983 207
983 224
983 243
983 277
983 290
983 329
983 348
983 353
983 385
983 408
983 495
983 518
983 606
983 608
983 641
983 707
983 716
983 723
983 759
983 779
983 785
983 822
983 844
983 847
983 853
983 861
983 862
983 875
983 884
983 906
983 908
983 939
983 948
983 990
20 171
20 664
20 761
20 788
20 829
20 896
20 935
171 79
171 585
171 781
171 954
171 961
171 968
171 999
664 45
664 57
664 80
664 354
664 387
664 391
664 409
664 642
664 793
664 853
664 904
664 967
761 283
761 284
761 389
761 456
761 589
761 602
761 627
761 636
761 657
761 679
761 713
761 715
761 799
761 844
761 911
761 931
761 947
788 259
788 274
788 291
788 370
788 429
788 462
788 764
788 898
788 899
788 930
788 944
788 948
788 967
829 394
829 398
829 480
829 505
829 604
829 624
829 635
829 715
829 755
829 760
829 766
829 780
829 812
829 821
829 870
829 876
829 889
829 966
829 973
829 977
896 99
896 154
896 298
896 390
896 464
896 576
896 582
896 589
896 599
896 679
896 722
896 727
896 729
896 743
896 838
896 842
896 843
896 875
896 884
896 885
896 901
896 911
896 958
896 961
935 58
935 186
935 189
935 243
935 291
935 295
935 338
935 604
935 617
935 661
935 673
935 696
935 705
935 711
935 730
935 782
935 815
935 824
935 857
935 862
935 901
935 931
935 936
935 960
935 961
935 971
935 988
935 999
21 412
21 493
21 511
21 675
21 824
21 925
21 985
412 188
412 374
412 409
412 566
412 615
412 782
493 126
493 243
493 268
493 478
493 550
493 736
493 747
493 956
493 985
511 25
511 302
511 356
511 386
511 608
675 96
675 368
675 415
675 579
675 608
675 748
675 779
675 783
675 847
675 875
675 989
824 91
824 260
824 298
824 397
824 529
824 568
824 610
824 625
824 628
824 632
824 697
824 705
824 730
824 890
824 908
824 911
824 990
824 994
824 999
925 97
925 324
925 408
925 418
925 437
925 472
925 541
925 561
925 598
925 618
925 638
925 652
925 685
925 720
925 777
925 799
925 825
925 827
925 830
925 857
925 891
925 895
925 960
925 971
925 972
985 145
985 161
985 198
985 206
985 262
985 268
985 347
985 396
985 424
985 426
985 461
985 466
985 494
985 503
985 505
985 522
985 550
985 558
985 559
985 561
985 632
985 659
985 663
985 671
985 674
985 700
985 720
985 733
985 779
985 796
985 804
985 844
985 861
985 869
985 886
985 939
985 947
985 966
985 991
985 994
22 234
22 960
22 962
22 976
234 503
234 645
234 671
234 836
234 971
960 59
960 72
960 91
960 229
960 300
960 394
960 453
960 470
960 494
960 512
960 518
960 538
960 542
960 600
960 649
960 651
960 663
960 714
960 726
960 727
960 731
960 798
960 805
960 812
960 853
960 874
960 887
960 918
960 930
960 954
960 965
960 971
962 120
962 140
962 155
962 201
962 246
962 271
962 273
962 280
962 363
962 366
962 394
962 401
962 427
962 441
962 483
962 508
962 509
962 526
962 637
962 660
962 671
962 725
962 729
962 752
962 768
962 791
962 801
962 808
962 815
962 875
962 927
962 940
962 944
962 971
962 990
962 999
976 64
976 80
976 173
976 219
976 252
976 273
976 437
976 443
976 467
976 476
976 523
976 571
976 598
976 600
976 607
976 633
976 667
976 672
976 673
976 710
976 767
976 787
976 808
976 814
976 817
976 850
976 890
976 912
976 918
976 936
976 951
976 972
23 60
23 181
23 230
23 617
23 891
60 76
60 355
60 913
60 950
60 995
181 354
181 442
181 491
181 651
181 844
230 41
230 509
230 590
230 730
230 731
617 334
617 423
617 497
617 588
617 610
617 743
617 961
617 999
891 255
891 354
891 384
891 473
891 483
891 553
891 660
891 667
891 674
891 764
891 792
891 844
891 845
891 876
891 885
891 951
891 954
891 977
891 988
24 510
24 899
24 955
24 970
510 327
510 361
510 364
510 539
510 624
510 725
510 889
510 968
510 997
899 187
899 323
899 345
899 353
899 410
899 411
899 570
899 726
899 750
899 774
899 785
899 806
899 816
899 862
899 866
899 867
899 883
899 918
899 934
899 951
899 970
955 52
955 62
955 153
955 184
955 333
955 350
955 414
955 496
955 502
955 517
955 579
955 643
955 672
955 721
955 737
955 744
955 765
955 802
955 830
955 836
955 849
955 866
955 902
955 927
955 931
955 942
955 965
955 971
955 977
955 981
955 990
970 142
970 174
970 263
970 271
970 296
970 315
970 322
970 337
970 390
970 486
970 570
970 598
970 699
970 726
970 750
970 755
970 776
970 782
970 785
970 816
970 842
970 900
970 914
970 922
970 927
970 944
970 950
970 972
970 995
25 302
25 802
25 902
25 996
302 30
302 447
302 667
302 738
302 996
802 70
802 314
802 431
802 451
802 555
802 698
802 742
802 765
802 812
802 813
802 836
802 853
802 903
802 965
802 971
802 977
902 133
902 180
902 221
902 277
902 294
902 515
902 525
902 532
902 596
902 636
902 734
902 791
902 803
902 819
902 838
902 867
902 876
902 940
902 973
902 991
996 30
996 43
996 169
996 193
996 217
996 227
996 282
996 334
996 345
996 391
996 436
996 451
996 484
996 486
996 490
996 505
996 515
996 531
996 560
996 561
996 573
996 631
996 676
996 681
996 685
996 704
996 766
996 770
996 781
996 792
996 808
996 834
996 845
996 857
996 878
996 885
996 889
996 908
996 930
996 950
996 956
996 991
26 333
26 417
26 557
26 738
26 936
26 997
26 999
333 425
333 536
333 632
333 744
333 766
333 997
417 445
417 621
417 880
417 914
417 939
417 958
417 994
557 78
557 286
557 385
557 405
557 463
557 551
557 698
557 745
557 813
557 910
557 938
557 999
738 214
738 281
738 454
738 489
738 805
738 808
738 820
738 842
738 847
738 850
738 889
738 927
738 954
738 981
936 36
936 126
936 196
936 212
936 301
936 323
936 326
936 423
936 519
936 545
936 570
936 630
936 779
936 780
936 794
936 846
936 915
936 922
936 940
936 950
936 968
936 988
936 997
997 27
997 58
997 66
997 127
997 130
997 133
997 196
997 317
997 342
997 372
997 395
997 423
997 436
997 518
997 564
997 594
997 596
997 646
997 652
997 670
997 690
997 697
997 717
997 775
997 780
997 794
997 817
997 819
997 838
997 861
997 922
997 940
997 947
997 999
999 56
999 223
999 366
999 369
999 416
999 432
999 442
999 529
999 562
999 568
999 613
999 623
999 662
999 682
999 705
999 706
999 730
999 748
999 760
999 770
999 781
999 791
999 808
999 815
999 822
999 828
999 859
999 862
999 908
999 916
999 938
999 956
999 961
999 990
27 32
27 541
27 767
27 870
27 994
32 186
32 530
32 870
32 929
32 987
32 994
541 54
541 88
541 200
541 271
541 368
541 404
541 747
541 799
541 830
767 74
767 260
767 354
767 370
767 475
767 530
767 686
767 706
767 776
767 822
767 846
767 872
767 876
767 898
767 912
870 51
870 73
870 122
870 138
870 160
870 244
870 268
870 284
870 292
870 341
870 342
870 403
870 413
870 445
870 465
870 580
870 621
870 904
870 930
870 948
870 994
994 33
994 48
994 51
994 73
994 87
994 148
994 159
994 169
994 202
994 208
994 267
994 292
994 341
994 353
994 358
994 427
994 445
994 487
994 549
994 574
994 580
994 621
994 634
994 702
994 727
994 741
994 783
994 795
994 822
994 839
994 855
994 880
994 908
994 934
994 942
28 43
28 397
28 480
28 559
28 735
28 968
43 583
43 843
43 852
43 867
397 529
397 564
397 815
397 828
397 886
397 947
397 958
397 963
480 148
480 275
480 366
480 446
480 646
480 694
480 966
559 355
559 737
559 831
559 859
559 869
559 894
559 897
559 991
735 63
735 66
735 207
735 275
735 558
735 605
735 610
735 665
735 682
735 717
735 862
735 895
735 908
735 968
735 990
968 56
968 124
968 156
968 176
968 270
968 281
968 416
968 467
968 560
968 581
968 599
968 606
968 610
968 615
968 625
968 645
968 659
968 707
968 722
968 724
968 750
968 752
968 760
968 815
968 818
968 862
968 874
968 875
968 880
968 895
968 908
968 961
968 990
968 995
29 446
29 517
29 849
29 873
446 96
446 124
446 248
446 655
446 705
446 753
446 815
446 861
446 947
517 155
517 197
517 380
517 723
517 814
517 866
517 898
517 989
849 170
849 293
849 423
849 496
849 547
849 555
849 660
849 765
849 812
849 842
849 878
849 884
849 910
849 931
849 953
849 965
849 971
849 981
849 989
849 995
873 72
873 90
873 180
873 193
873 268
873 401
873 449
873 454
873 472
873 496
873 500
873 501
873 597
873 733
873 746
873 751
873 768
873 854
873 857
873 862
873 875
873 894
873 916
873 958
30 71
30 681
30 927
71 661
71 768
71 843
71 854
71 942
681 105
681 208
681 301
681 416
681 442
681 624
681 631
681 769
681 771
681 772
681 950
681 967
927 107
927 176
927 238
927 281
927 282
927 283
927 336
927 348
927 358
927 373
927 468
927 481
927 499
927 589
927 678
927 744
927 770
927 785
927 898
927 901
927 903
927 981
31 123
31 499
31 598
31 602
31 757
31 945
31 989
123 224
123 403
123 535
123 913
499 44
499 173
499 360
499 472
499 537
499 820
499 825
499 938
499 981
598 125
598 348
598 799
598 877
598 885
598 934
602 46
602 469
602 614
602 734
602 843
602 942
602 953
602 958
602 963
602 995
757 198
757 264
757 380
757 514
757 619
757 650
757 671
757 749
757 750
757 805
757 901
757 934
757 963
757 965
757 972
945 33
945 110
945 124
945 179
945 236
945 258
945 292
945 418
945 422
945 466
945 500
945 573
945 574
945 614
945 707
945 740
945 743
945 744
945 759
945 793
945 828
945 850
945 885
945 886
945 900
945 929
945 942
945 953
989 106
989 130
989 160
989 217
989 228
989 285
989 364
989 414
989 447
989 474
989 523
989 537
989 571
989 587
989 607
989 615
989 649
989 652
989 660
989 692
989 722
989 723
989 727
989 742
989 771
989 772
989 787
989 814
989 817
989 847
989 852
989 854
989 918
989 928
989 949
989 987
989 995
186 120
186 280
186 324
186 766
186 961
530 121
530 497
530 501
530 708
530 800
530 810
530 872
530 947
929 75
929 143
929 151
929 168
929 182
929 270
929 291
929 306
929 449
929 531
929 532
929 573
929 627
929 662
929 672
929 737
929 741
929 742
929 814
929 839
929 953
929 973
929 990
987 55
987 120
987 215
987 228
987 273
987 407
987 425
987 449
987 453
987 467
987 523
987 533
987 537
987 547
987 584
987 596
987 600
987 623
987 637
987 671
987 692
987 696
987 722
987 742
987 744
987 774
987 801
987 804
987 814
987 817
987 820
987 850
987 855
987 890
987 903
987 908
987 918
33 347
33 724
33 880
33 954
347 369
347 477
347 544
347 825
347 904
724 306
724 450
724 525
724 633
724 690
724 743
724 883
724 903
724 904
724 942
724 953
724 961
880 41
880 73
880 87
880 141
880 258
880 292
880 328
880 341
880 399
880 528
880 568
880 575
880 580
880 621
880 680
880 726
880 771
880 783
880 818
954 59
954 91
954 140
954 229
954 268
954 388
954 394
954 408
954 434
954 452
954 470
954 474
954 494
954 526
954 538
954 605
954 714
954 720
954 731
954 745
954 746
954 779
954 798
954 805
954 874
954 895
954 901
954 990
954 995
34 571
34 791
34 795
34 973
571 339
571 429
571 608
571 611
571 759
571 799
571 826
571 866
571 897
791 52
791 85
791 278
791 287
791 378
791 432
791 464
791 604
791 704
791 715
791 889
791 963
791 965
791 966
791 973
795 92
795 119
795 178
795 253
795 316
795 329
795 400
795 433
795 512
795 590
795 593
795 702
795 737
795 799
795 866
795 947
973 157
973 287
973 325
973 332
973 355
973 361
973 377
973 414
973 464
973 497
973 505
973 534
973 535
973 584
973 594
973 604
973 618
973 694
973 703
973 714
973 745
973 747
973 830
973 889
973 916
973 939
973 958
973 966
170 408
170 547
170 812
170 981
426 481
426 711
426 745
426 823
426 861
542 459
542 697
542 731
542 737
542 744
542 874
542 944
36 223
36 599
36 607
36 861
36 906
223 305
223 512
223 605
223 751
223 764
223 808
599 98
599 323
599 401
599 471
599 576
599 665
599 676
599 727
599 875
599 885
607 216
607 252
607 340
607 359
607 633
607 649
607 711
607 768
607 805
607 874
861 59
861 177
861 325
861 385
861 447
861 471
861 532
861 579
861 608
861 730
861 742
861 748
861 771
861 779
861 862
861 906
861 991
906 107
906 235
906 287
906 471
906 525
906 570
906 579
906 641
906 663
906 700
906 713
906 716
906 734
906 747
906 748
906 792
906 847
906 859
906 884
906 939
37 291
37 400
37 481
37 578
37 827
291 38
291 259
291 853
291 931
400 88
400 222
400 800
400 801
400 859
400 944
400 956
481 283
481 303
481 336
481 390
481 834
481 853
481 981
578 40
578 285
578 351
578 437
578 583
578 715
578 800
578 801
578 878
827 64
827 307
827 351
827 364
827 409
827 686
827 711
827 741
827 744
827 745
827 751
827 781
827 813
827 823
827 839
827 872
827 913
827 939
827 963
38 442
38 605
38 774
38 977
442 107
442 157
442 166
442 886
442 903
605 124
605 453
605 468
605 720
605 731
605 805
605 852
774 298
774 355
774 366
774 399
774 403
774 410
774 466
774 596
774 657
774 746
774 825
774 836
774 897
774 911
774 912
977 52
977 212
977 289
977 301
977 350
977 384
977 386
977 396
977 414
977 516
977 535
977 609
977 645
977 670
977 690
977 737
977 741
977 744
977 765
977 766
977 787
977 810
977 812
977 836
977 845
977 911
977 950
977 965
977 971
977 991
977 995
39 41
39 322
39 589
39 627
39 794
39 940
41 290
41 641
41 648
322 75
322 613
322 641
322 869
589 359
589 540
589 560
589 584
589 636
589 668
589 745
589 804
627 163
627 221
627 407
627 439
627 804
627 931
627 965
627 967
794 120
794 177
794 392
794 450
794 469
794 536
794 580
794 593
794 596
794 855
794 877
794 912
794 922
794 931
794 966
940 127
940 255
940 349
940 515
940 536
940 540
940 594
940 620
940 624
940 655
940 700
940 703
940 730
940 773
940 787
940 793
940 805
940 819
940 855
940 883
940 931
940 948
940 950
940 965
40 650
40 698
40 800
40 820
40 867
650 153
650 166
650 383
650 396
650 674
650 756
650 809
650 826
650 956
650 958
698 100
698 149
698 210
698 238
698 422
698 587
698 620
698 623
698 642
698 690
698 736
698 898
800 462
800 487
800 492
800 568
800 574
800 588
800 624
800 634
800 677
800 722
800 801
800 817
800 830
800 877
820 44
820 53
820 139
820 147
820 225
820 235
820 339
820 403
820 415
820 468
820 490
820 678
820 725
820 850
820 852
820 981
867 66
867 267
867 487
867 545
867 552
867 628
867 636
867 725
867 736
867 776
867 780
867 793
867 819
867 855
867 872
867 889
867 988
290 680
290 904
290 918
290 972
290 990
641 88
641 193
641 277
641 287
641 451
641 716
641 779
641 847
641 869
648 260
648 434
648 651
648 685
648 690
648 731
648 825
648 845
648 889
648 904
648 913
42 455
42 471
42 633
42 710
42 949
455 332
455 424
455 558
455 562
455 615
455 967
455 991
471 98
471 300
471 543
471 751
471 846
471 857
471 939
633 117
633 393
633 406
633 580
633 584
633 634
633 637
633 903
710 180
710 254
710 354
710 403
710 534
710 610
710 628
710 713
710 894
710 908
710 922
710 928
710 931
710 966
949 57
949 84
949 95
949 174
949 204
949 219
949 256
949 272
949 342
949 365
949 383
949 387
949 410
949 432
949 478
949 486
949 491
949 600
949 628
949 720
949 804
949 818
949 819
949 821
949 831
949 857
949 890
949 894
949 910
949 914
949 922
949 928
583 135
583 204
583 415
583 508
583 705
583 801
583 813
583 853
583 883
583 886
843 159
843 197
843 390
843 566
843 696
843 704
843 715
843 752
843 771
843 814
843 869
843 884
843 885
843 911
843 944
852 194
852 219
852 310
852 404
852 415
852 463
852 528
852 534
852 552
852 566
852 611
852 816
852 831
852 883
852 981
852 988
44 525
44 898
44 981
525 46
525 76
525 172
525 227
898 149
898 175
898 261
898 277
898 549
898 551
898 614
898 637
898 658
898 667
898 690
898 699
898 740
898 803
898 841
898 910
898 913
898 938
898 961
981 53
981 99
981 107
981 119
981 139
981 155
981 176
981 200
981 214
981 235
981 238
981 254
981 262
981 281
981 282
981 285
981 462
981 468
981 489
981 504
981 547
981 549
981 678
981 682
981 770
981 781
981 801
981 817
981 894
981 901
981 904
981 947
981 988
45 232
45 365
45 370
45 526
45 677
45 972
232 80
232 660
232 752
232 808
232 972
365 410
365 478
365 540
365 742
365 877
365 928
370 375
370 377
370 521
370 825
370 846
370 934
370 972
526 297
526 354
526 398
526 472
526 519
526 688
526 934
526 951
677 324
677 329
677 362
677 385
677 431
677 504
677 777
677 967
972 137
972 177
972 190
972 196
972 198
972 304
972 309
972 326
972 361
972 419
972 457
972 514
972 552
972 564
972 619
972 646
972 652
972 660
972 673
972 713
972 723
972 771
972 777
972 828
972 869
972 913
972 934
972 967
46 212
46 556
46 834
46 950
212 357
212 459
212 658
212 963
556 64
556 300
556 319
556 376
556 407
556 531
556 604
556 667
556 720
556 878
834 139
834 169
834 449
834 492
834 573
834 595
834 637
834 704
834 742
834 766
834 775
834 804
834 857
834 874
834 877
834 950
834 956
950 184
950 227
950 248
950 250
950 369
950 391
950 552
950 573
950 592
950 651
950 669
950 688
950 702
950 751
950 766
950 769
950 772
950 775
950 776
950 796
950 804
950 857
950 930
950 938
950 967
950 995
47 285
47 570
47 799
47 878
47 988
47 995
285 318
285 601
285 731
570 178
570 676
570 743
570 749
570 816
570 844
570 914
799 97
799 183
799 191
799 217
799 362
799 394
799 490
799 700
799 772
799 777
799 796
799 805
799 830
799 872
878 156
878 191
878 264
878 378
878 381
878 434
878 477
878 611
878 614
878 657
878 690
878 740
878 785
878 825
878 846
878 904
878 911
878 944
988 130
988 146
988 196
988 278
988 284
988 288
988 298
988 323
988 338
988 339
988 380
988 395
988 404
988 505
988 515
988 532
988 536
988 591
988 594
988 620
988 628
988 782
988 804
988 819
988 825
988 854
988 855
988 857
988 876
988 918
988 931
988 967
988 990
995 63
995 75
995 76
995 135
995 143
995 168
995 218
995 259
995 270
995 293
995 306
995 346
995 356
995 425
995 439
995 494
995 555
995 576
995 587
995 590
995 626
995 628
995 662
995 672
995 705
995 742
995 769
995 777
995 819
995 854
995 914
995 990
48 292
48 529
48 825
48 947
292 628
292 700
292 781
292 913
529 104
529 177
529 182
529 601
529 752
529 792
825 199
825 280
825 361
825 581
825 740
825 743
825 756
825 782
825 798
825 904
825 912
825 916
947 66
947 89
947 116
947 142
947 184
947 248
947 282
947 288
947 296
947 321
947 425
947 458
947 540
947 546
947 632
947 642
947 657
947 670
947 753
947 787
947 847
947 904
947 963
49 68
49 276
49 551
49 645
49 713
49 885
49 910
68 398
68 612
68 699
68 711
68 913
276 154
276 279
276 294
276 393
276 472
276 846
276 911
276 948
551 51
551 597
551 696
551 722
551 792
551 872
551 910
551 938
645 229
645 262
645 266
645 414
645 965
645 971
713 381
713 694
713 729
713 736
713 804
713 853
713 857
713 931
713 967
885 263
885 294
885 298
885 308
885 383
885 411
885 509
885 600
885 613
885 621
885 659
885 692
885 727
885 743
885 821
885 934
910 72
910 111
910 119
910 141
910 163
910 175
910 200
910 210
910 222
910 261
910 299
910 349
910 575
910 628
910 690
910 699
910 749
910 803
910 818
910 842
910 862
910 915
910 938
50 309
50 451
50 707
50 889
50 922
309 436
309 614
309 709
309 876
309 934
451 475
451 674
451 676
451 725
451 853
451 930
707 236
707 443
707 514
707 523
707 600
707 674
707 862
707 961
707 990
889 252
889 340
889 618
889 635
889 662
889 665
889 679
889 694
889 723
889 744
889 765
889 901
889 942
889 963
889 966
889 971
922 74
922 146
922 191
922 327
922 368
922 378
922 403
922 478
922 515
922 544
922 560
922 593
922 628
922 729
922 815
922 818
922 894
922 911
922 928
51 334
51 574
334 208
334 362
334 574
334 679
334 730
574 149
574 168
574 194
574 263
574 328
574 580
574 850
574 951
52 266
52 408
52 580
266 159
266 355
266 389
266 398
266 404
266 883
408 207
408 734
408 826
408 939
580 128
580 445
53 137
53 282
53 386
53 514
53 618
137 386
137 415
137 473
137 709
137 901
282 151
282 166
282 456
282 887
386 85
386 152
386 296
386 585
386 844
514 83
514 110
514 142
514 198
514 213
514 226
514 523
514 815
618 237
618 352
618 630
618 708
618 826
618 928
618 958
54 457
54 685
54 809
54 815
54 914
54 963
457 496
457 814
457 817
457 830
457 901
457 928
457 934
685 350
685 472
685 651
685 668
685 702
685 709
685 821
685 830
685 839
685 903
809 93
809 117
809 149
809 225
809 462
809 485
809 519
809 561
809 623
809 631
809 703
809 756
809 874
809 948
809 956
815 416
815 450
815 562
815 760
815 770
815 775
815 961
815 990
914 57
914 65
914 125
914 161
914 236
914 337
914 382
914 398
914 411
914 463
914 592
914 750
914 755
914 785
914 816
914 842
914 845
914 886
914 938
963 111
963 124
963 172
963 203
963 204
963 352
963 393
963 445
963 450
963 544
963 614
963 620
963 635
963 665
963 699
963 714
963 775
963 793
963 883
963 886
963 900
963 942
963 953
963 958
963 966
55 119
55 200
55 528
55 766
55 918
119 616
119 711
200 338
200 787
200 826
528 204
528 694
528 726
528 810
528 874
528 883
528 944
766 76
766 211
766 492
766 561
766 573
766 857
766 869
918 93
918 202
918 215
918 352
918 362
918 478
918 518
918 579
918 587
918 604
918 723
918 760
918 771
918 806
918 808
918 814
918 817
918 826
918 845
918 886
918 903
918 971
56 369
56 385
56 689
56 726
369 203
369 619
369 676
369 694
369 857
369 930
385 107
385 779
385 939
689 64
689 214
689 379
689 402
689 435
689 636
689 638
689 682
689 697
689 717
689 782
689 854
689 897
689 956
726 259
726 388
726 428
726 547
726 750
726 781
726 842
726 966
57 283
57 336
57 403
57 722
283 325
283 461
283 468
283 770
283 869
336 160
336 184
336 538
336 821
336 894
403 254
403 705
403 903
722 160
722 189
722 549
722 730
722 814
722 817
722 850
722 886
722 931
58 669
58 844
58 951
669 182
669 310
669 340
669 495
669 522
669 614
669 702
669 703
669 831
669 900
669 956
844 145
844 206
844 321
844 330
844 518
844 558
844 700
844 796
844 912
844 931
844 961
844 966
951 148
951 242
951 251
951 255
951 256
951 428
951 433
951 438
951 440
951 473
951 521
951 536
951 549
951 591
951 647
951 662
951 665
951 750
951 764
951 779
951 780
951 821
951 876
951 887
951 956
59 253
59 271
59 798
59 930
253 581
253 771
253 793
253 823
271 63
271 210
271 305
271 658
271 944
798 69
798 311
798 494
798 518
798 538
798 540
798 561
798 720
798 785
798 836
798 854
798 874
798 875
798 876
798 894
798 990
930 88
930 114
930 193
930 217
930 286
930 338
930 364
930 439
930 561
930 676
930 750
930 769
930 772
930 853
930 857
930 859
930 911
930 990
76 966
355 140
355 553
355 657
913 131
913 153
913 265
913 303
913 314
913 324
913 337
913 431
913 432
913 483
913 501
913 630
913 654
913 752
913 803
913 806
913 859
913 866
913 942
61 111
61 434
61 497
61 816
61 841
111 474
111 819
111 841
434 381
434 477
434 508
434 785
434 813
497 89
497 176
497 279
497 862
497 961
816 337
816 421
816 422
816 428
816 435
816 463
816 655
816 741
816 750
816 773
816 903
816 934
841 101
841 128
841 294
841 359
841 372
841 382
841 414
841 454
841 476
841 636
841 663
841 703
841 708
841 731
841 836
841 990
62 169
62 313
62 375
62 475
62 596
62 659
169 651
169 658
169 966
313 364
313 438
313 533
313 634
313 671
313 801
375 190
375 215
375 274
375 619
375 748
375 934
375 967
475 92
475 269
475 533
475 748
475 756
475 804
475 971
596 242
596 395
596 678
596 808
596 931
659 138
659 209
659 278
659 376
659 563
659 663
659 804
659 944
63 427
63 740
63 846
427 97
427 765
427 846
427 854
427 855
740 144
740 160
740 240
740 286
740 353
740 381
740 566
740 647
740 680
740 734
740 904
846 229
846 263
846 363
846 436
846 512
846 519
846 562
846 642
846 649
846 729
846 751
846 847
846 944
64 875
64 915
64 991
875 363
875 379
875 445
875 469
875 509
875 593
875 652
875 668
875 696
875 727
875 737
875 884
875 895
875 911
875 915
875 948
915 115
915 134
915 205
915 226
915 319
915 341
915 380
915 407
915 461
915 604
915 613
915 620
915 625
915 638
915 658
915 697
915 717
915 756
915 783
915 847
915 872
915 890
915 897
915 956
991 99
991 145
991 147
991 206
991 262
991 268
991 288
991 301
991 319
991 321
991 325
991 358
991 374
991 424
991 464
991 502
991 503
991 543
991 564
991 652
991 671
991 700
991 741
991 769
991 792
991 796
991 805
991 869
991 883
991 903
991 931
991 966
65 492
65 760
65 916
65 958
492 500
492 585
492 842
492 967
760 189
760 357
760 522
760 562
760 625
760 781
760 821
760 990
916 90
916 136
916 177
916 267
916 304
916 305
916 311
916 372
916 406
916 454
916 469
916 518
916 604
916 616
916 638
916 671
916 721
916 768
916 781
916 830
916 845
916 850
916 908
916 958
958 84
958 87
958 99
958 100
958 177
958 180
958 224
958 304
958 314
958 340
958 401
958 418
958 500
958 508
958 521
958 527
958 610
958 626
958 638
958 721
958 748
958 753
958 768
958 770
958 812
958 942
66 288
66 812
288 413
288 647
288 810
288 928
812 135
812 145
812 256
812 350
812 486
812 555
812 568
812 594
812 772
812 874
812 938
812 965
812 971
67 275
67 307
67 327
67 581
67 625
67 862
67 872
275 692
275 792
275 877
275 890
307 70
307 516
307 634
307 742
307 839
307 971
327 102
327 295
327 328
327 563
327 694
327 830
581 148
581 178
581 304
581 329
581 651
625 216
625 595
625 661
625 716
625 828
625 847
625 887
625 895
625 990
862 221
862 356
862 399
862 705
862 769
862 773
862 781
862 826
862 886
862 908
862 934
862 990
872 79
872 225
872 260
872 405
872 407
872 419
872 421
872 435
872 575
872 647
872 692
872 727
872 805
872 810
398 125
398 320
398 755
398 779
398 842
612 77
612 299
612 308
612 667
612 678
612 796
612 810
612 813
612 912
612 938
612 956
699 99
699 151
699 213
699 286
699 315
699 714
699 813
699 877
699 908
699 938
711 128
711 161
711 188
711 609
711 616
711 749
711 751
711 782
711 883
69 321
69 515
69 768
69 883
321 358
321 490
321 836
321 869
321 942
515 637
515 658
515 934
768 72
768 78
768 103
768 115
768 196
768 314
768 387
768 399
768 485
768 558
768 859
883 125
883 135
883 194
883 204
883 330
883 404
883 552
883 721
883 810
883 828
883 939
70 96
70 464
70 635
70 747
96 117
96 367
96 745
464 80
464 376
464 966
635 260
635 421
635 469
635 519
635 704
635 776
635 819
747 257
747 332
747 419
747 423
747 558
747 594
747 657
747 804
747 839
661 100
661 263
661 413
661 498
661 601
661 705
661 737
661 884
661 948
854 201
854 317
854 402
854 435
854 491
854 531
854 597
854 697
854 730
854 783
854 787
854 944
854 953
854 965
942 153
942 179
942 352
942 362
942 418
942 458
942 485
942 614
942 619
942 697
942 793
942 796
942 828
942 886
942 900
942 953
72 174
72 839
174 109
174 592
174 745
174 894
839 270
839 344
839 364
839 415
839 539
839 566
839 609
839 642
839 703
839 708
839 759
839 775
839 780
839 782
839 911
73 106
73 842
73 953
106 568
106 903
842 125
842 360
842 393
842 411
842 483
842 489
842 590
842 678
842 755
842 785
842 813
842 911
842 939
953 110
953 112
953 149
953 161
953 203
953 237
953 315
953 330
953 501
953 558
953 637
953 682
953 723
953 743
953 753
953 783
953 818
953 822
953 828
953 887
953 900
74 289
74 706
74 805
289 141
289 478
289 502
289 601
289 744
289 813
289 965
706 79
706 92
706 491
706 621
706 670
706 704
706 756
706 810
706 904
805 83
805 255
805 344
805 413
805 470
805 494
805 714
805 720
805 782
805 821
805 874
75 409
75 731
75 783
409 112
409 114
409 188
409 469
409 539
409 845
731 316
731 518
731 538
731 663
731 714
731 819
783 175
783 198
783 318
783 430
783 435
783 531
783 634
783 828
783 876
783 890
783 897
966 129
966 156
966 483
966 505
966 654
966 657
966 679
966 694
966 708
966 765
966 770
966 781
966 801
966 817
966 939
966 967
77 146
77 439
77 733
77 838
77 904
146 198
146 374
146 894
146 928
439 153
439 458
439 568
439 703
439 931
439 967
733 151
733 187
733 320
733 411
733 676
733 694
733 741
733 780
733 847
733 853
838 179
838 203
838 244
838 265
838 462
838 494
838 611
838 637
838 690
838 741
838 772
838 857
838 931
838 934
838 967
904 126
904 185
904 601
904 705
904 736
904 752
904 765
904 887
904 912
78 145
78 638
78 814
145 593
145 938
638 136
638 150
638 326
638 500
638 643
638 836
638 928
638 948
814 252
814 410
814 449
814 495
814 563
814 730
814 771
79 351
79 448
79 614
351 391
351 555
351 721
351 745
351 792
448 177
448 392
448 405
448 429
448 527
448 534
448 801
614 236
614 315
80 221
80 513
80 810
221 853
221 944
513 172
513 228
513 342
513 368
513 406
513 484
513 595
513 616
513 746
513 822
513 869
810 141
810 405
810 484
810 503
810 634
810 704
810 776
810 813
810 874
810 903
81 298
81 368
81 443
81 461
81 590
81 715
81 821
298 512
298 752
298 753
368 187
368 261
368 503
368 818
368 928
443 155
443 329
443 773
443 928
443 961
461 183
461 304
461 545
461 897
590 189
590 734
590 895
590 961
590 965
715 85
715 213
715 505
715 508
715 604
715 688
715 714
821 84
821 387
821 407
821 410
821 628
821 729
821 743
821 853
821 894
821 928
821 938
821 956
821 965
274 151
274 157
274 381
274 383
274 803
274 931
277 649
277 847
277 990
83 575
83 686
83 752
83 772
575 141
575 377
575 643
575 961
686 279
686 467
686 654
686 714
686 723
686 792
686 855
686 877
686 900
752 432
752 473
752 498
752 662
752 736
752 866
772 131
772 211
772 345
772 391
772 604
772 606
772 688
772 769
772 793
772 826
84 887
84 895
84 928
887 129
887 154
887 255
887 330
887 339
887 393
887 438
887 440
887 539
887 553
887 647
887 665
887 764
887 818
887 876
887 990
895 194
895 216
895 328
895 431
895 465
895 610
895 632
895 658
895 682
895 697
895 737
895 781
895 900
895 911
895 948
895 961
895 990
928 109
928 163
928 240
928 256
928 273
928 281
928 316
928 361
928 544
928 568
928 628
928 678
928 818
928 894
928 956
85 682
85 806
85 990
682 157
682 416
682 582
682 674
682 773
682 934
682 990
806 217
806 279
806 452
806 485
806 582
806 621
806 775
806 792
806 828
806 836
806 859
806 877
806 900
806 948
990 101
990 436
990 535
990 579
990 652
990 705
990 727
990 730
990 756
990 781
990 787
990 908
990 934
990 961
990 967
86 498
86 759
86 787
86 850
86 869
498 379
498 483
498 503
498 587
498 610
498 729
498 751
498 938
759 117
759 273
759 373
759 433
759 458
759 523
759 692
759 696
759 826
759 894
759 903
759 956
759 965
787 565
787 584
787 594
787 631
787 771
787 850
787 877
787 965
787 971
850 136
850 151
850 238
850 555
850 584
850 637
850 663
850 723
850 769
850 808
850 826
850 866
869 114
869 147
869 155
869 262
869 273
869 308
869 325
869 330
869 503
869 671
869 828
869 845
87 201
87 509
87 819
201 216
201 422
201 631
201 725
509 547
509 576
509 884
509 948
819 306
819 326
819 539
819 637
819 658
819 750
819 792
819 830
819 855
88 857
857 202
857 387
857 487
857 619
857 676
857 780
857 886
89 670
89 743
89 813
89 901
670 399
670 458
670 508
670 613
670 729
670 753
670 900
670 939
743 474
743 690
743 886
743 900
813 149
813 261
813 264
813 299
813 450
813 549
813 736
813 785
813 801
901 161
901 264
901 352
901 522
901 564
901 615
901 619
901 660
901 709
901 769
901 817
901 877
901 886
901 897
901 934
90 540
90 753
90 801
540 92
540 269
540 374
540 429
540 533
540 730
753 136
753 233
753 424
753 466
753 546
753 734
753 900
801 100
801 392
801 406
801 565
801 588
801 608
801 673
801 971
91 453
91 563
453 345
453 552
453 714
453 859
453 971
563 502
563 592
563 636
563 808
92 785
785 202
785 373
785 553
785 782
785 818
785 876
93 522
93 782
93 803
522 185
522 459
522 610
522 822
522 956
782 418
782 491
782 539
782 566
782 634
782 642
782 643
782 745
782 823
782 939
803 150
803 152
803 251
803 341
803 501
803 654
803 751
803 775
803 792
803 828
803 845
803 859
803 866
777 210
777 319
777 416
777 418
777 437
777 470
777 535
777 702
777 874
777 938
777 948
95 109
95 776
109 746
109 756
109 818
776 204
776 246
776 373
776 462
776 613
776 643
776 773
776 847
776 884
776 956
117 765
367 154
367 720
367 755
367 855
367 884
367 911
745 144
745 216
745 634
745 703
745 823
745 845
97 346
97 378
97 900
97 934
346 257
346 404
346 432
346 662
346 781
378 345
378 415
378 621
378 912
900 203
900 248
900 272
900 280
900 445
900 521
900 750
900 793
900 828
900 886
900 944
900 971
934 118
934 213
934 218
934 235
934 359
934 564
934 619
934 646
934 660
934 672
934 709
934 944
934 961
98 546
98 620
98 847
546 248
546 721
546 723
546 884
546 961
620 103
620 226
620 344
620 595
620 597
620 646
620 725
620 890
847 438
847 447
847 527
847 672
847 779
847 822
847 836
847 855
99 690
690 477
690 642
690 725
690 736
100 340
100 948
340 389
340 521
340 853
948 211
948 296
948 308
948 319
948 390
948 468
948 469
948 727
948 859
948 884
948 911
101 359
101 360
101 636
101 678
359 407
359 532
359 561
359 658
360 220
360 235
360 489
360 678
636 209
636 257
636 533
636 616
636 673
636 694
636 804
678 127
678 214
678 308
678 363
678 466
678 494
102 103
102 178
102 418
102 445
102 616
102 830
103 122
103 205
103 284
103 823
178 208
178 254
178 591
418 472
418 676
418 796
445 159
445 594
616 531
616 611
616 615
616 703
616 823
616 884
830 191
830 196
830 324
830 328
830 504
830 508
122 215
122 704
122 876
205 416
205 476
205 886
284 272
284 592
284 725
284 967
823 389
823 411
823 539
823 550
823 609
823 611
823 634
823 705
823 716
823 764
823 831
823 939
104 150
104 236
104 679
104 771
104 866
150 382
150 413
150 431
150 663
236 705
679 156
679 361
679 454
679 512
679 584
679 626
679 911
679 961
771 110
771 410
771 537
771 723
771 826
866 147
866 152
866 246
866 279
866 296
866 350
866 363
866 371
866 585
866 647
866 680
866 877
866 886
866 961
105 124
105 401
105 486
124 961
401 389
401 521
401 714
486 214
486 624
486 773
568 265
568 301
568 587
568 971
903 133
903 380
903 449
903 535
903 537
903 587
903 600
903 637
903 720
107 643
107 696
643 149
643 352
643 377
643 421
643 459
643 491
643 876
696 118
696 143
696 655
696 727
696 884
210 489
210 765
210 938
911 218
911 263
911 353
911 454
911 630
911 652
911 727
911 884
911 894
911 956
911 965
746 182
746 484
746 595
746 604
746 610
746 630
746 673
746 775
746 967
756 463
756 535
756 623
756 655
756 657
756 769
756 877
756 956
818 254
818 268
818 357
818 430
818 467
818 544
818 610
818 611
818 628
818 651
818 654
818 894
110 264
110 615
110 779
264 207
264 252
264 660
264 694
615 229
615 419
615 646
615 817
615 884
779 470
779 519
779 708
779 822
779 931
474 597
474 668
474 704
474 908
112 450
112 676
450 477
450 555
450 744
676 215
676 452
676 561
676 562
539 377
539 634
539 781
565 135
565 216
565 402
565 410
565 441
565 504
565 667
114 606
114 751
606 182
606 209
606 248
606 320
606 422
606 769
606 886
751 180
751 199
751 305
751 483
751 725
751 853
751 944
751 961
115 270
115 310
115 415
115 897
270 243
270 637
310 196
310 430
310 576
310 584
415 552
897 179
897 233
897 376
897 407
897 432
897 534
897 561
897 628
897 697
897 817
897 831
897 890
116 489
116 518
489 303
489 770
518 668
518 874
765 376
765 387
765 399
765 501
765 566
765 744
765 855
765 965
765 971
118 384
118 437
118 703
384 134
384 219
384 297
384 836
384 931
384 971
437 371
437 729
703 441
703 566
703 609
703 611
703 741
120 246
120 755
120 808
246 303
246 373
246 912
755 183
755 206
755 297
755 411
755 419
755 428
755 593
755 770
808 190
808 280
808 414
808 608
808 649
808 725
808 729
808 853
808 912
808 944
121 503
121 535
121 558
121 796
503 496
503 671
535 604
535 855
558 262
558 330
558 374
558 720
558 876
796 133
796 173
796 325
796 543
796 632
796 700
796 971
704 320
704 377
704 421
704 436
704 527
704 536
876 131
876 197
876 388
876 438
876 647
876 674
876 680
876 764
876 845
224 716
224 734
224 939
961 136
961 156
961 301
961 392
961 538
961 600
961 632
961 792
961 874
961 908
961 965
125 172
125 468
172 544
172 665
468 339
468 483
468 552
468 831
126 199
126 533
126 649
126 651
199 466
199 662
199 817
199 826
533 226
533 447
533 702
533 793
533 890
649 155
649 262
649 725
649 944
651 281
651 490
651 601
651 716
651 729
651 912
127 939
939 160
939 235
939 348
939 372
939 395
939 440
939 447
939 564
939 579
939 716
939 734
939 748
939 822
939 894
128 393
128 668
393 374
393 597
393 668
668 142
668 209
668 219
668 301
668 431
668 654
129 198
129 623
129 708
129 931
198 931
623 306
623 582
623 592
623 631
623 655
623 688
623 956
708 136
708 537
708 595
708 632
931 168
931 173
931 179
931 342
931 484
931 504
931 579
931 595
931 741
931 853
130 362
130 382
130 591
362 143
362 364
362 472
382 566
382 804
591 135
591 688
591 717
591 725
591 780
591 894
131 208
131 709
131 775
208 621
208 884
709 190
709 344
709 371
709 621
709 626
709 646
775 157
775 476
775 547
775 585
775 859
775 877
184 613
184 884
348 240
348 477
348 716
133 702
702 306
702 463
702 562
702 631
702 655
702 717
134 391
134 465
134 553
134 597
134 890
465 287
465 491
465 531
465 597
465 646
465 831
553 213
553 242
553 476
553 516
553 748
553 912
597 268
597 440
597 536
890 239
890 300
890 304
890 436
890 534
890 594
890 647
890 657
890 717
890 793
890 822
890 859
890 908
136 673
136 721
673 259
673 320
673 496
673 956
673 967
721 177
721 189
721 203
721 260
721 383
721 399
721 505
721 527
473 254
473 432
473 516
473 769
138 496
138 780
496 543
496 780
496 836
496 971
780 182
780 244
780 250
780 315
780 357
780 395
780 552
139 371
139 585
139 654
139 692
139 770
371 619
371 654
371 770
585 296
585 356
585 392
585 424
654 194
654 259
654 537
654 877
692 160
692 185
692 228
692 560
692 600
692 680
692 971
770 214
770 238
770 273
770 303
770 363
770 716
140 634
140 938
634 258
634 611
938 142
938 185
938 204
938 295
938 299
938 424
938 642
938 667
938 749
938 822
141 295
295 344
295 366
142 300
142 337
300 220
300 534
300 831
337 314
337 647
337 725
143 608
143 716
608 244
608 734
608 748
608 886
608 894
716 501
716 543
716 646
716 822
716 894
144 428
144 613
144 658
428 855
613 233
613 458
613 538
658 621
593 406
593 411
593 853
374 665
894 256
894 478
894 491
894 543
894 626
894 672
147 350
147 372
147 741
350 188
350 332
350 396
372 173
372 206
741 484
741 560
741 967
741 971
148 154
148 316
154 373
316 433
316 467
316 657
316 773
149 250
250 182
250 956
413 349
413 388
431 197
431 269
431 660
431 663
663 229
663 341
663 470
151 736
736 185
736 425
736 642
736 749
736 769
736 781
736 859
152 286
152 419
152 458
286 166
419 564
419 688
458 394
458 674
458 884
373 452
155 544
544 211
544 238
544 410
544 478
156 168
156 965
168 626
965 209
965 218
965 247
965 255
965 265
965 414
965 555
965 642
965 744
965 769
965 836
965 886
965 971
157 912
912 166
912 314
912 318
912 357
912 363
912 423
912 536
912 601
912 657
912 877
185 449
185 588
831 317
831 319
831 440
831 600
831 697
831 717
831 792
831 877
831 908
831 967
159 301
161 624
624 361
624 436
624 817
624 874
425 662
425 884
163 495
163 502
163 561
163 859
495 305
495 472
495 501
495 859
495 877
502 874
502 908
502 971
561 688
859 251
859 429
859 792
387 326
387 491
166 646
166 886
646 213
646 296
646 478
646 564
646 723
886 257
886 422
886 793
886 828
737 265
737 278
737 306
737 521
737 547
737 744
737 836
744 657
744 971
626 396
626 672
626 967
547 381
547 836
781 562
781 944
665 247
665 476
592 396
592 463
592 631
592 956
175 545
175 555
175 674
175 734
175 749
545 225
545 308
545 501
545 560
545 594
555 293
555 828
555 971
674 256
674 421
674 438
734 318
734 688
734 822
749 248
749 278
749 490
749 549
749 667
749 836
176 487
487 504
254 491
254 742
179 395
395 220
395 631
354 416
354 527
183 534
183 587
534 632
534 717
587 202
884 233
884 259
884 320
884 576
884 600
884 652
884 956
449 573
449 688
449 769
588 272
280 297
280 433
280 508
280 729
324 459
324 672
187 694
187 822
187 877
694 206
694 381
694 652
822 227
822 447
822 662
822 748
822 874
877 296
877 299
877 394
877 438
877 792
188 433
188 944
433 521
433 660
944 216
944 363
944 379
944 441
944 490
944 508
944 512
944 519
944 742
944 853
189 306
189 402
189 601
306 742
402 202
402 239
402 750
402 773
601 225
601 239
601 697
190 364
190 396
364 609
396 233
396 956
191 730
730 239
730 562
730 647
730 908
193 416
193 531
193 573
416 338
531 422
531 750
194 700
700 325
700 358
700 550
700 609
196 317
317 344
317 452
317 527
317 855
197 220
197 476
197 527
220 764
476 247
476 323
527 311
527 454
466 247
466 404
662 304
817 219
817 339
817 380
817 826
826 279
826 330
826 405
826 485
826 628
826 723
826 804
338 429
216 379
422 202
422 793
631 500
631 956
725 390
725 441
725 727
725 729
202 723
723 609
723 773
203 971
971 342
971 538
971 566
971 727
971 836
971 874
971 967
204 552
552 258
552 278
206 576
206 836
576 435
576 469
576 521
576 584
836 281
836 516
836 956
207 265
207 356
207 512
265 804
265 908
356 269
356 742
512 303
512 519
621 267
621 477
209 793
793 828
211 377
211 688
688 750
688 956
459 405
459 432
213 311
311 456
311 521
311 967
379 349
379 421
379 441
217 769
769 269
218 294
218 672
218 742
294 308
672 272
742 358
764 323
764 352
764 390
764 537
764 562
764 632
764 845
853 244
853 429
853 462
222 538
222 655
655 632
655 874
305 228
305 477
225 247
225 956
956 390
226 319
226 325
319 342
319 505
227 411
411 447
228 258
258 828
229 874
874 326
874 394
874 414
874 494
874 714
874 720
660 523
660 611
660 619
233 318
318 235
318 680
671 353
671 609
705 562
705 908
237 494
237 505
505 564
240 388
240 619
240 748
240 855
388 845
619 452
748 404
748 516
748 543
855 423
855 447
855 594
406 478
406 550
406 773
773 243
773 329
773 330
773 652
242 470
242 501
242 516
242 845
470 349
516 297
516 421
516 630
845 297
845 440
845 647
243 632
244 519
244 967
519 508
519 717
519 729
967 272
967 293
967 342
967 358
967 549
967 550
967 582
967 729
303 257
251 430
257 484
484 358
484 376
484 667
828 440
260 376
261 521
261 523
261 564
261 667
261 792
521 729
523 299
523 361
667 595
667 642
792 262
792 630
804 278
804 366
908 366
908 463
908 750
389 315
389 485
389 550
404 611
267 308
267 366
366 435
637 537
272 560
560 405
560 456
273 380
381 452
381 490
472 642
278 680
680 345
680 579
680 657
297 652
729 483
456 429
456 462
293 342
293 549
293 582
293 697
549 642
582 320
582 532
582 717
344 579
652 353
447 363
304 485
485 399
485 600
584 320
537 550
438 353
314 399
314 483
483 441
467 329
657 490
326 352
328 424
424 642
329 423
329 463
423 543
429 410
341 405
341 504
717 435
717 630
345 750
750 392
353 469
532 462
609 550
609 611
720 394
550 543
550 562
390 610
392 642
714 454
440 595
454 500
