0 320
0 488
0 580
0 954
0 962
0 965
0 985
320 176
320 303
320 366
320 461
320 584
320 828
320 914
320 988
488 69
488 535
488 593
488 595
488 646
488 751
488 760
488 777
488 817
488 823
580 19
580 72
580 341
580 508
580 601
580 666
580 754
580 779
580 906
580 916
580 935
580 945
954 45
954 86
954 141
954 171
954 200
954 226
954 282
954 286
954 293
954 304
954 389
954 395
954 398
954 448
954 470
954 562
954 653
954 696
954 707
954 715
954 771
954 777
954 797
954 802
954 811
954 812
954 829
954 842
954 844
954 865
954 913
954 923
954 943
954 949
954 982
954 985
954 986
954 989
962 11
962 36
962 39
962 69
962 96
962 115
962 129
962 133
962 236
962 258
962 315
962 337
962 387
962 415
962 418
962 429
962 594
962 605
962 666
962 679
962 705
962 709
962 729
962 731
962 769
962 787
962 794
962 806
962 819
962 840
962 841
962 866
962 877
962 898
962 901
962 903
962 965
962 974
962 997
965 23
965 86
965 94
965 100
965 170
965 178
965 187
965 200
965 282
965 333
965 438
965 499
965 511
965 542
965 575
965 579
965 603
965 626
965 641
965 651
965 672
965 681
965 686
965 696
965 702
965 707
965 766
965 771
965 822
965 829
965 842
965 844
965 905
965 913
965 943
965 947
965 948
965 985
985 86
985 111
985 153
985 170
985 200
985 266
985 277
985 285
985 314
985 333
985 436
985 438
985 440
985 506
985 603
985 606
985 619
985 621
985 659
985 676
985 696
985 701
985 707
985 725
985 751
985 771
985 787
985 798
985 811
985 829
985 832
985 844
985 854
985 856
985 857
985 868
985 884
985 887
985 892
985 913
985 937
985 943
985 949
985 956
1 76
1 600
1 618
1 968
1 979
1 982
1 987
76 87
76 689
76 812
76 928
76 968
76 979
600 148
600 156
600 405
600 664
600 671
600 832
600 841
600 854
600 926
600 966
600 979
600 983
600 997
618 135
618 141
618 195
618 418
618 461
618 519
618 625
618 650
618 670
618 755
618 759
618 793
618 905
968 30
968 38
968 169
968 248
968 269
968 439
968 446
968 449
968 454
968 497
968 525
968 547
968 622
968 629
968 634
968 651
968 664
968 669
968 672
968 714
968 737
968 743
968 789
968 822
968 841
968 851
968 869
968 898
968 908
968 915
968 919
968 921
968 926
968 935
968 936
968 963
968 979
968 983
968 997
979 4
979 17
979 165
979 213
979 220
979 249
979 302
979 305
979 306
979 398
979 417
979 439
979 449
979 482
979 491
979 494
979 525
979 534
979 555
979 570
979 604
979 696
979 706
979 707
979 723
979 743
979 775
979 795
979 812
979 826
979 841
979 859
979 869
979 870
979 886
979 906
979 926
979 963
979 983
979 988
979 997
982 23
982 34
982 43
982 51
982 78
982 97
982 113
982 188
982 255
982 273
982 310
982 373
982 391
982 453
982 458
982 480
982 511
982 554
982 584
982 611
982 632
982 643
982 662
982 682
982 686
982 693
982 732
982 741
982 756
982 757
982 768
982 829
982 831
982 836
982 847
982 895
982 933
982 951
982 957
982 960
982 969
982 970
982 975
982 995
987 25
987 52
987 74
987 117
987 128
987 162
987 204
987 211
987 216
987 241
987 291
987 346
987 380
987 389
987 394
987 424
987 437
987 440
987 441
987 526
987 578
987 631
987 661
987 695
987 728
987 746
987 780
987 795
987 805
987 826
987 836
987 837
987 851
987 852
987 861
987 882
987 912
987 913
987 923
987 927
987 929
987 933
987 937
987 975
987 997
987 998
2 290
2 414
2 516
2 820
2 897
2 902
2 942
290 125
290 158
290 207
290 534
290 567
290 849
290 939
290 981
414 331
414 640
414 746
414 748
414 757
414 861
414 889
414 897
414 942
516 223
516 374
516 459
516 500
516 606
516 640
516 745
516 821
516 888
516 889
516 906
820 64
820 72
820 316
820 348
820 402
820 420
820 430
820 455
820 515
820 687
820 727
820 739
820 784
820 862
820 919
820 943
820 952
820 967
820 974
820 976
820 977
820 995
897 118
897 122
897 128
897 139
897 143
897 196
897 383
897 399
897 425
897 482
897 495
897 500
897 550
897 614
897 675
897 680
897 705
897 745
897 756
897 801
897 821
897 839
897 889
897 905
897 913
897 939
897 942
902 102
902 150
902 160
902 195
902 230
902 299
902 321
902 365
902 374
902 388
902 400
902 428
902 541
902 557
902 624
902 634
902 636
902 655
902 675
902 735
902 740
902 762
902 774
902 803
902 816
902 843
902 905
902 908
902 977
942 71
942 75
942 118
942 122
942 128
942 219
942 236
942 399
942 425
942 495
942 500
942 530
942 640
942 675
942 691
942 700
942 729
942 745
942 749
942 769
942 800
942 801
942 812
942 821
942 866
942 889
942 892
942 931
942 957
942 971
942 977
942 996
3 50
3 280
3 311
3 584
3 747
3 801
3 906
50 342
50 666
50 873
50 946
50 959
50 967
280 29
280 511
280 601
280 712
280 738
280 915
280 916
280 945
311 126
311 155
311 245
311 353
311 747
311 856
311 908
311 911
584 40
584 183
584 327
584 371
584 405
584 725
584 758
584 886
584 900
584 999
747 106
747 251
747 381
747 391
747 430
747 489
747 534
747 628
747 703
747 723
747 738
747 776
747 840
747 929
747 934
747 969
801 59
801 92
801 197
801 219
801 344
801 399
801 425
801 495
801 500
801 539
801 573
801 607
801 640
801 650
801 745
801 833
801 889
801 956
906 23
906 59
906 81
906 126
906 202
906 285
906 341
906 461
906 463
906 500
906 532
906 591
906 596
906 602
906 642
906 697
906 734
906 737
906 748
906 765
906 835
906 842
906 854
906 905
906 959
906 989
4 288
4 565
4 574
4 723
4 875
4 925
288 517
288 526
288 567
288 705
288 813
288 917
288 980
288 994
565 18
565 522
565 555
565 669
565 785
565 813
565 858
565 873
565 875
565 913
565 917
565 925
574 238
574 333
574 492
574 582
574 612
574 695
574 714
574 767
574 825
574 900
574 981
574 994
723 236
723 281
723 381
723 479
723 483
723 627
723 650
723 669
723 728
723 735
723 806
723 911
723 934
723 969
875 75
875 117
875 191
875 194
875 307
875 389
875 401
875 449
875 484
875 513
875 517
875 522
875 556
875 602
875 646
875 766
875 813
875 821
875 853
875 858
875 892
875 917
875 925
875 986
875 999
925 75
925 89
925 117
925 125
925 142
925 176
925 191
925 263
925 277
925 307
925 319
925 355
925 481
925 484
925 517
925 522
925 535
925 710
925 714
925 752
925 811
925 813
925 823
925 835
925 853
925 858
925 896
925 899
925 917
925 994
5 203
5 753
5 828
5 855
5 981
5 995
5 997
203 494
203 674
203 740
203 913
203 949
203 961
203 970
753 123
753 424
753 492
753 612
753 622
753 687
753 708
753 711
753 780
753 825
753 834
753 855
753 860
753 867
753 923
753 961
753 998
828 33
828 124
828 264
828 269
828 467
828 499
828 678
828 704
828 711
828 742
828 766
828 813
828 847
828 851
828 860
828 867
828 952
828 956
828 961
828 981
828 996
855 84
855 104
855 166
855 231
855 255
855 274
855 278
855 300
855 326
855 330
855 520
855 567
855 652
855 781
855 810
855 815
855 826
855 848
855 881
855 885
855 917
855 993
855 998
981 27
981 42
981 63
981 183
981 196
981 228
981 354
981 358
981 386
981 407
981 427
981 444
981 467
981 533
981 538
981 540
981 582
981 591
981 598
981 612
981 641
981 711
981 756
981 762
981 805
981 825
981 829
981 845
981 860
981 867
981 872
981 884
981 895
981 901
981 905
981 908
981 929
981 941
981 951
981 956
981 961
981 970
995 7
995 35
995 58
995 65
995 84
995 155
995 174
995 210
995 240
995 258
995 334
995 348
995 349
995 381
995 402
995 429
995 430
995 445
995 508
995 529
995 535
995 546
995 555
995 561
995 604
995 612
995 622
995 650
995 739
995 767
995 787
995 834
995 867
995 871
995 874
995 880
995 883
995 891
995 912
995 926
995 932
995 952
995 961
995 969
995 976
995 977
997 33
997 38
997 213
997 249
997 266
997 269
997 286
997 302
997 319
997 378
997 417
997 439
997 449
997 520
997 547
997 625
997 634
997 651
997 664
997 667
997 672
997 692
997 705
997 745
997 769
997 774
997 783
997 812
997 841
997 843
997 859
997 867
997 877
997 914
997 926
997 943
997 948
997 963
997 964
997 974
997 980
997 983
997 993
997 998
6 24
6 797
6 935
6 943
6 953
6 966
6 974
24 439
24 703
24 849
24 893
24 921
24 951
797 408
797 411
797 437
797 515
797 629
797 637
797 724
797 772
797 814
797 817
797 822
797 846
797 847
797 857
797 859
797 910
797 973
797 992
797 994
935 53
935 87
935 111
935 128
935 170
935 271
935 323
935 362
935 427
935 482
935 496
935 566
935 586
935 619
935 654
935 671
935 725
935 733
935 765
935 776
935 787
935 831
935 865
935 868
935 918
935 939
935 948
935 953
935 963
935 966
935 974
935 992
943 42
943 143
943 153
943 371
943 372
943 389
943 398
943 406
943 409
943 440
943 444
943 654
943 659
943 676
943 698
943 715
943 719
943 738
943 771
943 787
943 829
943 833
943 844
943 878
943 913
943 928
943 952
943 961
943 980
943 991
953 87
953 104
953 111
953 149
953 250
953 251
953 295
953 323
953 338
953 371
953 451
953 471
953 482
953 490
953 496
953 522
953 528
953 542
953 586
953 619
953 671
953 733
953 765
953 776
953 784
953 794
953 831
953 833
953 853
953 861
953 865
953 868
953 896
953 932
953 955
953 966
953 974
966 18
966 149
966 221
966 233
966 275
966 323
966 362
966 385
966 387
966 434
966 456
966 482
966 491
966 528
966 586
966 619
966 639
966 671
966 682
966 733
966 765
966 776
966 784
966 831
966 852
966 865
966 866
966 868
966 890
966 899
966 901
966 940
966 948
966 960
966 974
966 984
966 996
974 87
974 149
974 233
974 261
974 271
974 276
974 323
974 362
974 470
974 482
974 496
974 520
974 528
974 586
974 589
974 619
974 653
974 671
974 687
974 733
974 755
974 765
974 776
974 784
974 831
974 843
974 847
974 865
974 868
974 904
974 928
974 937
974 944
974 951
974 989
974 991
7 264
7 422
7 883
7 948
7 989
7 991
264 187
264 476
264 752
264 813
264 973
264 989
264 994
422 43
422 551
422 553
422 616
422 704
422 739
422 834
422 867
422 970
883 120
883 132
883 139
883 154
883 212
883 244
883 316
883 321
883 340
883 367
883 372
883 404
883 411
883 428
883 502
883 539
883 564
883 568
883 638
883 679
883 688
883 808
883 941
883 989
883 991
883 998
948 116
948 131
948 172
948 178
948 347
948 350
948 385
948 405
948 454
948 469
948 471
948 497
948 521
948 585
948 608
948 630
948 642
948 661
948 681
948 694
948 696
948 715
948 748
948 749
948 780
948 793
948 833
948 882
948 924
948 941
948 947
948 976
989 48
989 57
989 118
989 137
989 177
989 179
989 208
989 240
989 258
989 272
989 276
989 283
989 293
989 306
989 321
989 340
989 364
989 372
989 404
989 476
989 502
989 525
989 539
989 568
989 571
989 687
989 688
989 752
989 796
989 865
989 903
989 904
989 907
989 926
989 946
989 955
989 964
989 971
989 972
989 991
989 994
991 47
991 60
991 94
991 132
991 137
991 145
991 146
991 177
991 179
991 187
991 193
991 195
991 199
991 215
991 237
991 283
991 293
991 321
991 340
991 372
991 476
991 513
991 539
991 568
991 576
991 590
991 671
991 687
991 688
991 690
991 752
991 754
991 773
991 778
991 802
991 821
991 829
991 848
991 903
991 918
991 970
991 998
991 999
8 154
8 489
8 627
8 763
8 809
8 851
8 936
154 208
154 338
154 382
154 502
154 712
154 845
489 28
489 189
489 548
489 714
489 806
489 839
489 920
489 930
489 986
627 61
627 434
627 730
627 735
627 751
627 839
627 911
627 916
627 934
627 944
627 969
627 998
763 112
763 217
763 262
763 421
763 473
763 548
763 561
763 583
763 602
763 658
763 670
763 697
763 785
763 809
763 832
763 880
763 889
763 936
809 10
809 35
809 52
809 93
809 159
809 174
809 177
809 270
809 318
809 433
809 560
809 569
809 573
809 602
809 647
809 658
809 772
809 901
809 922
809 936
851 297
851 301
851 303
851 456
851 458
851 492
851 538
851 714
851 757
851 845
851 867
851 874
851 895
851 915
851 924
851 949
851 956
851 959
851 964
851 970
936 10
936 30
936 35
936 262
936 270
936 279
936 295
936 318
936 475
936 481
936 486
936 559
936 563
936 567
936 569
936 573
936 583
936 602
936 633
936 658
936 716
936 749
936 785
936 789
936 832
936 841
936 869
936 910
936 931
936 963
936 996
9 554
9 830
9 915
9 945
9 947
9 959
9 961
554 396
554 487
554 572
554 748
554 873
554 886
554 915
554 916
554 945
554 950
830 91
830 207
830 243
830 245
830 296
830 332
830 359
830 447
830 464
830 542
830 610
830 698
830 706
830 724
830 766
830 776
830 802
830 835
830 836
830 900
830 901
830 921
915 68
915 160
915 263
915 309
915 341
915 355
915 463
915 469
915 572
915 596
915 642
915 696
915 703
915 713
915 724
915 737
915 762
915 825
915 827
915 835
915 886
915 916
915 938
915 945
915 959
915 990
945 29
945 259
945 330
945 344
945 350
945 355
945 367
945 442
945 466
945 517
945 572
945 596
945 603
945 642
945 671
945 697
945 734
945 744
945 779
945 824
945 835
945 892
945 895
945 927
945 947
945 950
945 956
945 959
945 970
945 984
945 993
947 85
947 98
947 168
947 193
947 229
947 265
947 348
947 353
947 420
947 465
947 487
947 526
947 571
947 581
947 601
947 609
947 617
947 664
947 673
947 688
947 710
947 738
947 775
947 796
947 803
947 854
947 878
947 901
947 910
947 913
947 964
947 980
959 19
959 29
959 70
959 87
959 126
959 172
959 219
959 340
959 341
959 343
959 345
959 355
959 433
959 463
959 466
959 615
959 621
959 642
959 666
959 691
959 734
959 737
959 745
959 771
959 779
959 789
959 835
959 873
959 874
959 914
959 927
959 933
959 986
961 27
961 45
961 133
961 220
961 247
961 253
961 303
961 313
961 328
961 358
961 366
961 398
961 471
961 504
961 515
961 533
961 559
961 612
961 671
961 693
961 704
961 717
961 795
961 822
961 831
961 834
961 845
961 860
961 930
961 938
961 956
961 984
961 999
10 221
10 550
10 573
10 648
10 649
221 125
221 313
221 457
221 519
221 795
221 893
550 68
550 228
550 310
550 455
550 524
550 713
550 866
550 921
550 951
550 957
573 563
573 602
573 670
573 672
573 727
573 751
573 821
573 832
573 863
648 257
648 289
648 595
648 667
648 693
648 698
648 839
648 840
648 853
648 889
648 941
648 950
648 972
648 993
649 120
649 188
649 439
649 556
649 604
649 656
649 660
649 702
649 758
649 886
649 900
649 920
649 921
649 930
11 239
11 392
11 709
11 736
11 794
11 956
239 837
239 854
239 898
239 932
239 958
239 971
239 996
392 135
392 141
392 548
392 815
392 905
392 918
392 927
392 977
392 993
709 69
709 110
709 267
709 315
709 347
709 387
709 500
709 594
709 645
709 705
709 794
709 798
709 866
709 922
709 937
736 83
736 139
736 336
736 498
736 616
736 683
736 730
736 738
736 760
736 815
736 848
736 869
736 876
736 881
736 885
736 967
794 210
794 238
794 315
794 415
794 501
794 547
794 605
794 641
794 679
794 683
794 705
794 772
794 777
794 819
794 866
794 881
794 916
956 14
956 17
956 27
956 45
956 60
956 73
956 109
956 159
956 322
956 353
956 381
956 427
956 435
956 456
956 515
956 538
956 551
956 559
956 578
956 626
956 711
956 714
956 715
956 765
956 825
956 845
956 860
956 895
956 905
956 964
956 970
12 356
12 369
12 650
12 803
12 837
12 872
12 993
356 198
356 429
356 590
356 849
356 940
356 941
356 971
356 992
369 185
369 321
369 615
369 767
369 805
369 849
369 931
369 932
369 988
650 403
650 506
650 512
650 517
650 531
650 754
650 761
650 770
650 879
650 972
803 27
803 56
803 140
803 147
803 273
803 388
803 467
803 487
803 509
803 653
803 785
803 850
803 869
803 892
803 899
803 938
803 978
803 992
837 42
837 68
837 181
837 260
837 306
837 328
837 344
837 394
837 623
837 678
837 703
837 790
837 800
837 813
837 850
837 872
837 898
837 901
837 916
837 918
837 958
872 30
872 82
872 122
872 163
872 194
872 363
872 446
872 461
872 468
872 504
872 539
872 624
872 697
872 718
872 760
872 767
872 788
872 863
872 892
872 914
872 938
872 977
872 988
872 993
993 60
993 66
993 73
993 99
993 104
993 106
993 114
993 134
993 146
993 166
993 278
993 286
993 300
993 301
993 325
993 326
993 355
993 490
993 548
993 557
993 564
993 582
993 598
993 610
993 682
993 701
993 728
993 750
993 772
993 781
993 789
993 810
993 832
993 844
993 846
993 848
993 860
993 869
993 877
993 881
993 983
993 992
13 136
13 339
13 367
13 527
13 777
13 795
13 823
136 475
136 535
136 718
136 777
136 793
136 836
339 538
339 638
339 806
339 874
339 920
339 930
339 950
339 992
367 21
367 355
367 642
367 666
367 870
367 916
527 15
527 180
527 309
527 591
527 622
527 708
527 777
527 824
527 918
527 937
527 970
777 110
777 274
777 295
777 351
777 509
777 535
777 595
777 607
777 646
777 756
777 824
777 850
777 910
777 972
795 236
795 296
795 348
795 456
795 524
795 542
795 722
795 901
795 903
795 914
795 930
795 939
795 951
795 957
795 958
795 972
823 101
823 110
823 257
823 276
823 309
823 514
823 591
823 595
823 643
823 646
823 692
823 698
823 737
823 760
823 821
823 824
823 893
823 939
823 949
823 967
14 403
14 444
14 503
14 677
14 765
14 895
403 17
403 151
403 212
403 305
403 375
403 646
403 754
403 972
444 174
444 228
444 229
444 328
444 714
444 847
444 895
444 939
503 162
503 242
503 449
503 641
503 677
503 689
503 780
503 852
503 861
503 937
503 938
677 281
677 452
677 519
677 595
677 634
677 722
677 742
677 909
677 922
677 931
677 946
677 984
677 986
677 999
765 138
765 399
765 481
765 482
765 528
765 619
765 671
765 784
765 815
765 865
765 886
765 963
895 73
895 142
895 328
895 331
895 377
895 407
895 492
895 506
895 515
895 533
895 583
895 728
895 766
895 767
895 834
895 860
895 867
895 878
895 894
895 904
895 955
895 970
15 108
15 566
15 798
15 846
15 938
15 988
108 100
108 373
108 606
108 670
108 780
108 905
566 398
566 493
566 674
566 768
566 788
566 799
566 870
566 963
566 969
566 990
566 998
798 44
798 54
798 197
798 265
798 441
798 468
798 487
798 668
798 685
798 712
798 725
798 789
798 834
798 863
798 929
798 938
798 980
798 992
846 16
846 148
846 164
846 278
846 372
846 407
846 553
846 593
846 643
846 716
846 759
846 770
846 792
846 829
846 841
846 890
846 901
846 910
846 949
846 970
846 996
938 54
938 77
938 140
938 162
938 231
938 314
938 326
938 384
938 461
938 509
938 537
938 575
938 576
938 615
938 668
938 726
938 731
938 732
938 767
938 793
938 814
938 850
938 914
938 934
938 952
938 976
938 984
938 988
988 82
988 102
988 105
988 118
988 140
988 194
988 198
988 209
988 210
988 231
988 265
988 363
988 375
988 487
988 493
988 537
988 541
988 548
988 562
988 590
988 599
988 604
988 653
988 655
988 674
988 707
988 718
988 759
988 796
988 807
988 811
988 826
988 863
988 876
988 892
988 914
988 924
988 932
988 958
988 970
988 992
16 577
16 621
16 768
16 780
16 910
16 934
577 176
577 295
577 504
577 663
577 706
577 759
577 772
577 773
577 850
577 859
577 889
577 928
621 78
621 437
621 636
621 692
621 706
621 710
621 808
621 822
621 971
621 977
621 996
768 286
768 321
768 423
768 589
768 609
768 779
768 854
768 867
768 912
768 923
768 939
768 955
768 990
768 992
768 994
768 998
780 338
780 502
780 560
780 607
780 631
780 645
780 756
780 804
780 814
780 852
780 882
780 918
780 923
780 970
910 38
910 164
910 175
910 345
910 407
910 411
910 475
910 513
910 545
910 569
910 570
910 730
910 739
910 772
910 774
910 817
910 822
910 848
910 887
910 908
910 921
910 929
910 944
910 971
910 996
934 28
934 57
934 80
934 224
934 227
934 250
934 301
934 315
934 341
934 391
934 454
934 479
934 518
934 523
934 544
934 555
934 628
934 638
934 662
934 751
934 839
934 856
934 881
934 908
934 912
934 932
934 969
934 973
934 983
17 42
17 898
17 932
17 958
42 507
42 639
42 932
898 95
898 287
898 324
898 432
898 517
898 613
898 633
898 639
898 678
898 708
898 778
898 782
898 790
898 800
898 804
898 825
898 861
898 871
898 932
898 937
898 958
898 980
898 994
898 999
932 25
932 79
932 98
932 171
932 186
932 212
932 285
932 287
932 306
932 377
932 427
932 432
932 599
932 620
932 623
932 633
932 678
932 726
932 782
932 786
932 800
932 810
932 892
932 923
932 958
958 68
958 79
958 140
958 186
958 260
958 269
958 285
958 324
958 325
958 344
958 425
958 441
958 443
958 510
958 623
958 633
958 678
958 690
958 694
958 773
958 779
958 782
958 790
958 800
958 816
958 817
958 847
958 978
958 980
958 983
958 984
958 986
18 645
18 685
18 838
18 990
18 994
645 152
645 310
645 418
645 665
645 724
645 786
645 856
645 876
645 920
645 969
645 972
645 978
685 20
685 55
685 179
685 396
685 453
685 480
685 513
685 585
685 662
685 741
685 815
685 864
685 933
685 975
838 91
838 192
838 205
838 232
838 313
838 393
838 397
838 421
838 500
838 541
838 609
838 689
838 778
838 845
838 866
838 870
838 876
838 894
838 951
838 955
838 990
838 994
838 998
990 31
990 93
990 107
990 138
990 183
990 208
990 213
990 275
990 292
990 312
990 326
990 368
990 419
990 421
990 423
990 549
990 552
990 588
990 599
990 604
990 609
990 651
990 683
990 725
990 732
990 754
990 788
990 804
990 844
990 850
990 870
990 884
990 891
990 896
990 903
990 923
990 946
990 955
990 964
990 967
990 977
990 994
990 998
994 41
994 138
994 183
994 217
994 244
994 272
994 312
994 357
994 368
994 457
994 469
994 493
994 528
994 588
994 589
994 609
994 633
994 637
994 661
994 688
994 707
994 719
994 728
994 741
994 766
994 785
994 788
994 849
994 860
994 862
994 870
994 879
994 884
994 908
994 941
994 955
994 970
994 998
19 411
19 759
19 807
19 916
19 978
411 80
411 710
411 792
411 819
411 924
411 999
759 69
759 544
759 563
759 581
759 710
759 716
759 811
759 818
759 847
759 857
759 890
759 944
759 951
759 963
807 194
807 197
807 353
807 359
807 407
807 487
807 510
807 596
807 686
807 756
807 767
807 800
807 831
807 845
807 890
807 892
807 914
807 946
807 983
807 992
916 70
916 95
916 330
916 354
916 372
916 393
916 398
916 447
916 466
916 522
916 665
916 680
916 697
916 729
916 734
916 737
916 779
916 813
916 859
916 873
916 914
916 920
978 94
978 189
978 224
978 229
978 254
978 261
978 263
978 271
978 345
978 390
978 413
978 446
978 541
978 543
978 576
978 579
978 596
978 629
978 634
978 640
978 679
978 681
978 690
978 696
978 703
978 719
978 729
978 730
978 731
978 770
978 774
978 778
978 799
978 811
978 843
978 894
978 904
978 918
978 963
978 980
978 996
20 43
20 421
20 825
20 918
20 960
20 996
43 440
43 542
43 960
43 975
421 357
421 752
421 880
421 923
421 955
421 998
825 73
825 253
825 297
825 386
825 424
825 456
825 464
825 485
825 536
825 704
825 845
825 859
825 860
825 867
825 893
825 946
918 119
918 135
918 256
918 282
918 324
918 364
918 373
918 383
918 442
918 460
918 518
918 520
918 606
918 625
918 631
918 670
918 784
918 793
918 800
918 815
918 866
918 871
918 905
918 933
960 78
960 86
960 113
960 127
960 255
960 310
960 416
960 426
960 449
960 480
960 511
960 551
960 592
960 610
960 611
960 612
960 643
960 662
960 682
960 728
960 732
960 754
960 757
960 786
960 842
960 862
960 864
960 896
960 905
960 921
960 928
960 933
960 946
960 975
960 996
996 21
996 55
996 93
996 109
996 172
996 304
996 409
996 470
996 504
996 509
996 568
996 570
996 587
996 588
996 609
996 613
996 620
996 659
996 710
996 716
996 724
996 769
996 772
996 790
996 792
996 811
996 817
996 847
996 853
996 857
996 871
996 873
996 879
996 881
996 887
996 890
996 928
996 971
21 697
21 806
21 814
21 844
21 847
697 59
697 70
697 72
697 274
697 703
697 764
697 850
697 873
697 917
697 939
806 64
806 132
806 282
806 394
806 395
806 419
806 617
806 680
806 716
806 718
806 839
806 854
806 911
806 912
806 920
806 930
806 950
814 207
814 400
814 407
814 409
814 504
814 506
814 572
814 706
814 710
814 721
814 818
814 852
814 857
814 907
814 919
814 928
814 957
814 999
844 104
844 200
844 343
844 440
844 644
844 676
844 738
844 776
844 781
844 842
844 857
844 939
844 949
844 967
844 970
844 983
844 986
847 44
847 70
847 148
847 155
847 352
847 467
847 581
847 613
847 659
847 716
847 721
847 755
847 822
847 899
847 928
22 169
22 351
22 426
22 598
22 764
22 893
22 909
169 501
169 717
169 862
169 904
169 909
169 969
351 377
351 496
351 656
351 764
351 831
351 904
351 909
426 265
426 453
426 458
426 483
426 894
426 933
426 971
426 975
598 104
598 337
598 490
598 513
598 750
598 781
598 817
598 885
598 900
598 917
764 97
764 190
764 301
764 329
764 480
764 507
764 592
764 656
764 680
764 714
764 853
764 862
764 863
764 874
764 907
764 909
893 37
893 67
893 158
893 337
893 438
893 529
893 530
893 595
893 601
893 610
893 641
893 659
893 670
893 704
893 713
893 716
893 878
893 891
893 903
893 921
893 939
893 951
893 957
893 967
909 67
909 118
909 121
909 124
909 401
909 431
909 442
909 448
909 472
909 480
909 507
909 523
909 567
909 616
909 667
909 680
909 721
909 800
909 822
909 824
909 832
909 857
909 862
909 888
909 907
909 921
23 224
23 611
23 682
23 975
224 281
224 778
224 811
224 843
224 969
611 127
611 402
611 406
611 480
611 522
611 655
611 810
611 827
611 831
611 864
611 975
682 273
682 435
682 643
682 829
682 864
682 871
682 904
682 933
682 970
682 975
682 983
975 51
975 78
975 113
975 127
975 149
975 157
975 188
975 240
975 273
975 300
975 322
975 330
975 361
975 400
975 453
975 474
975 480
975 492
975 501
975 511
975 597
975 633
975 643
975 740
975 748
975 817
975 852
975 858
975 864
975 899
975 901
975 924
975 933
975 992
975 998
439 115
439 587
439 610
439 783
439 849
439 859
703 160
703 521
703 529
703 633
703 642
703 666
703 734
703 770
703 835
703 873
703 940
849 192
849 297
849 387
849 655
849 712
849 752
849 766
849 771
849 804
849 836
849 857
849 901
849 903
849 921
849 939
849 951
849 967
849 976
921 332
921 337
921 341
921 446
921 463
921 464
921 529
921 536
921 544
921 684
921 711
921 716
921 741
921 771
921 791
921 836
921 901
921 903
921 912
921 939
921 951
921 992
951 196
951 223
951 236
951 309
951 314
951 455
951 546
951 548
951 610
951 624
951 712
951 729
951 750
951 791
951 836
951 856
951 868
951 873
951 891
951 901
951 903
951 908
951 927
951 939
951 957
951 967
951 980
25 41
25 95
25 770
25 804
25 923
41 365
41 724
41 742
41 762
41 810
95 81
95 349
95 734
95 738
770 160
770 456
770 526
770 635
770 692
770 698
770 840
770 853
770 863
770 899
770 937
770 941
770 971
770 972
804 142
804 214
804 252
804 395
804 448
804 474
804 502
804 667
804 693
804 720
804 781
804 791
804 805
804 861
804 882
804 929
923 89
923 216
923 338
923 359
923 380
923 409
923 424
923 508
923 514
923 543
923 560
923 636
923 693
923 743
923 805
923 843
923 852
923 861
923 882
923 896
923 927
923 929
923 937
26 130
26 240
26 614
26 888
26 940
26 973
26 980
130 486
130 636
130 663
130 726
130 735
130 762
240 420
240 848
240 874
240 880
614 183
614 201
614 298
614 388
614 407
614 557
614 619
614 702
614 735
614 755
614 762
614 816
888 97
888 114
888 167
888 217
888 342
888 379
888 382
888 415
888 490
888 532
888 626
888 651
888 657
888 708
888 712
888 726
888 786
888 802
888 877
888 896
888 920
888 940
888 971
888 973
888 980
940 35
940 237
940 299
940 327
940 342
940 379
940 473
940 477
940 512
940 594
940 663
940 667
940 694
940 726
940 741
940 745
940 761
940 773
940 802
940 867
940 877
940 878
940 892
940 896
940 924
940 931
940 964
940 973
940 976
940 980
973 97
973 101
973 133
973 144
973 167
973 173
973 182
973 297
973 299
973 327
973 332
973 342
973 368
973 379
973 473
973 477
973 497
973 512
973 592
973 640
973 660
973 663
973 694
973 699
973 726
973 737
973 802
973 829
973 843
973 870
973 874
973 877
973 881
973 896
973 913
973 950
973 980
980 144
980 167
980 173
980 182
980 228
980 262
980 299
980 317
980 342
980 379
980 382
980 465
980 473
980 477
980 512
980 532
980 663
980 694
980 726
980 778
980 779
980 799
980 802
980 831
980 863
980 877
980 885
980 890
980 896
980 922
980 930
980 969
27 238
27 707
27 986
238 150
238 472
238 783
238 845
238 867
707 79
707 623
707 641
707 644
707 696
707 843
707 899
707 913
707 931
707 986
986 57
986 100
986 116
986 170
986 184
986 242
986 289
986 336
986 376
986 406
986 410
986 433
986 436
986 438
986 440
986 498
986 593
986 607
986 641
986 644
986 654
986 659
986 676
986 696
986 704
986 715
986 757
986 761
986 789
986 811
986 815
986 829
986 832
986 865
986 874
986 911
986 949
986 984
28 587
28 662
28 773
28 908
28 911
587 246
587 308
587 327
587 385
587 407
587 620
587 730
587 750
587 818
587 971
662 330
662 368
662 436
662 453
662 511
662 643
662 864
662 886
662 905
662 933
773 211
773 233
773 427
773 474
773 632
773 691
773 695
773 720
773 733
773 877
773 912
773 922
773 984
773 999
908 174
908 175
908 199
908 307
908 360
908 418
908 420
908 479
908 483
908 499
908 518
908 544
908 638
908 737
908 762
908 856
908 911
908 919
908 920
908 950
908 969
911 138
911 157
911 370
911 419
911 459
911 534
911 540
911 623
911 628
911 638
911 660
911 751
911 786
911 791
911 834
911 835
911 839
911 878
911 880
911 920
911 922
911 950
911 957
911 984
29 731
29 739
29 779
29 812
731 263
731 283
731 390
731 559
731 567
731 579
731 629
731 690
731 784
731 811
731 843
731 894
731 917
739 49
739 187
739 267
739 334
739 419
739 508
739 537
739 546
739 727
739 880
739 896
739 939
779 54
779 59
779 300
779 327
779 559
779 572
779 596
779 642
779 663
779 666
779 668
779 976
812 199
812 305
812 350
812 364
812 378
812 558
812 623
812 789
812 841
812 856
812 859
812 884
812 903
812 917
812 926
812 983
30 449
30 558
30 983
30 992
449 80
449 737
449 922
449 963
558 122
558 410
558 416
558 430
558 473
558 664
558 821
558 904
558 926
558 963
983 165
983 181
983 209
983 213
983 220
983 241
983 249
983 283
983 294
983 302
983 310
983 316
983 378
983 416
983 482
983 537
983 606
983 631
983 640
983 651
983 672
983 743
983 776
983 783
983 789
983 800
983 841
983 848
983 859
983 901
983 905
983 926
983 963
983 969
992 147
992 186
992 197
992 206
992 328
992 366
992 384
992 433
992 436
992 461
992 468
992 510
992 537
992 549
992 567
992 576
992 590
992 615
992 642
992 647
992 654
992 668
992 674
992 718
992 767
992 796
992 818
992 850
992 863
992 868
992 882
992 914
992 924
992 927
992 977
31 654
31 722
31 857
31 955
31 967
31 998
654 336
654 410
654 423
654 495
654 676
654 738
654 913
654 928
654 949
654 969
722 129
722 152
722 248
722 402
722 431
722 448
722 472
722 507
722 616
722 745
722 862
722 904
722 907
722 972
857 93
857 246
857 376
857 386
857 504
857 612
857 619
857 626
857 657
857 663
857 721
857 772
857 928
857 944
857 955
857 971
955 73
955 183
955 205
955 217
955 234
955 244
955 286
955 289
955 312
955 329
955 357
955 394
955 457
955 460
955 494
955 518
955 549
955 552
955 562
955 690
955 724
955 788
955 816
955 840
955 842
955 852
955 884
955 969
955 998
967 37
967 46
967 92
967 123
967 192
967 225
967 313
967 322
967 412
967 447
967 476
967 515
967 529
967 542
967 629
967 689
967 712
967 713
967 740
967 757
967 766
967 827
967 836
967 842
967 860
967 885
967 891
967 901
967 926
967 957
967 999
998 34
998 123
998 173
998 232
998 234
998 244
998 275
998 286
998 294
998 357
998 397
998 408
998 423
998 438
998 457
998 505
998 506
998 549
998 552
998 572
998 576
998 637
998 638
998 644
998 680
998 695
998 719
998 800
998 866
998 870
998 931
998 941
998 946
998 999
32 355
32 386
32 515
32 613
32 762
32 852
32 970
355 873
355 924
386 156
386 420
386 529
386 711
386 719
386 867
515 105
515 387
515 702
515 845
515 867
613 152
613 690
613 691
613 772
613 788
613 790
613 792
613 818
613 928
613 971
762 77
762 201
762 374
762 467
762 543
762 608
762 735
762 740
762 784
762 835
762 870
852 143
852 222
852 425
852 441
852 560
852 599
852 679
852 706
852 746
852 756
852 805
852 827
852 861
852 882
852 889
852 891
970 196
970 204
970 279
970 298
970 303
970 331
970 456
970 492
970 538
970 553
970 559
970 612
970 681
970 704
970 711
970 757
970 767
970 834
970 845
970 856
970 860
970 867
970 890
970 949
970 971
33 202
33 417
33 588
33 931
33 963
202 39
202 358
202 463
202 466
202 835
202 907
417 120
417 377
417 418
417 624
417 660
417 926
417 933
588 192
588 275
588 360
588 393
588 549
588 609
588 727
588 877
588 884
931 66
931 103
931 116
931 161
931 177
931 281
931 405
931 427
931 459
931 470
931 593
931 632
931 691
931 695
931 712
931 718
931 755
931 791
931 827
931 913
931 922
931 946
931 976
931 977
931 984
931 999
963 63
963 133
963 165
963 205
963 262
963 266
963 293
963 332
963 377
963 507
963 525
963 547
963 596
963 639
963 651
963 664
963 672
963 743
963 783
963 789
963 817
963 824
963 841
963 917
963 924
963 926
963 950
34 243
34 491
34 552
34 589
34 869
243 46
243 713
243 816
243 863
243 871
243 957
491 38
491 93
491 181
491 324
491 416
491 438
491 596
491 783
552 83
552 158
552 760
552 870
552 884
552 885
552 904
552 939
589 214
589 242
589 312
589 393
589 399
589 655
589 656
589 788
589 977
869 53
869 63
869 139
869 140
869 223
869 230
869 278
869 375
869 567
869 582
869 599
869 671
869 701
869 781
869 805
869 810
869 815
869 848
869 881
869 929
35 334
35 750
35 832
334 456
334 786
334 848
334 972
334 976
334 977
750 166
750 201
750 208
750 211
750 301
750 326
750 363
750 375
750 472
750 567
750 810
750 829
750 881
832 216
832 268
832 270
832 336
832 548
832 563
832 569
832 583
832 658
832 776
832 785
832 834
832 917
832 952
36 84
36 194
36 378
36 605
36 705
36 976
84 451
84 514
84 858
84 874
194 85
194 647
194 861
378 741
378 743
378 859
378 862
378 891
378 927
605 96
605 117
605 387
605 471
605 529
605 619
605 653
605 681
605 705
605 819
605 887
705 138
705 296
705 308
705 394
705 428
705 555
705 679
705 769
705 896
976 52
976 82
976 210
976 218
976 227
976 307
976 349
976 420
976 435
976 441
976 445
976 451
976 472
976 478
976 501
976 508
976 540
976 546
976 557
976 622
976 630
976 665
976 670
976 687
976 714
976 738
976 778
976 813
976 829
976 868
976 870
976 874
976 880
976 952
37 170
37 446
37 539
37 757
37 903
170 591
170 913
170 939
446 313
446 409
446 542
446 563
446 805
446 939
539 208
539 213
539 340
539 463
539 502
539 805
757 105
757 157
757 255
757 257
757 458
757 512
757 616
757 719
757 741
757 864
757 933
903 46
903 151
903 178
903 222
903 245
903 314
903 317
903 375
903 412
903 448
903 501
903 610
903 727
903 741
903 793
903 836
903 891
903 922
903 939
38 526
38 540
38 789
526 348
526 571
526 684
526 796
526 854
526 899
526 964
540 418
540 523
540 534
540 684
540 848
540 922
540 950
540 977
789 47
789 187
789 302
789 664
789 672
789 743
789 749
789 783
789 831
789 926
39 150
39 396
39 679
39 769
39 866
150 304
150 337
150 352
150 388
150 634
396 249
396 313
396 325
396 405
396 700
396 702
396 900
679 191
679 246
679 340
679 594
679 699
679 769
679 819
679 866
679 881
769 129
769 180
769 308
769 415
769 461
769 478
769 479
769 594
769 792
769 819
769 853
769 866
866 96
866 129
866 254
866 302
866 308
866 315
866 415
866 429
866 452
866 568
866 594
866 657
866 810
866 818
866 819
40 189
40 486
40 660
40 886
40 929
40 944
189 699
189 760
189 778
189 799
189 892
486 308
486 358
486 365
486 497
486 634
486 652
486 742
486 972
660 207
660 300
660 496
660 616
660 702
660 725
660 758
660 886
660 900
660 949
886 120
886 325
886 450
886 490
886 504
886 505
886 556
886 586
886 657
886 664
886 673
886 700
886 725
886 758
886 767
886 843
886 878
886 900
886 972
929 147
929 162
929 242
929 291
929 397
929 424
929 469
929 522
929 578
929 586
929 599
929 720
929 728
929 746
929 756
929 805
929 826
929 836
929 861
929 882
929 914
929 927
929 944
929 964
929 984
944 55
944 80
944 148
944 268
944 299
944 332
944 366
944 407
944 470
944 524
944 528
944 545
944 553
944 570
944 595
944 620
944 640
944 700
944 733
944 752
944 792
944 811
944 818
944 822
944 890
944 894
944 924
944 952
944 971
365 102
365 120
365 432
365 532
365 735
365 788
724 478
724 570
724 571
724 607
724 620
724 706
724 713
724 730
724 817
724 971
742 51
742 201
742 298
742 374
742 534
742 557
742 634
742 652
742 664
742 758
742 816
742 865
742 876
742 984
810 73
810 78
810 125
810 134
810 142
810 222
810 301
810 343
810 498
810 665
810 728
810 881
810 885
810 887
507 49
507 213
507 472
507 656
507 817
507 892
507 907
639 171
639 281
639 361
639 436
639 443
639 445
639 487
639 625
639 633
639 782
639 800
440 283
440 376
440 881
440 889
440 949
542 90
542 236
542 714
542 766
542 827
44 476
44 478
44 817
44 957
44 971
476 48
476 405
476 502
476 624
476 711
476 907
478 123
478 561
478 727
478 880
478 952
478 972
478 977
817 93
817 148
817 255
817 390
817 523
817 658
817 702
817 710
817 890
817 928
817 971
957 61
957 64
957 179
957 192
957 222
957 284
957 296
957 314
957 317
957 322
957 343
957 456
957 463
957 517
957 524
957 529
957 671
957 689
957 693
957 713
957 831
957 836
957 842
957 881
957 887
957 891
957 919
957 939
971 51
971 55
971 110
971 262
971 268
971 430
971 470
971 481
971 510
971 553
971 581
971 620
971 625
971 637
971 716
971 721
971 730
971 774
971 793
971 822
971 841
971 873
971 890
971 919
45 198
45 346
45 800
45 860
198 82
198 232
198 404
198 487
198 880
346 59
346 443
346 840
346 858
346 879
346 899
346 972
800 171
800 186
800 285
800 432
800 606
800 623
800 661
800 732
800 790
860 121
860 129
860 253
860 349
860 374
860 492
860 612
860 617
860 675
860 714
860 818
860 868
860 927
860 946
46 738
46 756
46 834
46 858
738 72
738 410
738 644
738 771
738 787
738 871
738 913
756 167
756 247
756 560
756 607
756 746
756 805
756 858
756 927
756 949
834 181
834 331
834 499
834 525
834 533
834 551
834 559
834 647
834 711
834 714
834 746
834 896
834 946
858 75
858 89
858 176
858 232
858 307
858 319
858 401
858 430
858 481
858 484
858 601
858 652
858 720
858 732
858 813
858 826
858 917
47 119
47 293
47 502
47 631
47 686
119 265
119 625
119 670
119 864
119 884
293 177
293 513
293 667
293 730
502 296
502 799
502 848
502 917
631 441
631 599
631 607
631 694
631 698
631 702
631 826
631 889
631 927
686 54
686 113
686 265
686 384
686 464
686 537
686 547
686 653
686 718
686 734
686 796
686 914
48 137
48 364
48 510
48 715
48 946
137 318
137 556
137 688
137 816
364 146
364 200
364 249
364 316
364 513
510 116
510 509
510 576
510 683
510 863
510 892
510 894
715 100
715 153
715 204
715 348
715 626
715 630
715 632
715 771
715 787
715 842
715 891
946 67
946 112
946 259
946 281
946 427
946 432
946 519
946 530
946 583
946 593
946 628
946 691
946 695
946 754
946 755
946 791
946 802
946 827
946 912
946 922
946 926
946 950
946 969
946 984
49 435
49 656
49 885
49 919
49 928
435 436
435 451
435 623
435 704
435 952
435 977
656 333
656 361
656 525
656 575
656 641
656 708
656 862
656 904
656 907
885 56
885 83
885 270
885 301
885 362
885 390
885 460
885 490
885 514
885 567
885 578
885 641
885 683
885 701
885 781
885 848
885 863
885 874
885 881
885 899
919 65
919 148
919 178
919 252
919 267
919 302
919 366
919 410
919 430
919 451
919 514
919 561
919 564
919 604
919 608
919 622
919 687
919 713
919 727
919 856
919 874
919 880
919 881
919 952
919 977
928 93
928 109
928 165
928 216
928 268
928 341
928 388
928 437
928 533
928 581
928 585
928 640
928 710
928 730
928 792
928 836
928 890
928 904
928 937
928 941
342 512
342 735
342 887
342 977
666 270
666 309
666 340
666 635
666 819
666 835
666 873
666 917
873 71
873 72
873 132
873 330
873 413
873 596
873 608
873 711
873 734
873 737
873 744
873 758
873 835
873 859
873 969
51 105
51 162
51 642
105 146
105 732
105 933
162 466
162 729
162 826
642 244
642 646
642 696
642 737
642 870
52 532
52 805
52 826
52 984
532 477
532 657
532 726
532 748
532 802
532 863
532 877
805 53
805 267
805 319
805 434
805 514
805 693
805 746
805 863
805 880
805 937
826 55
826 241
826 267
826 380
826 578
826 678
826 689
826 693
826 694
826 712
826 861
826 913
826 927
826 937
984 77
984 103
984 112
984 161
984 226
984 259
984 281
984 292
984 353
984 452
984 459
984 484
984 519
984 551
984 593
984 628
984 632
984 669
984 675
984 691
984 695
984 744
984 782
984 791
984 871
984 882
984 892
984 912
984 920
984 922
984 977
984 999
53 106
53 272
53 701
53 788
106 511
106 564
106 668
106 848
272 187
272 372
272 635
272 688
272 714
272 829
701 138
701 180
701 324
701 498
701 567
701 676
701 730
701 781
701 787
701 881
701 999
788 292
788 415
788 455
788 457
788 493
788 496
788 637
788 799
788 870
788 926
788 972
54 163
54 694
54 876
163 98
163 448
163 653
163 767
163 782
163 845
694 376
694 477
694 556
694 569
694 663
694 726
694 877
694 896
876 152
876 156
876 167
876 199
876 230
876 249
876 316
876 343
876 391
876 394
876 555
876 726
876 751
876 786
876 836
876 839
876 840
876 856
876 894
876 930
876 950
55 398
55 890
398 406
398 626
398 659
890 80
890 103
890 313
890 326
890 357
890 379
890 406
890 437
890 504
890 716
890 772
890 790
890 791
890 818
890 930
890 950
56 278
56 477
56 582
56 848
56 887
278 556
278 579
278 781
278 896
477 209
477 318
477 521
477 877
477 930
582 81
582 114
582 178
582 223
582 450
582 629
582 683
582 848
848 99
848 294
848 590
848 683
848 728
848 734
848 771
848 781
848 793
887 90
887 124
887 179
887 212
887 371
887 377
887 404
887 549
887 635
887 692
887 708
887 717
887 754
887 774
887 853
887 879
887 880
887 899
887 941
887 972
57 156
57 214
57 419
57 927
156 207
156 751
156 867
156 969
214 74
214 242
214 418
214 638
214 937
419 458
419 643
419 684
419 907
419 950
927 160
927 241
927 291
927 380
927 425
927 514
927 535
927 543
927 572
927 578
927 693
927 746
927 774
927 861
927 867
927 882
927 892
927 913
927 937
58 67
58 413
58 604
58 952
58 964
58 977
67 173
67 431
67 907
413 197
413 261
413 690
413 729
413 740
413 799
413 811
604 294
604 445
604 454
604 568
604 665
604 874
604 977
952 135
952 155
952 218
952 227
952 374
952 384
952 402
952 420
952 445
952 561
952 622
952 625
952 643
952 665
952 713
952 755
952 771
952 792
952 796
952 808
952 843
952 871
952 874
952 905
952 926
952 977
964 61
964 85
964 98
964 190
964 193
964 196
964 229
964 294
964 348
964 353
964 455
964 459
964 462
964 465
964 473
964 571
964 601
964 617
964 646
964 673
964 734
964 775
964 781
964 796
964 854
964 864
964 867
964 878
964 892
964 939
977 65
977 81
977 209
977 218
977 252
977 292
977 349
977 429
977 445
977 452
977 501
977 546
977 561
977 622
977 630
977 665
977 673
977 692
977 721
977 772
977 843
977 874
977 880
59 741
59 969
741 88
741 188
741 206
741 310
741 474
741 511
741 864
741 867
741 933
969 64
969 68
969 111
969 134
969 199
969 208
969 250
969 251
969 257
969 274
969 523
969 545
969 555
969 638
969 681
969 786
969 790
969 841
969 856
969 920
969 930
969 972
60 237
60 752
60 784
60 881
237 340
237 404
237 675
237 920
237 930
752 132
752 146
752 179
752 215
752 321
752 452
752 462
752 744
752 877
752 900
784 168
784 233
784 332
784 407
784 529
784 619
784 776
784 831
784 865
784 868
784 894
881 134
881 139
881 220
881 223
881 268
881 375
881 564
881 675
881 728
881 879
881 941
61 128
61 499
61 617
61 796
128 427
128 675
499 533
499 538
499 787
499 796
499 867
499 920
617 148
617 348
617 462
617 467
617 748
617 751
617 760
617 854
617 878
796 151
796 259
796 260
796 353
796 465
796 597
796 601
796 674
796 775
796 854
796 878
62 451
62 590
62 647
62 734
62 819
62 892
62 914
451 454
451 772
451 862
451 871
451 874
590 284
590 363
590 366
590 399
590 404
590 410
590 856
647 75
647 209
647 295
647 359
647 363
647 383
647 576
647 772
647 818
647 850
734 81
734 104
734 274
734 455
734 670
734 861
819 69
819 96
819 115
819 144
819 234
819 235
819 253
819 308
819 326
819 429
819 594
819 771
819 889
819 907
892 147
892 185
892 312
892 576
892 615
892 651
892 718
892 850
892 863
892 907
892 914
914 307
914 363
914 384
914 468
914 509
914 512
914 586
914 668
914 718
914 737
914 744
914 771
914 802
914 818
914 882
914 884
914 926
63 133
63 538
63 718
63 845
133 494
133 560
538 186
538 267
538 508
538 672
538 710
718 79
718 80
718 410
718 509
718 597
718 674
718 850
845 333
845 374
845 467
845 494
845 572
845 681
845 808
845 862
845 867
845 920
845 922
64 689
64 862
64 930
689 412
689 447
689 674
689 712
689 766
689 824
689 901
689 937
689 939
862 121
862 248
862 318
862 329
862 575
862 592
862 646
862 680
862 790
862 842
862 901
862 904
862 907
862 999
930 134
930 215
930 245
930 250
930 274
930 335
930 370
930 466
930 480
930 483
930 564
930 607
930 684
930 688
930 783
930 839
930 856
930 864
930 917
930 920
930 950
65 560
65 568
65 592
65 700
560 247
560 335
560 358
560 448
560 599
568 168
568 283
568 513
568 536
568 688
568 864
592 184
592 250
592 303
592 329
592 348
592 616
592 719
592 904
700 120
700 319
700 405
700 485
700 556
700 725
700 733
700 863
700 896
700 900
700 999
66 555
66 563
66 569
66 651
66 658
555 381
555 684
555 792
555 950
563 231
563 279
563 285
563 728
563 785
563 972
569 242
569 312
569 370
569 457
569 548
569 785
569 882
651 624
651 652
651 672
651 783
651 926
651 933
658 88
658 279
658 349
658 562
658 583
658 772
658 785
658 843
658 880
173 802
173 877
173 907
173 972
431 314
431 331
431 544
431 871
431 904
431 907
431 917
907 148
907 184
907 201
907 329
907 448
907 472
907 544
907 579
907 616
907 680
907 708
907 824
907 868
907 904
68 782
68 879
782 87
782 160
782 251
782 258
782 287
782 324
782 337
782 391
782 443
782 633
782 652
782 670
782 678
879 227
879 234
879 269
879 322
879 335
879 395
879 408
879 674
879 687
879 692
879 698
879 717
879 754
879 761
879 792
879 813
879 840
879 853
879 899
879 901
879 941
69 129
69 840
129 706
840 359
840 371
840 395
840 408
840 432
840 434
840 531
840 561
840 693
840 711
840 754
840 761
840 831
840 941
840 972
70 835
70 856
70 894
835 72
835 131
835 152
835 167
835 330
835 458
835 462
835 534
835 737
835 853
835 878
856 152
856 245
856 248
856 279
856 306
856 434
856 479
856 786
856 864
856 865
856 900
894 98
894 149
894 244
894 261
894 263
894 291
894 345
894 390
894 541
894 579
894 615
894 629
894 644
894 729
894 774
894 778
894 799
894 811
894 843
71 96
71 252
71 640
71 821
71 889
96 406
96 949
252 551
252 687
252 743
252 874
640 228
640 663
640 691
640 821
640 889
821 92
821 276
821 399
821 455
821 500
821 525
821 675
821 684
821 712
821 745
821 813
821 889
821 950
889 83
889 166
889 212
889 379
889 399
889 425
889 495
889 496
889 500
889 675
889 681
889 745
889 836
72 841
841 248
841 255
841 277
841 377
841 393
841 525
841 547
841 746
841 859
841 926
841 939
73 301
301 628
74 466
74 553
74 586
74 783
74 861
466 195
466 206
466 673
466 737
553 246
553 409
553 468
553 545
553 597
553 808
586 458
586 671
586 733
586 861
586 868
783 153
783 215
783 269
783 273
783 495
783 720
783 775
783 859
783 865
783 926
861 112
861 161
861 241
861 247
861 408
861 442
861 643
861 704
861 720
861 775
861 937
75 815
75 882
815 100
815 159
815 383
815 518
815 520
815 531
815 562
815 606
815 625
815 758
815 793
815 905
815 917
882 188
882 216
882 360
882 371
882 380
882 453
882 599
882 607
882 634
882 693
882 746
882 864
882 937
882 939
882 950
87 868
77 374
77 609
77 634
77 824
374 271
374 652
609 92
609 286
609 390
609 464
609 661
609 884
634 235
634 428
634 859
634 884
824 101
824 161
824 174
824 180
824 257
824 309
824 465
824 475
824 524
824 595
824 646
824 683
824 760
824 818
78 816
78 933
816 91
816 235
816 352
816 400
816 428
816 622
816 629
816 636
816 652
816 655
816 675
816 693
816 727
816 786
933 114
933 157
933 193
933 206
933 273
933 310
933 326
933 354
933 372
933 382
933 468
933 474
933 557
933 624
933 653
933 732
933 802
933 864
79 175
79 487
79 678
175 412
175 479
175 509
175 638
175 839
487 209
487 870
678 492
678 583
678 623
678 670
678 790
678 853
678 920
678 950
80 504
504 457
504 599
504 904
81 195
81 850
195 562
195 597
195 625
850 147
850 185
850 231
850 255
850 359
850 401
850 583
850 653
850 710
850 766
850 767
850 802
82 172
82 197
82 880
172 748
172 749
172 766
172 924
197 145
197 691
880 155
880 210
880 306
880 402
880 445
880 501
880 562
880 630
880 665
880 743
880 785
880 842
880 867
83 232
83 728
83 740
232 506
232 719
232 827
728 139
728 166
728 375
728 772
728 833
740 91
740 235
740 400
740 428
740 556
740 636
740 655
740 698
740 735
740 746
514 218
514 424
514 669
514 693
514 746
874 107
874 121
874 152
874 157
874 227
874 388
874 443
874 508
874 622
874 630
85 215
85 612
85 673
85 878
215 338
215 404
215 626
612 158
612 347
612 559
612 758
673 168
673 209
673 483
673 601
673 610
673 637
673 775
673 854
673 878
878 168
878 261
878 294
878 353
878 362
878 462
878 474
878 571
878 601
878 638
878 706
878 775
878 854
878 937
86 335
86 813
86 913
335 379
335 544
335 786
335 865
335 950
813 89
813 222
813 319
813 481
813 484
813 522
813 537
813 900
813 917
913 229
913 282
913 304
913 603
913 626
913 638
913 659
913 669
913 749
913 787
913 829
913 899
913 912
868 496
868 528
868 543
868 571
868 591
868 671
868 733
868 751
868 760
868 776
868 831
868 865
868 877
868 922
88 241
88 360
88 684
88 708
88 972
241 234
241 579
360 126
360 225
360 395
360 628
360 972
684 109
684 274
684 315
684 434
684 630
684 749
684 786
684 950
708 354
708 593
708 655
708 667
708 717
708 754
708 761
708 941
708 972
972 90
972 188
972 287
972 336
972 354
972 371
972 408
972 528
972 529
972 564
972 667
972 698
972 717
972 744
972 761
972 853
972 896
972 899
972 937
972 941
89 459
89 778
89 791
459 530
459 571
459 755
459 827
459 922
778 233
778 254
778 261
778 263
778 468
778 541
778 549
778 593
778 699
778 811
791 323
791 362
791 427
791 452
791 508
791 669
791 695
791 827
791 865
791 912
791 999
90 408
90 667
90 726
90 864
408 155
408 225
408 702
667 115
667 151
667 531
667 870
667 899
667 941
726 576
726 692
726 746
726 877
726 884
726 896
864 113
864 219
864 260
864 273
864 474
864 575
864 643
864 767
864 863
864 904
91 177
91 690
91 735
177 321
177 547
690 94
690 254
690 271
690 546
690 680
690 775
690 799
690 843
735 298
735 323
735 428
735 460
735 497
735 578
735 665
92 118
92 495
92 901
118 716
495 122
495 524
495 620
495 664
901 207
901 261
901 284
901 314
901 337
901 455
901 518
901 524
901 536
901 610
901 790
94 247
94 729
94 774
247 99
247 242
247 767
729 282
729 358
729 541
729 543
729 699
729 799
729 843
729 884
774 171
774 271
774 474
774 543
774 561
774 579
774 629
774 699
774 799
774 811
349 447
349 546
349 871
406 436
406 632
406 676
406 727
949 115
949 201
949 304
949 333
949 361
949 376
949 389
949 436
949 438
949 465
949 533
949 603
949 626
949 630
949 636
949 668
949 693
949 754
949 771
949 822
949 829
949 842
949 999
97 659
97 802
97 896
659 389
659 484
659 511
659 522
659 603
659 730
802 312
802 382
802 596
802 663
802 793
802 877
802 999
896 182
896 261
896 327
896 379
896 382
896 429
896 432
896 473
896 512
896 669
896 877
98 465
98 517
465 442
465 524
465 775
465 854
517 401
517 481
517 534
517 917
99 104
99 638
99 672
99 683
638 246
638 343
638 920
672 370
672 437
672 547
672 745
672 776
683 297
683 300
683 490
683 536
683 564
683 767
683 905
100 443
100 790
443 344
443 373
443 432
443 585
443 633
790 171
790 260
790 285
790 344
790 388
790 551
790 623
790 629
101 295
101 468
101 521
101 760
295 595
295 608
295 760
468 225
468 579
468 767
521 158
521 306
521 385
521 585
521 681
521 822
521 833
521 924
760 110
760 180
760 309
760 415
760 591
760 646
760 661
760 912
102 185
102 201
102 388
102 926
185 227
185 368
185 675
185 863
201 387
388 230
388 480
926 165
926 377
926 470
926 482
926 545
926 591
926 743
926 833
926 859
926 899
926 900
926 999
103 191
103 279
103 628
103 912
191 484
191 505
191 602
191 917
279 602
279 746
279 785
628 211
628 732
628 755
628 827
628 859
628 999
912 211
912 259
912 361
912 424
912 437
912 593
912 668
912 669
912 674
912 688
912 691
912 695
912 744
912 755
912 871
912 920
912 922
912 999
146 144
146 179
146 950
732 127
732 188
732 425
732 458
732 511
732 547
732 619
732 877
511 397
511 594
564 222
564 399
564 498
564 567
564 891
668 366
668 475
668 576
668 653
668 877
668 904
668 922
107 151
107 337
107 397
107 549
107 674
151 218
151 698
151 941
337 412
397 423
397 597
397 637
397 836
397 859
549 143
549 200
549 464
549 884
674 234
674 275
674 312
674 423
674 469
674 870
373 159
373 442
373 454
373 670
373 839
373 917
606 159
606 213
606 383
606 400
606 506
606 793
606 905
670 518
670 625
670 793
905 135
905 141
905 159
905 186
905 256
905 289
905 442
905 520
905 561
905 562
905 597
905 603
905 793
109 710
109 721
109 733
710 363
710 471
710 625
710 717
710 792
721 132
721 271
721 409
721 420
721 505
721 536
721 725
721 792
721 818
721 937
733 157
733 316
733 347
733 416
733 831
733 843
733 865
110 275
110 920
275 207
275 505
275 884
920 111
920 245
920 274
920 318
920 415
920 418
920 534
920 622
920 702
920 751
920 786
920 836
920 941
111 391
111 751
391 370
391 691
391 699
391 719
751 164
751 291
751 534
751 720
751 822
751 950
112 321
112 827
112 999
827 328
827 400
827 632
827 644
827 727
827 744
827 748
827 755
827 792
827 922
827 999
999 161
999 180
999 211
999 259
999 281
999 298
999 325
999 329
999 427
999 452
999 500
999 519
999 530
999 593
999 619
999 632
999 669
999 691
999 695
999 744
999 755
999 775
999 822
999 863
999 871
999 922
113 176
113 479
176 401
176 513
176 917
479 147
479 314
479 730
479 950
114 490
114 725
114 859
490 309
490 375
490 775
725 182
725 485
725 505
725 534
725 657
725 758
725 900
859 181
859 213
859 482
859 518
859 525
859 661
859 664
859 867
115 387
115 415
387 429
387 941
415 179
116 433
116 436
116 792
433 251
433 282
433 286
433 410
433 829
436 219
792 244
792 394
792 570
792 761
792 772
792 917
117 328
117 917
117 924
328 299
328 358
917 135
917 307
917 319
917 401
917 481
917 484
917 522
917 808
924 131
924 166
924 178
924 262
924 305
924 347
924 350
924 363
924 405
924 471
924 585
924 608
924 661
924 681
924 748
924 749
924 808
924 833
924 941
716 410
716 483
716 581
716 793
716 818
716 822
265 206
265 359
265 822
625 193
625 235
625 520
884 123
884 126
884 217
884 267
884 357
884 375
884 441
884 469
884 719
884 808
884 870
884 950
120 702
702 145
702 405
702 657
702 900
702 950
121 380
121 429
121 904
380 418
380 596
380 717
380 900
429 594
904 124
904 190
904 329
904 404
904 448
904 528
904 575
904 616
904 680
904 781
122 141
122 675
141 597
141 761
675 219
675 676
675 745
123 299
123 506
299 512
299 899
506 347
506 368
506 637
506 719
124 166
124 248
124 317
166 839
248 680
248 785
317 158
317 251
317 520
317 712
317 891
125 135
125 327
125 624
327 383
327 663
624 158
624 447
624 464
624 524
624 720
624 891
126 236
126 572
236 447
572 159
572 160
572 210
572 692
127 376
127 601
127 663
376 626
376 696
376 745
376 776
601 165
601 571
601 655
601 854
663 382
663 533
663 871
706 190
706 291
706 501
706 570
706 581
706 772
706 853
706 891
636 147
636 235
636 313
636 352
636 652
636 787
636 937
131 181
131 619
131 713
131 808
181 302
181 922
619 776
713 352
713 445
713 455
713 529
713 536
713 749
713 891
808 183
808 253
808 362
808 454
808 458
808 471
808 497
808 585
808 608
808 661
808 681
808 748
808 833
132 730
730 437
730 570
730 633
730 818
494 297
494 303
494 331
494 345
494 482
494 571
134 218
134 498
218 485
218 727
498 259
498 544
498 581
498 655
498 744
475 144
475 174
475 389
475 535
475 591
475 595
535 257
535 483
535 646
535 691
535 941
793 206
793 442
793 460
793 518
793 597
793 891
836 192
836 222
836 402
836 464
836 766
836 818
836 831
836 939
318 262
318 409
318 602
556 438
556 657
556 758
556 900
688 338
688 505
688 513
688 635
688 652
688 746
138 637
637 472
637 509
637 771
637 799
637 870
139 785
785 262
785 382
785 548
785 583
785 781
785 870
785 891
140 180
140 737
180 646
737 596
737 602
597 460
597 520
597 578
597 695
761 270
761 273
761 358
761 390
761 635
761 687
761 853
761 891
761 899
761 941
142 401
142 720
142 937
401 184
401 839
720 204
720 512
720 578
720 599
720 607
720 669
720 937
720 950
937 143
937 216
937 291
937 424
937 441
937 483
937 578
937 704
937 711
937 787
937 865
937 941
143 204
143 593
204 188
204 607
204 839
593 669
593 744
144 418
144 473
473 228
473 492
473 877
145 485
145 500
145 505
145 811
145 900
485 370
485 450
485 505
485 665
485 755
485 839
500 199
505 384
505 405
505 450
811 271
811 390
811 412
811 541
811 602
811 843
900 147
900 260
900 325
900 354
900 450
900 519
900 585
900 633
900 657
900 696
900 758
950 343
950 370
950 394
950 438
950 483
950 501
950 620
950 635
950 786
950 818
950 839
149 519
149 576
149 831
519 543
519 622
519 691
519 922
576 743
576 863
831 492
831 671
831 691
831 776
831 865
304 158
304 284
304 325
304 389
352 298
352 456
352 608
352 655
698 263
698 581
698 692
698 754
698 758
698 899
941 212
941 266
941 371
941 531
941 575
941 622
941 635
941 680
941 692
941 754
941 853
941 899
152 839
839 157
839 250
839 270
839 287
839 370
839 453
839 481
153 463
153 543
153 616
153 842
463 160
463 341
463 493
543 629
543 799
543 843
616 472
616 575
616 657
616 822
842 164
842 259
842 277
842 333
842 533
842 541
842 641
842 676
842 787
842 829
842 854
208 258
208 602
338 513
338 545
338 664
382 205
382 541
712 207
712 284
712 330
712 644
712 766
155 416
155 501
416 220
416 305
416 570
416 585
501 508
501 871
867 196
867 481
867 508
867 818
157 458
458 235
159 522
522 307
161 452
161 676
161 939
452 531
452 603
452 922
676 384
676 453
676 641
676 704
676 745
676 758
939 296
939 322
939 332
939 357
939 529
939 596
939 766
939 829
939 853
939 891
448 277
448 680
653 168
653 322
653 464
653 537
653 863
767 206
767 536
767 545
164 531
164 620
164 743
164 822
531 393
531 643
531 822
531 853
531 899
620 233
620 424
620 545
620 585
620 635
743 266
743 315
743 363
743 377
743 496
743 524
822 167
822 268
822 470
822 772
165 493
165 530
493 205
493 292
493 474
493 693
493 719
530 268
530 273
530 384
530 744
530 755
530 922
167 877
877 182
877 329
877 595
877 646
877 755
168 644
168 854
644 410
644 423
644 559
644 641
644 771
644 853
854 220
854 287
854 294
854 462
854 524
854 629
854 775
854 922
717 289
717 303
717 308
717 322
717 395
717 484
717 635
717 786
717 899
591 257
591 276
591 309
591 775
171 383
171 447
383 256
383 518
383 632
447 200
447 537
447 891
748 302
748 347
748 497
748 579
748 681
748 749
748 833
749 471
749 497
749 626
749 661
749 681
749 758
749 833
749 899
766 332
766 399
766 692
766 755
174 276
174 646
276 303
276 385
276 595
646 266
412 450
412 518
412 610
412 623
509 206
509 343
509 704
513 350
547 249
547 786
547 818
178 608
178 833
608 347
608 350
608 454
608 570
608 781
833 200
833 226
833 368
833 385
833 454
833 471
833 557
833 575
833 585
833 661
833 865
302 253
922 377
922 390
922 404
922 575
922 632
922 669
922 695
922 744
182 359
182 420
182 632
359 863
420 871
632 296
632 423
632 744
183 292
292 227
292 393
292 471
184 472
184 575
184 799
184 871
472 469
575 525
575 680
799 284
799 523
799 567
799 629
799 699
799 714
799 843
871 227
871 267
871 340
871 462
871 508
871 546
871 561
871 687
871 727
368 719
368 870
863 216
863 282
863 366
863 537
863 615
186 324
186 424
324 268
324 385
187 316
187 375
316 283
316 450
699 254
699 256
699 430
699 541
699 545
699 551
699 695
699 843
190 470
190 508
190 545
190 818
470 246
470 400
545 409
545 474
818 437
818 581
818 665
484 336
484 607
602 262
602 460
192 350
192 626
350 269
350 347
626 226
626 610
193 294
193 695
193 775
294 450
695 546
695 581
775 229
775 345
775 497
775 571
562 277
562 442
562 460
562 518
196 467
196 652
467 253
467 312
467 776
652 230
652 453
652 595
652 655
691 669
404 258
199 523
199 687
523 289
523 394
523 496
523 544
523 571
687 430
687 461
687 630
687 727
358 704
607 441
607 870
205 332
205 453
205 719
453 310
719 345
719 362
719 546
258 372
258 754
209 231
231 284
231 287
210 430
210 610
610 445
610 455
211 256
211 865
256 229
256 460
256 603
865 233
865 496
865 497
865 528
865 727
865 776
212 257
212 853
853 289
853 395
853 533
853 781
853 899
242 234
216 331
331 445
331 551
217 371
217 469
217 570
371 899
469 286
469 323
469 457
570 245
570 520
727 266
727 441
727 630
219 285
219 745
285 260
745 254
745 425
745 428
220 643
220 664
643 255
643 474
664 226
664 544
313 594
457 284
457 746
457 870
222 891
891 322
891 379
891 395
891 464
891 536
891 546
891 594
223 246
223 300
223 546
246 344
300 557
300 781
281 277
843 345
843 579
843 758
225 454
225 635
225 692
225 787
454 681
635 315
635 354
635 480
692 289
692 438
692 899
787 277
787 361
787 583
787 615
787 696
787 829
226 603
226 786
226 829
603 310
603 323
603 336
603 615
786 381
786 585
786 754
829 438
829 711
228 297
228 533
297 557
297 615
533 354
229 548
548 270
548 583
230 370
230 437
230 655
370 432
437 771
655 400
655 557
284 524
287 432
287 525
233 462
462 571
462 744
462 772
234 244
235 680
680 704
579 390
579 528
245 455
344 306
344 899
249 559
559 319
559 623
250 657
250 671
657 325
657 450
657 599
657 758
251 434
251 534
434 483
434 641
434 781
551 283
551 456
551 711
253 389
389 450
254 291
254 357
291 630
357 704
460 329
460 599
372 384
754 354
754 594
260 461
461 308
461 615
261 483
263 298
263 345
298 520
298 557
266 305
266 696
305 269
305 681
305 711
696 336
696 450
267 665
665 423
665 622
665 870
268 314
269 525
270 583
583 711
271 629
714 303
714 330
714 704
274 544
544 394
385 497
385 536
385 661
277 771
771 361
781 326
781 561
781 870
746 428
746 578
282 361
361 333
283 381
381 343
381 578
381 581
289 899
899 561
630 402
630 744
630 758
393 296
393 594
393 870
471 661
296 536
536 464
557 400
615 384
615 758
615 776
520 442
512 641
512 669
325 758
681 585
711 704
306 633
633 623
307 395
308 578
353 402
315 428
409 744
319 870
870 661
366 623
323 537
537 661
445 423
333 341
379 755
336 641
402 481
362 776
442 581
755 744
541 480
425 492
441 528
599 693
