0: 0 2 28 146 201 217 233 267 339 352 354 358 390 409 479 508 520 583 625 639 647 648 670 700 724 760 764 801 811 852 857 899 917
1: 1 44 55 65 69 97 107 242 248 260 268 287 297 392 397 399 421 430 431 439 440 472 485 497 542 582 588 611 615 617 643 666 710 715 729 730 805 845 866 886 888 892 902 942 953 966 977 979 999
2: 3 24 51 90 132 184 189 208 235 252 270 283 349 363 378 416 466 467 491 518 525 540 550 584 599 601 659 678 810 835 873 874 943 945 946 948 964
3: 4 42 76 106 111 139 277 295 375 435 453 475 494 513 534 538 719 755 790 794 815
4: 5 22 27 66 130 171 206 280 317 379 389 432 509 546 560 565 593 618 706 766 804 808 814 819 823 838 844 853 879 901
5: 6 38 112 120 231 276 316 359 372 408 411 568 571 576 609 612 645 679 751 787
6: 7 18 35 37 53 67 68 70 91 92 138 142 179 255 296 318 319 461 484 487 493 514 532 602 605 621 637 664 684 708 770 837 858
7: 8 23 73 133 204 218 225 229 254 256 269 279 300 314 328 355 443 458 473 564 607 641 692 714 754 832 855 865 871 878 923 930 954 956 958 961 962 967 970 978
8: 9 58 95 101 169 182 211 214 309 324 364 405 446 464 470 483 510 522 562 604 626 657 662 701 735 779 782 796 826 833 868 894 912 919 921
9: 10 56 60 108 135 160 195 236 265 291 298 308 325 338 419 450 456 471 536 552 567 653 668 675 728 774 890 900 905
10: 11 48 75 125 151 226 246 273 292 299 303 361 401 418 428 463 524 558 566 575 652 655 656 680 693 712 741 742 772 836 843 860 864 872 915 933 937 951 971 980 985 987 991 994
11: 12 39 74 103 159 196 219 315 327 410 436 500 544 547 592 623 651 660 691 731 732 822 847 861 863 870 885
12: 13 59 63 72 104 121 172 245 249 320 333 345 384 398 449 489 498 578 581 600 614 619 628 778 803 877 882
13: 14 45 62 116 134 162 173 210 212 239 278 294 307 346 374 412 414 501 541 556 557 594 640 658 677 688 697 738 793 825 829 834 842 869 896 897 903 908 947 950 972 975 981 995
14: 15 40 54 81 170 244 282 290 335 360 403 469 481 548 586 610 630 649 687 763 769 785 813
15: 16 17 31 33 50 150 156 163 207 228 272 348 447 499 553 616 681 686 695 718 807 841
16: 19 109 147 165 167 336 351 402 417 438 441 482 492 504 523 533 591 638 661 685 704 745 827 839 867
17: 20 98 149 177 275 385 391 407 476 506 516 535 551 554 589 590 608 682 683 707 709 736 737 739 747 802 809 817 818 840 895 914 926 939 949
18: 21 34 57 82 105 119 157 180 181 190 191 262 289 293 310 380 381 388 395 413 445 486 496 531 543 597 620 629 689 698 720 767 775 781 848 881 898 907 936 955 957 973 974 984 992
19: 25 47 84 94 113 118 178 199 230 341 362 383 459 465 468 555 596 622 644 654 694 727 761 771 777 795 856 880 889 893 904 931 932 941
20: 26 61 79 87 96 102 115 117 153 232 353 393 415 425 433 444 451 457 460 480 488 515 573 690 744 816
21: 29 32 41 123 136 155 188 209 220 221 224 257 264 274 323 329 334 356 366 368 394 400 530 734 759 799 849 851 883 884 913
22: 30 78 89 93 122 144 197 200 238 250 259 302 331 370 371 376 434 503 526 569 570 627 663 717 791 824 859
23: 36 43 52 124 127 166 168 187 215 227 258 288 305 337 340 343 357 367 377 404 426 442 507 512 521 539 579 624 631 667 726 743 748 789 821 846 862 920 927 934 935 959 976 986 989 990
24: 46 88 110 145 152 164 185 240 251 263 271 285 322 326 344 427 437 478 519 527 545 561 574 603 650 703 740 768 830 887 911 929 940
25: 49 83 86 126 128 141 154 213 223 234 237 247 286 321 350 365 455 462 490 505 511 559 563 577 634 669 746 762 773 780 783 806 828 875 918 925 928 938 960 963 968 969 982 988 996 997
26: 64 85 99 143 158 174 183 193 203 216 222 266 301 369 396 422 448 452 529 549 606 613 636 665 673 676 713 722 733 753 757 758 786 788 831 854 876 891 906 909 910 916 922 924 944 952 965 983 993 998
27: 71 77 114 140 175 176 192 202 243 253 306 382 406 420 429 502 587 598 632 633 699 756 784 800
28: 80 131 137 161 205 281 312 313 373 387 423 424 474 477 537 580 585 702 723 776 797 850
29: 100 194 241 311 332 342 347 386 495 572 595 635 674 696 705 711 716 721 749 812
30: 129 148 186 198 261 284 304 330 454 517 528 642 646 671 672 725 750 752 765 792 798 820
