0: 0 14 89 92 95 99 104 109 115 287 435 449 463 481 513 600 607 614 618 628 653 667 710 732 769 789 831 882 957 958 966 968 992 999
1: 1 46 60 184 202 229 263 296 317 370 434 457 464 492 523 549 559 700 744 885 897 908 944
2: 2 36 38 61 121 183 194 205 234 340 359 391 429 433 456 477 480 497 499 501 518 526 538 567 579 644 646 690 696 721 724 820 838 855 883 884 922 942 946 990
3: 3 129 140 152 165 182 192 300 334 346 431 461 486 505 508 564 619 675 701 703 864 895
4: 4 21 42 43 86 100 137 138 164 207 226 247 252 314 319 377 396 398 404 469 470 525 527 531 629 651 652 697 709 792 812 857 901 914 921 924 929 952 974 981 985
5: 5 31 68 85 157 170 173 177 203 211 251 271 347 424 485 539 560 577 578 648 650 683 735 770 791 835 865 870 880 928 979 982
6: 6 15 49 65 67 120 141 187 221 228 246 255 261 264 273 293 318 384 395 399 414 426 438 447 466 473 510 512 521 551 595 596 602 610 636 641 647 676 685 756 775 796 804 813 907 980 984 998
7: 7 13 17 28 39 51 136 171 240 260 362 368 372 385 392 413 474 574 632 687 714 793 800 805 837 893 894 900 905 972 989 996
8: 8 12 56 64 80 83 222 286 289 328 345 350 387 603 630 637 657 659 699 708 712 726 771 778 779 795 850 851 869 872 889 967 976
9: 9 23 90 101 105 122 131 135 172 178 195 259 408 425 562 565 590 643 666 673 677 680 692 694 741 758 784 786 797 833 843 848 886 931 932 963 986 991
10: 10 25 44 53 58 76 81 114 117 146 151 168 196 204 236 254 280 290 349 356 360 363 364 448 467 493 514 524 536 544 576 620 663 665 689 704 706 715 722 783 803 809 859 888 904 923 930 935 994 997
11: 11 94 153 176 191 201 292 383 409 430 444 450 468 520 593 598 615 633 678 682 733 745 763 781 818 910 956
12: 16 66 71 98 142 185 206 216 305 348 365 410 459 517 581 594 612 638 656 698 740 757 788 824 852 863 879 903 916 940 960
13: 18 32 34 62 74 128 158 163 220 224 266 267 311 390 484 496 571 662 718 725 766 808 887 941 954
14: 19 73 112 144 166 167 175 180 209 227 239 253 283 298 310 325 333 337 342 382 405 432 453 572 601 622 631 640 674 747 780 853 860 862 866 891 892 945 949 965
15: 20 24 27 48 75 134 150 160 198 217 230 262 276 294 295 313 400 403 411 415 436 454 471 489 491 502 515 542 554 569 592 617 624 669 693 695 730 759 765 768 785 798 801 878 881 896 917 938 988
16: 22 59 69 102 126 181 265 272 304 394 402 440 442 452 475 483 519 528 543 580 582 585 634 671 672 727 736 737 742 753 773 777 830 836 841 845 847 858 915 920 953 983
17: 26 33 82 119 130 147 190 199 218 278 284 375 388 540 547 716 734 738 754 761 849 927 937 959 964 973
18: 29 35 63 88 108 149 188 189 197 245 275 285 315 332 353 357 401 423 451 476 479 495 534 535 561 597 616 767 825 839 874 890 969 970
19: 30 72 91 132 186 212 219 232 243 249 320 366 378 397 416 428 445 490 550 606 623 642 654 743 750 787 794 807 819 822 828 842 877
20: 37 118 154 155 159 169 225 248 257 258 277 330 343 376 412 465 482 548 604 739 760 802 823 854 861 875 898 947 948 971 995
21: 40 57 77 87 103 107 116 148 174 213 238 274 301 323 635 660 679 717 723 729 790 871 902 912 943 961
22: 41 125 242 307 339 355 371 379 427 441 494 500 511 516 605 608 670 688 720 814 826
23: 45 93 97 111 210 291 309 316 327 381 421 487 530 533 627 645 691 746 764 782 799 817 834 909 939
24: 47 78 84 110 123 161 162 223 237 288 303 312 331 338 367 374 389 443 455 460 503 506 509 529 546 552 558 570 573 588 621 639 661 668 684 776 840 868 962 978 987
25: 50 52 124 156 193 241 244 256 270 299 306 335 336 344 361 369 507 557 575 589 702 711 810 811 919 934
26: 54 55 70 79 113 139 143 297 326 351 417 418 541 566 586 649 681 731 755 815 821 906
27: 96 133 200 235 269 302 308 462 472 488 498 504 587 591 613 748 751 752 816 829 846 899 933
28: 106 145 215 231 250 268 279 281 282 321 322 324 329 386 393 406 439 458 478 522 532 537 555 556 583 584 599 611 658 664 686 719 728 762 772 774 873 876 911 913 926 951 955 975 977
29: 127 179 208 214 233 341 352 354 358 373 380 407 419 420 422 437 446 545 553 563 568 609 625 626 655 705 707 713 749 806 827 832 844 856 867 918 925 936 950 993
