0 346
0 646
0 649
0 827
0 906
0 912
0 982
346 49
346 537
346 689
346 815
346 952
346 980
346 984
346 988
646 83
646 575
646 678
646 894
646 903
646 906
646 912
646 914
646 958
646 981
646 982
646 991
646 992
649 244
649 272
649 521
649 631
649 835
649 837
649 844
649 871
649 883
649 901
649 922
649 969
649 983
827 21
827 256
827 352
827 370
827 388
827 537
827 565
827 600
827 609
827 610
827 615
827 699
827 767
827 774
827 894
827 896
827 958
827 970
827 973
827 981
827 982
827 987
827 992
906 49
906 203
906 217
906 304
906 352
906 363
906 524
906 582
906 650
906 655
906 699
906 724
906 766
906 798
906 846
906 851
906 894
906 896
906 912
906 913
906 920
906 926
906 933
906 937
906 958
906 970
906 982
906 987
906 992
906 994
912 77
912 141
912 217
912 304
912 324
912 509
912 533
912 546
912 564
912 641
912 655
912 690
912 750
912 798
912 803
912 811
912 812
912 846
912 851
912 907
912 919
912 920
912 956
912 958
912 970
912 982
912 987
912 989
912 992
982 36
982 76
982 77
982 102
982 115
982 138
982 234
982 273
982 298
982 304
982 338
982 397
982 475
982 529
982 542
982 552
982 566
982 600
982 655
982 713
982 755
982 767
982 783
982 793
982 798
982 802
982 822
982 851
982 880
982 894
982 896
982 934
982 943
982 944
982 955
982 958
982 967
982 970
982 973
982 981
982 987
982 992
1 42
1 686
1 708
1 774
1 854
1 940
1 954
42 19
42 264
42 454
42 697
42 838
42 923
686 387
686 422
686 455
686 460
686 516
686 569
686 598
686 626
686 660
686 696
686 759
686 771
686 818
686 923
686 940
708 183
708 203
708 242
708 309
708 313
708 596
708 610
708 636
708 661
708 697
708 858
708 877
708 887
708 900
708 931
708 936
774 6
774 8
774 10
774 34
774 202
774 282
774 292
774 406
774 422
774 438
774 626
774 759
774 766
774 834
774 838
774 904
774 923
774 940
774 985
854 256
854 259
854 376
854 387
854 466
854 520
854 542
854 549
854 734
854 747
854 764
854 765
854 772
854 773
854 785
854 798
854 815
854 898
854 920
854 938
854 941
854 945
854 952
854 984
854 993
940 10
940 19
940 73
940 114
940 137
940 195
940 236
940 292
940 314
940 322
940 422
940 438
940 460
940 462
940 465
940 550
940 569
940 592
940 626
940 641
940 669
940 693
940 709
940 727
940 748
940 759
940 766
940 818
940 838
940 923
940 939
940 976
940 977
954 2
954 13
954 212
954 272
954 307
954 312
954 339
954 340
954 356
954 449
954 467
954 483
954 521
954 534
954 536
954 582
954 588
954 630
954 658
954 707
954 733
954 735
954 776
954 777
954 791
954 806
954 810
954 835
954 842
954 845
954 871
954 881
954 883
954 891
954 920
954 922
954 969
954 983
2 399
2 695
2 790
2 837
2 922
2 996
399 186
399 373
399 478
399 637
399 749
399 861
399 874
399 926
399 967
695 241
695 377
695 452
695 475
695 525
695 535
695 650
695 734
695 747
695 856
695 898
695 915
695 938
695 956
695 985
790 305
790 340
790 623
790 630
790 657
790 667
790 680
790 681
790 716
790 806
790 814
790 835
790 837
790 881
790 891
790 916
790 924
790 962
790 969
790 974
837 10
837 50
837 296
837 343
837 402
837 501
837 579
837 626
837 630
837 658
837 680
837 726
837 736
837 766
837 779
837 796
837 802
837 881
837 883
837 891
837 896
837 983
922 101
922 131
922 191
922 270
922 355
922 454
922 461
922 510
922 519
922 536
922 578
922 579
922 680
922 709
922 733
922 750
922 775
922 802
922 810
922 812
922 834
922 835
922 871
922 891
922 924
922 943
922 969
922 983
922 990
922 999
996 14
996 26
996 45
996 70
996 116
996 129
996 151
996 165
996 180
996 187
996 189
996 207
996 210
996 265
996 349
996 360
996 372
996 388
996 425
996 439
996 440
996 442
996 484
996 526
996 543
996 570
996 605
996 610
996 615
996 625
996 633
996 650
996 667
996 691
996 702
996 710
996 724
996 725
996 738
996 740
996 808
996 860
996 901
996 910
996 933
996 948
996 965
996 974
996 995
3 296
3 351
3 811
3 832
3 840
3 926
3 944
296 578
296 846
296 881
296 908
296 924
296 969
296 983
351 527
351 576
351 806
351 830
351 964
351 971
351 980
351 990
811 250
811 485
811 507
811 537
811 615
811 689
811 736
811 771
811 799
811 830
811 836
811 840
811 848
811 852
811 853
811 857
811 874
811 879
811 885
811 926
811 944
832 21
832 237
832 255
832 279
832 328
832 511
832 584
832 604
832 626
832 647
832 651
832 692
832 721
832 750
832 760
832 795
832 800
832 850
832 864
832 868
832 889
832 936
832 941
832 967
840 97
840 368
840 485
840 494
840 531
840 615
840 631
840 643
840 680
840 694
840 724
840 736
840 771
840 779
840 830
840 836
840 848
840 852
840 901
840 944
840 945
840 980
840 995
926 36
926 200
926 216
926 224
926 333
926 348
926 368
926 468
926 485
926 494
926 643
926 689
926 703
926 724
926 736
926 737
926 748
926 771
926 775
926 799
926 830
926 836
926 847
926 848
926 852
926 879
926 910
926 944
926 959
944 106
944 200
944 290
944 348
944 359
944 368
944 430
944 485
944 494
944 615
944 625
944 643
944 717
944 724
944 736
944 737
944 756
944 771
944 796
944 825
944 830
944 836
944 848
944 849
944 852
944 862
944 879
944 924
944 946
944 947
944 972
944 995
4 498
4 672
4 757
4 859
4 888
4 898
4 965
498 27
498 58
498 482
498 533
498 709
498 743
498 845
498 909
498 962
498 997
672 23
672 163
672 188
672 379
672 453
672 481
672 593
672 693
672 766
672 810
672 867
672 893
672 965
672 984
757 5
757 57
757 79
757 178
757 246
757 277
757 293
757 453
757 467
757 531
757 579
757 580
757 826
757 874
757 877
757 888
757 893
757 921
757 936
859 374
859 404
859 410
859 452
859 512
859 518
859 527
859 609
859 622
859 638
859 728
859 807
859 822
859 885
859 909
859 929
859 947
859 960
859 962
859 970
859 972
859 976
859 979
859 983
859 997
888 23
888 32
888 53
888 82
888 211
888 247
888 269
888 330
888 340
888 453
888 531
888 538
888 558
888 607
888 637
888 648
888 693
888 696
888 719
888 825
888 839
888 893
888 933
888 941
888 965
888 981
888 997
898 49
898 115
898 154
898 156
898 306
898 387
898 522
898 546
898 555
898 610
898 641
898 645
898 653
898 680
898 690
898 771
898 772
898 783
898 815
898 855
898 858
898 938
898 941
898 952
898 958
898 984
898 988
898 993
965 5
965 16
965 23
965 79
965 89
965 178
965 200
965 246
965 247
965 269
965 293
965 295
965 322
965 326
965 329
965 330
965 352
965 379
965 391
965 406
965 429
965 456
965 496
965 500
965 521
965 531
965 558
965 580
965 603
965 648
965 719
965 782
965 825
965 873
965 893
965 908
965 953
965 977
5 7
5 521
5 619
5 893
5 919
7 366
7 372
7 862
7 939
7 953
7 999
521 246
521 456
521 580
521 593
521 692
521 893
521 976
521 978
619 137
619 567
619 711
619 713
619 742
619 777
619 789
619 800
619 814
619 868
619 918
619 935
619 968
893 41
893 57
893 65
893 191
893 247
893 373
893 406
893 432
893 435
893 453
893 509
893 531
893 532
893 538
893 558
893 597
893 648
893 719
893 749
893 762
893 773
893 801
893 816
893 825
919 117
919 254
919 262
919 286
919 347
919 363
919 366
919 408
919 469
919 496
919 502
919 627
919 629
919 632
919 687
919 755
919 778
919 787
919 821
919 834
919 850
919 867
919 878
919 927
919 937
919 950
919 959
919 961
919 975
919 978
919 986
6 273
6 311
6 589
6 745
6 795
6 829
273 388
273 495
273 605
273 745
273 794
273 843
273 976
311 89
311 417
311 513
311 618
311 727
311 764
311 876
311 958
589 89
589 92
589 309
589 388
589 417
589 678
589 727
589 745
589 794
589 804
589 849
589 993
745 89
745 120
745 125
745 274
745 308
745 476
745 495
745 727
745 742
745 794
745 804
745 848
745 874
745 934
745 953
745 994
795 21
795 44
795 65
795 328
795 364
795 596
795 624
795 651
795 666
795 692
795 717
795 721
795 750
795 861
795 868
795 872
795 889
795 936
795 972
795 995
829 37
829 73
829 81
829 157
829 220
829 313
829 371
829 403
829 506
829 671
829 682
829 716
829 721
829 740
829 749
829 849
829 861
829 873
829 904
829 950
829 967
829 969
829 972
366 59
366 678
366 679
366 759
366 910
366 964
366 991
372 360
372 585
372 605
372 728
372 901
372 966
372 968
372 974
862 90
862 163
862 196
862 207
862 350
862 392
862 398
862 446
862 461
862 482
862 499
862 501
862 587
862 703
862 761
862 782
862 796
862 824
862 882
862 941
862 947
862 949
862 977
862 994
939 12
939 124
939 392
939 450
939 517
939 556
939 601
939 638
939 643
939 679
939 712
939 743
939 748
939 754
939 769
939 770
939 779
939 812
939 816
939 824
939 860
939 903
939 910
939 914
939 942
939 945
939 953
939 958
939 964
939 988
939 989
939 991
939 998
939 999
953 58
953 65
953 133
953 165
953 180
953 278
953 474
953 517
953 526
953 556
953 616
953 674
953 679
953 698
953 706
953 707
953 712
953 720
953 723
953 734
953 743
953 748
953 778
953 816
953 831
953 872
953 889
953 903
953 910
953 945
953 969
953 989
953 991
953 998
953 999
999 58
999 65
999 75
999 179
999 253
999 278
999 298
999 304
999 324
999 341
999 359
999 450
999 459
999 468
999 491
999 493
999 517
999 556
999 569
999 573
999 616
999 664
999 683
999 705
999 712
999 734
999 743
999 762
999 769
999 770
999 816
999 818
999 831
999 903
999 910
999 918
999 942
999 945
999 964
999 976
999 978
999 989
999 991
999 992
999 993
999 998
8 148
8 422
8 423
8 669
8 826
8 905
148 357
148 359
148 478
148 819
148 925
148 935
422 263
422 759
422 886
422 923
422 959
422 978
423 71
423 462
423 636
423 696
423 766
423 838
423 923
423 985
423 993
669 233
669 407
669 465
669 569
669 603
669 687
669 696
669 733
669 759
669 766
669 879
669 883
669 923
826 158
826 164
826 334
826 403
826 414
826 553
826 591
826 637
826 705
826 746
826 835
826 847
826 861
826 863
826 874
826 880
826 897
826 901
826 902
826 950
826 951
826 967
905 58
905 75
905 85
905 116
905 129
905 266
905 280
905 341
905 397
905 418
905 430
905 459
905 468
905 486
905 556
905 618
905 679
905 712
905 734
905 748
905 749
905 770
905 816
905 903
905 904
905 917
905 945
905 964
905 989
905 991
9 48
9 170
9 744
9 879
9 881
9 956
9 985
48 290
48 428
48 551
48 760
48 880
48 985
170 216
170 356
170 472
170 611
170 760
170 865
170 916
744 151
744 167
744 391
744 405
744 437
744 577
744 591
744 614
744 658
744 738
744 856
744 880
744 915
744 921
744 956
744 957
744 960
744 985
879 93
879 224
879 348
879 392
879 433
879 445
879 485
879 494
879 615
879 643
879 689
879 736
879 737
879 771
879 819
879 830
879 836
879 847
879 848
879 852
879 890
879 897
879 948
881 20
881 206
881 246
881 307
881 339
881 579
881 658
881 680
881 681
881 707
881 802
881 806
881 821
881 835
881 861
881 871
881 875
881 899
881 924
881 958
881 962
881 973
881 983
956 30
956 55
956 78
956 83
956 100
956 130
956 167
956 377
956 405
956 407
956 452
956 463
956 473
956 525
956 535
956 557
956 565
956 577
956 611
956 627
956 684
956 685
956 714
956 741
956 786
956 856
956 873
956 880
956 900
956 913
956 915
956 949
956 968
956 972
956 985
985 30
985 40
985 51
985 55
985 78
985 94
985 146
985 164
985 200
985 231
985 288
985 301
985 329
985 358
985 405
985 407
985 437
985 441
985 463
985 473
985 519
985 525
985 535
985 541
985 551
985 563
985 565
985 577
985 591
985 603
985 650
985 662
985 716
985 729
985 739
985 838
985 856
985 880
985 915
985 928
10 195
10 460
10 897
10 979
195 101
195 455
195 496
195 535
195 635
195 696
460 314
460 335
460 369
460 569
460 634
460 838
460 882
460 991
897 14
897 63
897 101
897 118
897 212
897 229
897 313
897 371
897 385
897 394
897 465
897 486
897 509
897 631
897 659
897 694
897 746
897 793
897 803
897 849
897 861
897 876
897 895
897 904
897 934
897 947
897 950
897 972
979 98
979 102
979 161
979 166
979 223
979 259
979 284
979 295
979 336
979 349
979 357
979 390
979 404
979 420
979 428
979 481
979 482
979 483
979 529
979 568
979 599
979 609
979 639
979 701
979 709
979 735
979 748
979 754
979 767
979 807
979 831
979 845
979 875
979 885
979 890
979 909
979 910
979 929
979 938
979 947
979 960
979 962
979 976
979 997
11 370
11 561
11 675
11 761
11 789
11 861
11 918
370 189
370 541
370 711
370 800
370 918
370 984
370 986
561 121
561 319
561 382
561 432
561 491
561 724
561 742
561 747
561 831
561 876
561 918
675 104
675 228
675 332
675 360
675 448
675 472
675 547
675 559
675 698
675 797
675 799
675 861
675 932
675 992
761 90
761 169
761 254
761 256
761 257
761 376
761 505
761 641
761 653
761 731
761 764
761 769
761 815
761 925
761 938
761 942
761 988
761 993
789 257
789 426
789 435
789 491
789 534
789 541
789 550
789 567
789 594
789 711
789 713
789 746
789 777
789 800
789 803
789 814
789 918
789 946
789 947
861 117
861 129
861 158
861 164
861 263
861 433
861 447
861 456
861 509
861 553
861 652
861 706
861 787
861 817
861 874
861 950
861 967
861 972
918 37
918 39
918 64
918 121
918 140
918 152
918 189
918 255
918 327
918 491
918 507
918 541
918 567
918 594
918 711
918 712
918 713
918 735
918 742
918 780
918 791
918 800
918 814
918 892
918 968
918 989
918 998
12 30
12 809
12 828
12 886
12 913
12 923
30 51
30 551
30 987
30 994
809 150
809 318
809 319
809 362
809 393
809 420
809 522
809 544
809 554
809 594
809 611
809 644
809 657
809 704
809 739
809 756
809 828
809 872
809 886
809 913
809 914
809 971
828 123
828 150
828 151
828 318
828 319
828 362
828 393
828 414
828 415
828 420
828 441
828 526
828 563
828 587
828 645
828 737
828 739
828 808
828 886
828 913
828 929
828 986
886 123
886 175
886 176
886 318
886 319
886 362
886 393
886 420
886 441
886 483
886 522
886 526
886 554
886 563
886 679
886 689
886 704
886 739
886 748
886 808
886 884
886 913
886 917
886 923
886 968
913 123
913 150
913 175
913 229
913 318
913 319
913 362
913 389
913 393
913 420
913 441
913 453
913 522
913 526
913 554
913 563
913 581
913 642
913 704
913 739
913 781
913 786
913 868
913 899
913 945
913 958
923 19
923 114
923 172
923 236
923 271
923 282
923 314
923 327
923 361
923 438
923 454
923 462
923 465
923 486
923 530
923 568
923 620
923 696
923 759
923 766
923 794
923 838
923 976
923 995
13 431
13 597
13 785
13 948
13 980
13 990
431 303
431 386
431 715
431 882
431 948
431 951
431 971
431 980
431 990
597 66
597 305
597 458
597 737
597 810
597 821
597 843
597 850
597 933
597 963
597 998
785 367
785 376
785 466
785 602
785 615
785 620
785 653
785 747
785 764
785 765
785 830
785 864
785 938
785 941
785 952
785 984
785 986
785 988
785 993
948 84
948 121
948 145
948 147
948 177
948 216
948 264
948 347
948 364
948 386
948 413
948 415
948 480
948 492
948 529
948 574
948 576
948 582
948 590
948 607
948 622
948 644
948 684
948 710
948 712
948 718
948 904
948 928
948 962
948 971
948 980
948 990
948 993
980 17
980 74
980 84
980 130
980 147
980 171
980 177
980 241
980 264
980 271
980 322
980 323
980 347
980 401
980 411
980 413
980 428
980 471
980 480
980 527
980 574
980 576
980 582
980 590
980 607
980 617
980 622
980 644
980 658
980 704
980 710
980 714
980 751
980 767
980 778
980 797
980 839
980 969
980 971
980 990
990 33
990 84
990 171
990 177
990 200
990 223
990 237
990 241
990 264
990 271
990 322
990 323
990 347
990 386
990 413
990 420
990 480
990 527
990 574
990 576
990 582
990 588
990 590
990 607
990 622
990 644
990 656
990 694
990 710
990 714
990 718
990 748
990 749
990 773
990 805
990 904
990 914
990 935
990 955
990 960
990 971
990 981
14 504
14 738
14 958
14 966
14 995
504 61
504 169
504 446
504 588
504 620
504 720
504 933
504 951
504 957
504 963
738 18
738 429
738 440
738 451
738 484
738 535
738 605
738 651
738 655
738 740
738 808
738 901
738 945
738 966
738 974
958 41
958 45
958 66
958 76
958 397
958 524
958 533
958 559
958 564
958 600
958 610
958 640
958 642
958 673
958 690
958 751
958 767
958 798
958 830
958 848
958 894
958 896
958 937
958 970
958 973
958 978
958 981
958 987
958 992
966 18
966 45
966 70
966 111
966 151
966 207
966 208
966 210
966 360
966 410
966 436
966 440
966 442
966 451
966 484
966 487
966 494
966 495
966 560
966 564
966 570
966 605
966 625
966 642
966 667
966 710
966 715
966 736
966 784
966 808
966 823
966 860
966 901
966 903
966 932
966 959
966 973
966 974
966 995
966 998
995 18
995 26
995 67
995 70
995 111
995 116
995 121
995 151
995 180
995 187
995 199
995 207
995 324
995 349
995 360
995 425
995 439
995 440
995 442
995 451
995 487
995 492
995 570
995 599
995 605
995 625
995 628
995 656
995 667
995 687
995 691
995 808
995 831
995 838
995 856
995 860
995 883
995 901
995 925
995 952
995 963
995 974
995 992
15 105
15 415
15 566
15 574
15 612
15 748
15 917
105 58
105 573
105 612
105 722
105 730
105 945
415 459
415 520
415 566
415 612
415 639
415 684
415 873
566 416
566 537
566 587
566 609
566 634
566 722
566 805
566 910
566 929
574 56
574 108
574 413
574 582
574 710
574 714
574 788
574 952
574 971
612 225
612 276
612 290
612 537
612 684
612 746
612 805
612 856
612 892
612 970
748 680
748 734
748 769
748 816
748 831
748 873
748 910
748 945
748 964
748 991
748 998
917 60
917 94
917 142
917 160
917 184
917 185
917 214
917 300
917 312
917 387
917 394
917 400
917 401
917 433
917 528
917 545
917 586
917 613
917 801
917 818
917 839
917 841
917 855
917 858
917 876
917 878
917 884
917 895
917 900
917 907
16 316
16 379
16 453
16 580
16 648
16 743
316 243
316 301
316 440
316 617
316 709
316 920
316 975
316 978
379 228
379 268
379 391
379 457
379 693
379 825
379 993
453 424
453 435
453 558
453 622
453 877
580 34
580 51
580 178
580 196
580 211
580 618
580 693
580 781
580 825
648 57
648 103
648 435
648 456
648 575
648 799
648 819
648 890
648 972
648 983
743 242
743 513
743 600
743 689
743 694
743 734
743 769
743 781
743 816
743 883
743 945
743 989
743 991
743 998
17 342
17 413
17 493
17 506
17 904
17 998
342 313
342 763
342 793
342 904
342 946
342 950
342 972
342 998
413 576
413 613
413 835
413 971
413 992
493 118
493 313
493 793
493 803
493 866
493 902
493 928
493 972
493 988
506 26
506 280
506 393
506 414
506 553
506 749
506 875
506 950
506 970
904 63
904 270
904 307
904 403
904 438
904 447
904 534
904 643
904 665
904 700
904 706
904 722
904 746
904 758
904 793
904 803
904 863
904 874
904 902
904 950
904 967
904 972
904 973
998 20
998 22
998 65
998 75
998 136
998 297
998 324
998 341
998 400
998 450
998 459
998 468
998 474
998 520
998 616
998 624
998 661
998 679
998 689
998 694
998 703
998 720
998 721
998 768
998 770
998 802
998 816
998 818
998 831
998 834
998 902
998 903
998 910
998 924
998 927
998 945
998 964
998 970
998 989
998 991
18 605
18 740
18 836
18 997
605 91
605 335
605 353
605 625
605 792
605 974
740 288
740 383
740 409
740 443
740 444
740 529
740 581
740 598
740 636
740 677
740 863
740 875
740 911
740 932
740 986
836 56
836 81
836 224
836 348
836 368
836 418
836 477
836 689
836 724
836 725
836 737
836 747
836 771
836 830
836 848
836 852
836 946
836 949
836 975
997 49
997 74
997 114
997 154
997 159
997 161
997 166
997 173
997 285
997 293
997 295
997 374
997 404
997 408
997 410
997 411
997 419
997 473
997 517
997 520
997 585
997 599
997 602
997 609
997 701
997 703
997 709
997 721
997 723
997 728
997 752
997 754
997 777
997 822
997 823
997 845
997 885
997 890
997 909
997 929
997 947
997 960
997 962
997 971
997 976
19 196
19 197
19 455
19 797
196 842
196 949
196 977
196 978
196 994
197 532
197 581
197 665
197 696
197 749
197 911
197 930
455 314
455 375
455 579
455 759
455 766
455 838
455 938
455 963
797 38
797 44
797 68
797 109
797 268
797 326
797 345
797 396
797 447
797 547
797 559
797 651
797 683
797 698
797 717
797 866
797 876
797 894
797 932
20 136
20 625
20 674
20 762
20 989
136 198
136 390
136 783
136 870
136 991
625 111
625 628
625 691
625 702
625 860
625 911
625 967
625 978
674 168
674 525
674 712
674 818
674 824
674 831
674 843
674 909
674 916
674 945
674 964
674 989
674 991
762 59
762 74
762 112
762 429
762 432
762 478
762 486
762 512
762 654
762 691
762 716
762 752
762 819
762 899
762 925
762 935
762 978
989 22
989 85
989 90
989 168
989 198
989 278
989 297
989 433
989 450
989 459
989 528
989 541
989 556
989 608
989 616
989 679
989 694
989 712
989 769
989 770
989 787
989 793
989 794
989 816
989 831
989 849
989 851
989 853
989 870
989 875
989 903
989 910
989 933
989 945
989 951
989 964
989 974
989 991
21 750
21 889
21 890
21 936
750 43
750 114
750 279
750 584
750 641
750 647
750 651
750 666
750 721
750 779
750 802
750 868
750 889
750 930
750 936
889 52
889 185
889 237
889 255
889 279
889 328
889 336
889 357
889 408
889 550
889 584
889 599
889 604
889 651
889 666
889 692
889 717
889 721
889 852
889 868
889 935
889 936
889 969
889 972
890 159
890 223
890 248
890 332
890 411
890 419
890 469
890 483
890 518
890 592
890 599
890 635
890 778
890 784
890 822
890 823
890 845
890 856
890 874
890 885
890 909
890 929
890 947
890 960
890 976
936 143
936 204
936 215
936 237
936 255
936 279
936 328
936 357
936 364
936 380
936 543
936 545
936 584
936 604
936 641
936 651
936 666
936 692
936 706
936 717
936 721
936 771
936 807
936 813
936 868
936 943
936 957
936 993
22 149
22 297
22 815
22 931
22 964
149 665
149 673
149 907
149 949
149 977
149 994
297 158
297 770
297 808
297 903
297 935
297 945
815 194
815 209
815 219
815 257
815 347
815 382
815 530
815 549
815 712
815 731
815 782
815 784
815 908
815 938
815 952
815 960
815 984
815 988
815 993
931 39
931 52
931 53
931 110
931 141
931 206
931 252
931 265
931 305
931 309
931 320
931 321
931 503
931 518
931 571
931 585
931 596
931 661
931 685
931 778
931 782
931 792
931 858
931 870
931 877
931 887
931 920
931 932
931 941
931 970
931 986
931 994
964 129
964 186
964 202
964 337
964 348
964 375
964 404
964 406
964 468
964 578
964 601
964 606
964 616
964 632
964 638
964 691
964 712
964 733
964 734
964 760
964 769
964 805
964 816
964 818
964 880
964 903
964 910
964 945
964 952
964 975
964 991
23 538
23 615
23 693
23 967
538 79
538 93
538 242
538 247
538 525
538 593
538 693
538 776
538 981
615 184
615 359
615 680
615 724
615 771
693 106
693 188
693 293
693 323
693 406
693 564
693 719
693 817
693 986
967 64
967 104
967 186
967 252
967 263
967 280
967 371
967 447
967 481
967 509
967 534
967 553
967 567
967 623
967 631
967 635
967 659
967 671
967 700
967 716
967 746
967 793
967 803
967 814
967 820
967 838
967 849
967 850
967 874
967 885
967 902
967 921
967 972
967 991
24 95
24 278
24 303
24 698
24 768
24 951
24 986
95 484
95 676
95 793
95 875
95 951
95 986
278 134
278 705
278 850
278 903
278 910
303 371
303 497
303 856
303 882
303 914
303 977
303 994
698 142
698 232
698 361
698 445
698 448
698 559
698 683
698 713
698 799
698 876
698 932
698 957
768 29
768 174
768 201
768 302
768 547
768 557
768 640
768 656
768 677
768 758
768 848
768 851
768 863
768 875
768 907
768 951
768 961
768 986
951 64
951 174
951 179
951 201
951 235
951 287
951 288
951 443
951 444
951 511
951 529
951 534
951 549
951 598
951 636
951 647
951 652
951 656
951 753
951 758
951 780
951 813
951 833
951 842
951 863
951 875
951 894
951 900
951 943
951 977
951 986
986 152
986 174
986 201
986 213
986 235
986 287
986 288
986 290
986 383
986 425
986 443
986 444
986 477
986 501
986 511
986 529
986 557
986 578
986 598
986 636
986 640
986 656
986 677
986 710
986 753
986 758
986 764
986 800
986 813
986 839
986 842
986 863
986 869
986 873
986 875
986 891
986 970
25 121
25 145
25 321
25 687
25 778
25 792
25 892
121 426
121 800
145 320
145 430
145 516
145 691
145 887
321 183
321 189
321 225
321 231
321 624
321 877
321 887
687 286
687 471
687 535
687 632
687 690
687 728
687 805
687 834
687 878
687 959
687 961
687 962
778 35
778 39
778 49
778 110
778 153
778 203
778 206
778 381
778 755
778 764
778 792
778 858
778 873
778 877
778 946
792 53
792 184
792 206
792 330
792 381
792 386
792 503
792 516
792 585
792 601
792 661
792 730
792 858
792 870
792 877
792 887
792 892
792 991
892 47
892 64
892 73
892 88
892 113
892 224
892 231
892 302
892 317
892 338
892 369
892 380
892 384
892 395
892 508
892 540
892 638
892 662
892 705
892 715
892 732
892 798
892 860
892 916
892 943
892 971
26 210
26 833
26 927
26 974
210 484
210 544
210 706
210 718
210 974
833 298
833 459
833 524
833 533
833 546
833 552
833 576
833 678
833 690
833 751
833 798
833 819
833 825
833 851
833 852
833 874
833 894
833 896
833 914
833 969
833 973
833 981
833 987
927 31
927 97
927 254
927 262
927 276
927 277
927 286
927 312
927 344
927 408
927 461
927 467
927 471
927 539
927 627
927 663
927 728
927 755
927 787
927 821
927 834
927 853
927 866
927 878
927 937
927 943
927 959
927 961
927 983
927 993
927 994
974 45
974 75
974 116
974 151
974 159
974 165
974 180
974 187
974 207
974 253
974 349
974 421
974 425
974 439
974 440
974 451
974 483
974 486
974 487
974 534
974 559
974 570
974 667
974 684
974 691
974 707
974 711
974 808
974 839
974 860
974 901
974 915
974 928
974 943
974 983
27 457
27 688
27 845
27 868
27 929
27 947
457 103
457 489
457 551
457 654
457 676
457 688
457 794
457 899
457 935
688 108
688 113
688 294
688 432
688 478
688 489
688 624
688 702
688 716
688 752
688 819
688 899
688 921
688 925
845 98
845 374
845 467
845 578
845 656
845 807
845 812
845 820
845 822
845 823
845 875
845 885
845 909
845 947
845 950
845 961
845 962
845 976
845 978
868 143
868 237
868 322
868 328
868 336
868 490
868 543
868 584
868 604
868 629
868 651
868 666
868 692
868 717
868 721
868 775
868 850
868 873
868 983
929 98
929 237
929 285
929 411
929 419
929 421
929 428
929 531
929 599
929 623
929 632
929 666
929 709
929 734
929 735
929 739
929 754
929 773
929 798
929 807
929 816
929 909
929 947
929 960
929 962
929 976
929 978
947 186
947 220
947 277
947 284
947 285
947 336
947 368
947 411
947 421
947 428
947 482
947 536
947 609
947 671
947 709
947 754
947 822
947 823
947 909
947 941
947 957
947 960
947 971
947 976
947 978
947 991
28 187
28 751
28 767
28 848
28 968
28 973
28 987
187 365
187 713
187 727
187 901
751 77
751 214
751 223
751 304
751 383
751 386
751 397
751 475
751 595
751 709
751 869
751 894
751 970
751 973
751 981
751 992
767 103
767 299
767 401
767 610
767 655
767 696
767 846
767 876
767 894
767 932
767 973
767 981
767 987
767 992
848 39
848 106
848 224
848 272
848 450
848 485
848 643
848 706
848 724
848 737
848 771
848 830
848 851
848 852
848 957
968 91
968 99
968 107
968 125
968 133
968 172
968 190
968 219
968 236
968 245
968 275
968 371
968 417
968 505
968 591
968 592
968 602
968 663
968 673
968 692
968 722
968 756
968 791
968 813
968 853
968 855
968 857
968 869
968 894
968 920
968 921
968 937
968 946
968 949
968 971
968 975
968 978
973 76
973 133
973 138
973 139
973 268
973 280
973 304
973 352
973 371
973 462
973 519
973 531
973 552
973 600
973 642
973 652
973 655
973 668
973 678
973 690
973 699
973 731
973 794
973 798
973 799
973 831
973 846
973 851
973 896
973 903
973 959
973 970
973 981
973 987
973 992
987 76
987 87
987 102
987 138
987 139
987 225
987 234
987 248
987 262
987 291
987 298
987 320
987 352
987 392
987 407
987 446
987 524
987 552
987 556
987 564
987 642
987 690
987 727
987 741
987 798
987 846
987 851
987 852
987 896
987 914
987 935
987 938
987 950
987 955
987 960
987 970
987 981
987 992
29 212
29 701
29 776
29 807
29 823
29 909
212 188
212 312
212 733
212 969
212 983
701 109
701 155
701 161
701 276
701 410
701 483
701 511
701 709
701 798
701 849
701 863
701 909
701 962
776 73
776 225
776 270
776 271
776 302
776 333
776 338
776 369
776 380
776 470
776 638
776 662
776 665
776 705
776 732
776 823
776 916
776 943
807 260
807 404
807 411
807 466
807 482
807 490
807 567
807 685
807 712
807 754
807 758
807 823
807 871
807 885
807 960
807 962
807 976
823 159
823 173
823 215
823 318
823 323
823 547
823 617
823 636
823 709
823 822
823 885
823 909
823 911
823 925
823 960
823 976
909 107
909 285
909 410
909 428
909 447
909 509
909 518
909 544
909 567
909 642
909 662
909 784
909 851
909 885
909 887
909 891
909 920
909 960
909 962
909 976
51 652
51 712
51 856
51 880
551 167
551 185
551 525
551 721
551 880
551 915
551 934
551 962
994 85
994 93
994 96
994 143
994 163
994 176
994 192
994 211
994 230
994 277
994 287
994 334
994 350
994 374
994 383
994 385
994 390
994 392
994 446
994 497
994 501
994 548
994 587
994 703
994 756
994 758
994 775
994 782
994 820
994 824
994 846
994 867
994 870
994 882
994 894
994 907
994 911
994 914
994 949
994 977
31 305
31 354
31 728
31 867
31 932
31 975
305 320
305 571
305 769
305 877
305 887
354 59
354 119
354 306
354 621
354 834
354 855
354 915
354 959
728 46
728 320
728 496
728 670
728 732
728 755
728 796
728 834
728 867
728 878
728 959
728 961
867 218
867 224
867 262
867 271
867 286
867 437
867 461
867 471
867 502
867 629
867 632
867 653
867 782
867 783
867 787
867 794
867 834
867 878
867 894
867 934
867 959
867 961
932 38
932 44
932 71
932 109
932 115
932 134
932 204
932 268
932 301
932 325
932 326
932 332
932 340
932 345
932 352
932 361
932 448
932 472
932 547
932 559
932 683
932 685
932 799
932 857
932 869
932 876
932 899
975 84
975 127
975 128
975 172
975 226
975 288
975 301
975 320
975 398
975 418
975 489
975 490
975 501
975 529
975 572
975 590
975 602
975 617
975 618
975 663
975 697
975 702
975 729
975 734
975 746
975 756
975 765
975 786
975 791
975 855
975 857
975 869
975 883
975 908
975 921
975 941
975 946
975 977
975 978
32 57
32 211
32 406
32 452
32 572
32 970
57 45
57 317
57 960
211 355
211 385
211 593
211 733
406 247
406 330
406 671
406 773
452 167
452 329
452 358
452 421
452 535
452 659
452 915
572 240
572 464
572 663
572 682
572 683
572 702
572 786
572 808
572 821
572 855
572 946
970 72
970 102
970 138
970 167
970 217
970 234
970 298
970 402
970 524
970 533
970 564
970 600
970 610
970 640
970 642
970 678
970 777
970 839
970 846
970 851
970 880
970 894
970 896
970 961
970 972
970 976
970 981
970 992
970 993
33 56
33 160
33 386
33 911
33 930
33 942
56 470
56 562
56 864
56 942
160 72
160 401
160 725
160 841
160 884
160 900
386 554
386 590
386 714
386 971
911 40
911 43
911 86
911 132
911 249
911 253
911 265
911 409
911 436
911 470
911 499
911 523
911 536
911 553
911 562
911 586
911 665
911 787
911 835
911 847
911 864
911 902
911 903
911 930
911 934
911 942
930 43
930 133
930 191
930 232
930 240
930 253
930 262
930 265
930 315
930 331
930 407
930 436
930 464
930 499
930 523
930 532
930 544
930 562
930 581
930 586
930 634
930 800
930 864
930 884
930 896
930 901
930 934
930 942
930 955
930 977
942 43
942 81
942 132
942 193
942 232
942 253
942 260
942 265
942 337
942 409
942 416
942 464
942 492
942 523
942 544
942 581
942 586
942 616
942 641
942 647
942 665
942 732
942 735
942 821
942 830
942 864
942 921
942 934
942 984
34 396
34 885
34 960
34 962
34 976
396 430
396 670
396 781
396 824
396 835
396 853
396 955
396 957
885 157
885 166
885 299
885 313
885 421
885 428
885 441
885 518
885 579
885 609
885 700
885 754
885 821
885 825
885 884
885 959
885 960
885 962
960 110
960 159
960 166
960 223
960 285
960 295
960 352
960 411
960 421
960 473
960 483
960 518
960 746
960 754
960 814
960 822
960 860
960 891
960 915
960 934
960 945
960 952
960 962
960 976
962 173
962 223
962 272
962 284
962 285
962 404
962 410
962 417
962 419
962 435
962 462
962 482
962 518
962 553
962 599
962 689
962 729
962 754
962 759
962 822
962 838
962 952
962 976
962 988
976 127
976 144
976 161
976 166
976 173
976 223
976 243
976 251
976 284
976 295
976 310
976 336
976 374
976 419
976 421
976 483
976 502
976 557
976 562
976 709
976 719
976 754
976 822
976 834
976 895
976 984
35 183
35 307
35 336
35 858
35 876
35 877
183 153
183 515
183 532
183 791
183 853
307 735
307 772
307 802
307 806
307 969
336 428
336 599
336 663
858 46
858 206
858 252
858 309
858 381
858 427
858 432
858 471
858 515
858 543
858 596
858 661
858 685
858 735
858 822
858 877
858 887
858 910
858 933
876 109
876 134
876 268
876 325
876 326
876 332
876 345
876 361
876 448
876 456
876 472
876 479
876 547
876 559
876 584
876 683
876 799
876 887
876 988
877 61
877 140
877 153
877 203
877 208
877 410
877 482
877 515
877 516
877 571
877 585
877 596
877 685
877 788
877 834
877 882
877 887
877 969
36 154
36 376
36 517
36 555
36 941
154 153
154 653
154 664
154 864
154 988
376 694
376 822
376 843
376 884
376 952
376 984
517 202
517 384
517 723
517 739
517 818
517 903
555 174
555 358
555 664
555 784
555 900
555 916
555 941
555 952
555 988
555 993
941 129
941 209
941 233
941 256
941 299
941 387
941 466
941 603
941 664
941 753
941 764
941 765
941 783
941 784
941 796
941 798
941 850
941 907
941 921
941 938
941 946
941 952
941 984
941 988
941 993
37 426
37 651
37 711
37 726
37 747
426 327
426 403
426 468
426 609
426 713
426 747
426 921
651 231
651 345
651 604
651 666
651 993
711 62
711 93
711 152
711 258
711 325
711 327
711 563
711 567
711 723
711 742
711 814
726 141
726 233
726 266
726 283
726 315
726 583
726 611
726 647
726 668
726 700
726 777
726 780
726 788
726 865
726 949
726 959
747 60
747 99
747 140
747 152
747 258
747 541
747 567
747 713
747 742
747 800
747 814
747 871
38 192
38 472
38 547
38 870
38 969
192 333
192 637
192 732
192 916
192 943
192 971
472 267
472 683
472 692
472 742
472 799
472 831
547 325
547 326
547 502
547 755
547 799
870 93
870 96
870 229
870 230
870 245
870 277
870 334
870 368
870 385
870 448
870 548
870 703
870 820
870 824
870 843
870 878
870 891
870 907
870 949
870 977
870 991
969 131
969 244
969 264
969 270
969 355
969 449
969 467
969 536
969 548
969 573
969 630
969 658
969 670
969 681
969 707
969 735
969 775
969 806
969 812
969 835
969 864
969 883
969 891
969 910
969 914
969 915
969 961
969 971
969 983
969 984
39 446
39 585
39 887
446 465
446 474
446 882
446 907
446 914
446 949
585 206
585 309
585 320
585 516
585 668
585 914
585 957
887 43
887 53
887 113
887 242
887 252
887 320
887 515
887 542
887 571
887 661
887 685
887 697
887 733
887 818
887 838
887 916
887 963
887 971
40 463
40 473
40 525
40 548
40 755
463 387
463 645
463 650
463 732
463 804
463 852
463 856
463 915
473 100
473 650
473 784
473 820
473 915
473 992
525 407
525 703
525 742
525 915
525 959
548 230
548 390
548 510
548 779
548 782
548 864
548 907
548 977
755 46
755 218
755 254
755 408
755 469
755 496
755 539
755 620
755 629
755 816
755 872
755 961
755 992
41 293
41 456
41 500
41 558
41 946
293 269
293 800
293 813
293 873
456 69
456 178
456 365
456 435
456 825
500 79
500 188
500 249
500 269
500 653
500 719
500 731
500 825
500 928
558 269
558 391
558 435
558 640
558 844
558 851
558 895
946 122
946 125
946 130
946 133
946 284
946 377
946 400
946 418
946 490
946 505
946 592
946 602
946 608
946 673
946 682
946 702
946 773
946 786
946 791
946 810
946 855
946 857
946 860
946 869
946 873
946 949
946 978
264 274
264 718
264 758
264 772
454 107
454 236
454 465
454 754
454 759
454 805
454 838
454 878
697 275
697 292
697 313
697 656
697 673
697 773
697 855
697 873
697 908
697 920
697 937
697 978
838 314
838 330
838 438
838 462
838 465
838 488
838 552
838 626
838 696
838 766
838 825
838 920
43 661
43 934
661 52
661 462
661 503
661 515
661 685
661 710
661 720
661 903
934 112
934 191
934 232
934 260
934 295
934 332
934 337
934 409
934 470
934 492
934 499
934 523
934 532
934 544
934 562
934 586
934 590
934 604
934 616
934 647
934 665
934 706
934 841
934 864
934 928
44 262
44 326
44 389
44 799
262 119
262 629
326 333
326 448
326 855
389 226
389 471
389 779
389 781
389 853
389 928
389 955
389 957
799 268
799 325
799 345
799 361
799 381
799 511
799 559
799 569
799 594
799 667
799 683
45 279
45 691
279 201
279 213
279 364
279 900
691 97
691 425
691 451
691 484
691 606
691 685
691 808
691 901
46 276
46 817
46 916
46 959
276 629
276 787
276 849
276 959
276 961
817 143
817 248
817 488
817 530
817 560
817 588
817 596
817 620
817 715
817 720
817 729
817 763
817 788
817 810
817 821
817 843
817 850
817 921
817 933
817 963
817 988
916 47
916 62
916 73
916 88
916 113
916 135
916 141
916 282
916 302
916 333
916 338
916 357
916 369
916 380
916 384
916 395
916 577
916 638
916 662
916 705
916 732
916 753
916 754
916 856
959 82
959 92
959 175
959 263
959 344
959 365
959 393
959 408
959 437
959 461
959 466
959 469
959 502
959 539
959 627
959 632
959 787
959 831
959 834
959 865
959 872
959 878
959 961
959 971
959 981
47 150
47 705
47 891
47 943
47 983
150 393
150 519
150 830
705 178
705 367
705 384
705 540
705 638
705 662
705 734
705 834
705 943
891 50
891 272
891 314
891 393
891 579
891 658
891 680
891 681
891 707
891 735
891 758
891 780
891 812
891 835
891 864
891 871
891 883
891 920
891 925
891 983
943 73
943 88
943 112
943 113
943 135
943 141
943 190
943 198
943 250
943 302
943 333
943 338
943 369
943 380
943 384
943 395
943 508
943 540
943 638
943 662
943 694
943 732
943 736
943 754
943 952
983 50
983 261
983 270
983 272
983 327
983 339
983 402
983 461
983 470
983 573
983 578
983 593
983 609
983 623
983 626
983 630
983 658
983 680
983 707
983 763
983 775
983 780
983 802
983 806
983 834
983 835
983 855
983 871
983 883
983 910
983 924
983 961
290 329
290 639
290 657
290 684
290 805
428 715
428 759
760 72
760 175
760 205
760 228
760 239
760 261
760 353
760 427
760 510
760 568
760 583
760 611
760 631
760 633
760 788
760 865
880 55
880 83
880 146
880 231
880 519
880 523
880 536
880 565
880 591
880 614
880 622
880 650
880 685
880 718
880 814
880 853
880 915
880 991
49 938
49 993
938 96
938 179
938 182
938 222
938 549
938 584
938 603
938 632
938 643
938 645
938 664
938 715
938 731
938 764
938 765
938 783
938 806
938 866
938 895
938 925
938 945
938 952
938 984
938 988
938 993
993 179
993 182
993 208
993 209
993 222
993 249
993 256
993 257
993 306
993 387
993 449
993 503
993 549
993 576
993 603
993 607
993 641
993 645
993 653
993 664
993 714
993 765
993 784
993 849
993 884
993 907
993 928
993 952
993 984
993 988
993 991
50 623
50 883
50 903
50 992
623 119
623 449
623 505
623 537
623 578
623 588
623 733
623 835
623 924
883 270
883 369
883 544
883 573
883 578
883 579
883 637
883 667
883 681
883 696
883 735
883 766
883 775
883 812
883 835
883 871
883 924
883 935
903 83
903 202
903 375
903 694
903 704
903 734
903 769
903 770
903 812
903 819
903 831
903 849
903 872
903 910
903 991
992 132
992 234
992 245
992 291
992 306
992 352
992 364
992 375
992 397
992 442
992 475
992 484
992 524
992 546
992 552
992 600
992 629
992 678
992 690
992 699
992 724
992 759
992 775
992 798
992 801
992 846
992 851
992 894
992 896
992 928
992 981
652 332
652 534
652 659
652 706
652 749
652 816
652 847
652 849
652 935
652 972
712 165
712 723
712 818
712 945
712 991
856 55
856 78
856 146
856 167
856 439
856 550
856 577
856 591
856 614
856 650
856 722
856 732
856 759
856 915
856 988
52 268
52 309
52 515
52 839
268 683
268 981
309 137
309 503
309 658
515 242
515 254
515 583
515 808
515 850
839 60
839 184
839 185
839 282
839 300
839 394
839 400
839 401
839 433
839 528
839 545
839 801
839 802
839 822
839 841
839 884
839 900
839 972
53 459
53 685
53 804
459 616
459 793
459 899
459 945
685 62
685 110
685 516
685 596
685 972
804 67
804 77
804 84
804 120
804 130
804 274
804 281
804 328
804 388
804 417
804 476
804 495
804 593
804 600
804 618
804 727
804 781
804 794
804 865
54 616
54 638
54 824
54 907
54 915
54 949
54 977
616 92
616 450
616 474
616 863
638 88
638 135
638 507
638 508
638 945
824 230
824 245
824 275
824 347
824 390
824 556
824 627
824 703
824 782
824 803
824 820
824 882
824 907
824 914
824 937
824 949
824 977
907 90
907 93
907 118
907 159
907 176
907 245
907 277
907 334
907 392
907 448
907 587
907 655
907 739
907 782
907 820
907 821
907 846
907 882
907 914
907 945
915 94
915 96
915 100
915 146
915 232
915 325
915 358
915 377
915 407
915 449
915 565
915 577
915 650
915 653
915 722
915 770
915 952
949 90
949 176
949 229
949 260
949 261
949 313
949 334
949 392
949 394
949 458
949 501
949 514
949 556
949 564
949 587
949 681
949 703
949 764
949 781
949 782
949 820
949 882
949 914
949 977
977 90
977 93
977 96
977 176
977 185
977 230
977 245
977 261
977 277
977 306
977 339
977 350
977 353
977 385
977 392
977 445
977 501
977 536
977 546
977 587
977 614
977 703
977 782
977 816
977 820
977 853
977 864
977 874
977 882
977 914
977 972
55 526
55 608
55 933
526 393
526 563
526 704
526 739
526 853
526 873
608 98
608 127
608 171
608 275
608 490
608 663
608 855
608 908
608 914
608 921
933 61
933 66
933 156
933 199
933 215
933 248
933 251
933 259
933 403
933 458
933 560
933 620
933 628
933 663
933 668
933 715
933 763
933 810
933 812
933 821
933 835
933 843
933 850
933 866
933 869
933 963
470 94
470 247
470 265
470 499
470 532
470 874
562 112
562 503
562 544
562 683
562 719
562 864
562 900
864 132
864 191
864 246
864 253
864 331
864 337
864 436
864 464
864 532
864 581
864 637
864 647
864 802
864 955
317 181
317 184
317 249
317 308
317 568
317 725
317 733
58 323
58 945
323 349
323 480
323 622
323 971
945 99
945 375
945 474
945 513
945 590
945 601
945 679
945 717
945 783
945 818
945 831
945 910
945 925
945 991
59 496
59 621
59 627
59 673
496 355
496 444
496 557
496 878
496 961
621 92
621 120
621 218
621 368
621 397
621 629
621 671
621 787
621 834
621 878
621 961
621 972
627 365
627 469
627 471
627 759
627 787
627 820
627 878
627 984
673 368
673 591
673 592
673 602
673 857
673 869
673 875
673 920
673 978
60 205
60 821
60 841
60 884
205 162
205 239
205 270
205 780
205 844
205 872
821 199
821 251
821 458
821 507
821 530
821 560
821 715
821 720
821 763
821 773
821 810
821 899
821 963
841 62
841 91
841 117
841 168
841 214
841 281
841 394
841 400
841 401
841 433
841 434
841 601
841 607
841 613
841 801
841 805
841 835
841 884
841 900
841 952
884 62
884 142
884 147
884 168
884 185
884 300
884 334
884 400
884 401
884 433
884 528
884 613
884 628
884 662
884 772
884 791
884 801
884 900
884 972
61 677
61 720
61 763
61 963
677 64
677 68
677 383
677 404
677 529
677 579
677 596
677 640
677 731
677 813
677 875
720 259
720 367
720 412
720 620
720 644
720 715
720 753
720 810
720 843
720 963
763 172
763 208
763 215
763 507
763 530
763 620
763 715
763 780
763 843
763 850
763 866
763 928
763 952
763 963
963 66
963 87
963 156
963 199
963 207
963 215
963 248
963 251
963 259
963 301
963 458
963 499
963 507
963 530
963 560
963 588
963 593
963 647
963 658
963 667
963 682
963 715
963 806
963 810
963 813
963 843
963 850
963 928
963 971
963 991
62 613
62 900
613 168
613 522
613 528
613 545
613 549
613 565
613 819
613 900
900 168
900 184
900 185
900 214
900 300
900 308
900 394
900 400
900 401
900 433
900 528
900 545
900 586
900 587
900 707
900 715
900 801
900 955
63 263
63 771
63 844
63 847
63 895
263 421
263 637
263 803
263 972
771 200
771 494
771 568
771 581
771 643
771 736
771 842
771 935
844 113
844 124
844 283
844 294
844 343
844 345
844 358
844 363
844 430
844 478
844 542
844 595
844 635
844 741
844 781
844 853
844 866
844 871
844 928
844 955
844 957
847 81
847 89
847 104
847 258
847 486
847 542
847 553
847 654
847 659
847 671
847 690
847 746
847 749
847 801
847 810
847 849
847 874
847 902
847 950
895 68
895 71
895 80
895 126
895 181
895 193
895 249
895 289
895 308
895 310
895 361
895 378
895 412
895 427
895 479
895 488
895 543
895 568
895 570
895 660
895 723
895 725
895 731
895 791
64 288
64 753
288 416
288 753
288 842
753 213
753 511
753 570
753 581
753 598
753 640
753 707
753 758
753 769
753 802
753 813
753 842
753 863
65 491
65 769
491 76
491 327
491 382
491 448
491 800
491 814
769 324
769 341
769 499
769 507
769 539
769 620
769 694
769 752
769 991
66 282
66 713
66 843
282 335
282 554
282 626
282 696
713 382
713 402
713 412
713 567
713 594
713 602
713 800
713 814
843 153
843 248
843 251
843 259
843 530
843 620
843 666
843 714
843 715
843 722
843 810
843 850
843 869
843 937
67 130
67 417
67 754
67 794
67 901
130 727
130 794
417 397
417 618
417 655
417 794
754 483
754 609
754 709
754 735
754 736
754 910
794 194
794 281
794 476
794 495
794 539
794 546
794 618
794 727
794 872
794 981
901 111
901 165
901 349
901 419
901 425
901 442
901 485
901 487
901 569
901 570
901 575
901 628
901 667
901 707
901 724
901 808
901 860
901 957
68 378
68 488
68 723
68 725
378 181
378 427
378 479
378 518
378 568
378 737
378 752
378 764
488 80
488 412
488 427
488 464
488 614
488 723
488 725
723 71
723 80
723 126
723 181
723 427
723 479
723 527
723 618
723 725
725 71
725 80
725 98
725 289
725 310
725 479
725 568
725 813
725 871
725 896
69 140
69 239
69 329
69 722
69 730
69 805
140 137
140 742
140 950
239 633
239 704
239 788
239 855
239 865
329 541
329 639
329 657
329 805
722 225
722 267
722 361
722 445
722 634
722 639
722 730
722 805
722 978
730 70
730 173
730 225
730 267
730 331
730 373
730 445
730 550
730 634
730 639
730 657
730 699
730 714
730 791
805 225
805 267
805 416
805 445
805 514
805 537
805 550
805 634
805 657
805 684
805 756
805 770
70 570
70 866
70 978
570 355
570 523
570 586
570 636
570 667
866 124
866 144
866 251
866 294
866 343
866 360
866 363
866 434
866 595
866 635
866 670
866 741
866 779
866 853
866 860
866 908
866 928
866 955
866 957
978 91
978 107
978 155
978 238
978 242
978 243
978 301
978 401
978 405
978 490
978 602
978 610
978 624
978 663
978 682
978 702
978 719
978 729
978 756
978 791
978 869
978 873
978 908
978 914
978 920
978 921
978 937
71 479
71 971
479 107
479 289
479 310
479 495
479 952
971 125
971 147
971 171
971 177
971 241
971 252
971 271
971 322
971 362
971 480
971 527
971 539
971 576
971 582
971 590
971 607
971 622
971 644
971 694
971 710
971 714
971 718
971 984
971 988
72 315
72 540
72 583
72 872
315 157
315 228
315 510
315 668
315 872
315 955
540 113
540 277
540 333
540 358
540 380
540 499
540 508
540 741
583 86
583 333
583 611
583 710
583 777
583 780
583 784
583 865
583 872
872 162
872 216
872 228
872 260
872 266
872 353
872 356
872 458
872 510
872 518
872 611
872 630
872 668
872 777
872 780
872 788
872 865
73 746
746 186
746 381
746 591
746 749
746 772
746 793
746 803
746 902
746 972
74 654
74 658
74 819
74 925
654 179
654 318
654 512
654 514
654 575
654 642
654 752
654 788
654 819
654 925
654 935
658 355
658 775
658 871
658 910
819 122
819 137
819 188
819 221
819 429
819 575
819 676
819 716
819 752
819 808
819 899
819 910
819 925
819 935
925 87
925 108
925 201
925 204
925 221
925 227
925 432
925 478
925 489
925 512
925 575
925 631
925 676
925 679
925 683
925 716
925 752
925 896
925 899
925 908
925 935
75 502
75 831
75 910
502 177
502 349
502 469
502 787
502 961
831 129
831 198
831 440
831 556
831 618
831 645
831 766
831 818
831 910
831 991
910 146
910 350
910 468
910 601
910 719
910 734
910 770
910 816
910 991
76 539
76 727
539 344
539 408
539 541
539 878
539 961
727 89
727 120
727 128
727 178
727 388
727 618
727 678
727 921
77 101
77 111
77 546
101 313
101 447
101 793
111 601
111 984
546 275
546 287
546 846
546 851
546 981
78 123
78 407
78 440
78 676
123 681
123 739
123 766
407 355
407 565
440 416
440 628
676 204
676 304
676 512
676 575
676 690
676 752
676 899
676 902
676 935
676 972
79 348
79 350
79 577
348 741
348 786
348 830
350 782
350 882
350 914
350 924
577 119
577 405
577 565
577 591
577 634
577 981
80 100
80 169
80 424
100 281
100 650
100 653
169 257
169 772
169 796
169 950
169 984
424 131
424 645
424 772
424 796
424 882
424 952
424 984
424 988
81 163
81 164
81 447
163 497
163 820
163 914
163 988
164 414
164 523
164 659
164 822
447 519
447 902
447 950
447 972
82 118
82 310
82 365
82 437
82 961
118 451
118 902
118 950
310 126
310 412
310 427
310 450
365 286
365 629
365 741
365 878
437 344
437 584
437 749
437 834
437 961
961 92
961 97
961 117
961 119
961 204
961 209
961 217
961 299
961 388
961 444
961 461
961 469
961 497
961 629
961 642
961 739
961 787
961 796
961 808
961 834
961 878
83 94
83 565
83 988
94 591
94 786
565 398
565 499
565 937
988 182
988 189
988 190
988 208
988 209
988 222
988 256
988 306
988 367
988 387
988 401
988 466
988 603
988 645
988 664
988 731
988 764
988 772
988 783
988 784
988 786
988 796
988 810
988 846
988 871
988 908
988 957
988 991
84 448
84 582
448 109
448 894
582 527
582 568
582 684
582 710
582 835
85 91
85 513
85 818
85 835
91 869
91 921
513 228
513 411
513 729
513 734
513 779
513 818
513 991
818 152
818 202
818 466
818 601
818 628
818 694
818 770
818 920
818 950
818 991
835 334
835 340
835 773
835 775
835 806
835 812
835 924
86 260
86 492
86 530
86 647
86 955
260 492
260 665
492 391
492 409
492 467
492 647
492 803
530 507
530 535
530 559
530 850
647 232
647 532
647 544
647 665
955 88
955 124
955 144
955 220
955 294
955 343
955 363
955 392
955 393
955 434
955 514
955 542
955 571
955 595
955 606
955 614
955 635
955 636
955 660
955 670
955 741
955 779
955 853
955 875
955 924
955 928
955 957
87 220
87 715
87 810
87 850
220 741
220 781
220 928
220 957
715 507
715 588
715 604
810 156
810 199
810 238
810 507
810 579
810 588
810 620
810 850
810 921
850 156
850 199
850 248
850 458
850 464
850 560
850 588
850 620
850 921
850 984
88 218
88 749
218 614
218 678
218 787
218 878
749 371
749 494
749 534
749 633
749 671
749 874
749 902
749 972
89 122
122 512
122 716
122 899
122 935
90 450
450 265
450 679
450 991
869 176
869 359
869 398
869 435
869 439
869 630
869 682
869 773
869 786
869 791
869 801
869 857
869 873
869 908
869 921
869 937
921 99
921 128
921 226
921 240
921 461
921 505
921 664
921 729
921 756
921 773
921 855
921 857
921 873
921 908
921 920
921 937
92 710
92 878
710 347
710 607
710 644
710 714
710 718
878 198
878 244
878 337
878 425
878 471
878 516
878 679
878 786
878 787
878 834
878 950
591 358
591 614
591 620
786 107
786 144
786 155
786 190
786 301
786 481
786 602
786 756
786 773
786 857
786 920
484 549
484 628
484 793
484 860
793 104
793 158
793 606
793 656
793 662
793 764
793 803
793 849
793 874
793 902
875 146
875 235
875 367
875 383
875 444
875 477
875 529
875 557
875 598
875 663
875 683
875 758
875 813
875 842
875 863
96 633
96 782
633 322
633 353
633 510
633 657
633 777
633 780
633 781
633 788
633 865
782 480
782 587
782 592
782 820
782 882
782 899
782 914
782 920
97 119
97 258
97 834
119 814
258 137
258 742
258 808
258 814
834 275
834 286
834 632
834 690
834 787
834 871
98 173
98 981
173 146
173 331
981 108
981 139
981 151
981 217
981 291
981 475
981 524
981 532
981 533
981 552
981 564
981 593
981 600
981 610
981 626
981 655
981 690
981 699
981 704
981 721
981 788
981 813
981 846
981 851
981 860
981 896
981 950
99 177
99 505
99 624
177 718
177 796
505 165
505 490
505 592
505 908
505 957
624 147
624 182
624 301
624 418
624 729
624 773
624 873
624 937
281 227
281 495
281 595
281 618
281 737
650 186
650 287
650 535
650 800
653 178
653 603
653 664
653 731
653 764
653 952
102 438
102 533
102 700
438 462
438 527
438 576
438 766
533 298
533 397
533 594
533 733
533 991
700 186
700 237
700 343
700 371
700 404
700 425
700 481
700 631
700 849
700 874
700 950
103 178
103 696
103 719
103 825
696 215
696 314
696 759
696 852
719 324
719 327
719 330
719 391
719 435
719 531
719 825
825 231
825 246
825 257
825 304
825 308
825 330
825 391
825 419
825 531
825 593
825 787
104 159
104 609
104 803
159 599
609 295
609 419
803 153
803 314
803 481
803 486
803 524
803 637
803 702
803 706
803 791
803 849
803 972
573 244
573 596
573 802
573 806
573 812
573 882
573 924
573 972
106 227
106 236
106 643
106 736
227 250
227 716
227 752
227 899
227 935
236 292
236 335
236 508
643 312
643 495
643 764
643 852
736 200
736 359
736 414
736 617
736 812
736 830
736 852
107 937
937 128
937 181
937 190
937 284
937 398
937 444
937 476
937 592
937 601
937 617
937 663
937 702
937 729
937 784
937 791
937 855
937 857
937 873
937 899
937 908
937 920
108 478
108 899
108 935
478 135
478 420
478 899
478 935
899 204
899 244
899 337
899 403
899 429
899 432
899 489
899 512
899 575
899 716
899 752
899 779
899 928
899 935
935 204
935 221
935 234
935 338
935 429
935 432
935 439
935 458
935 489
935 512
935 575
935 667
935 716
935 752
935 865
109 174
109 397
174 477
174 813
174 874
397 896
110 139
110 596
110 853
139 414
139 756
139 894
596 242
596 381
596 766
853 128
853 434
853 514
853 595
853 606
853 660
853 670
853 741
853 779
853 781
853 928
853 957
601 469
601 606
601 694
601 991
984 179
984 182
984 208
984 222
984 302
984 367
984 380
984 425
984 441
984 466
984 549
984 594
984 603
984 641
984 645
984 678
984 724
984 731
984 764
984 765
984 772
984 783
984 784
984 871
984 928
984 952
984 972
112 586
112 665
112 718
586 244
586 352
586 532
586 581
586 665
665 194
665 449
665 499
665 560
718 234
718 322
718 480
718 607
718 644
718 714
718 781
718 812
114 280
114 462
114 759
280 157
280 226
280 671
280 972
462 522
462 626
759 142
759 569
759 766
759 924
115 134
115 204
115 361
115 683
134 291
134 559
134 813
361 598
683 325
683 332
683 957
116 172
116 808
116 863
172 418
172 522
172 729
808 385
808 425
808 439
808 442
808 628
808 659
808 860
863 287
863 383
863 435
863 444
863 477
863 511
863 529
863 636
863 656
863 756
863 758
863 813
863 842
863 851
863 865
863 950
117 629
117 632
117 991
629 375
629 680
629 822
632 203
632 235
632 254
632 421
632 471
991 161
991 198
991 202
991 324
991 362
991 375
991 469
991 560
991 630
991 694
991 770
991 780
991 816
991 865
991 950
451 266
451 291
451 318
451 487
451 860
902 158
902 256
902 261
902 403
902 414
902 509
902 519
902 524
902 553
902 571
902 659
902 699
902 737
902 830
902 849
902 851
902 950
902 972
950 209
950 356
950 414
950 481
950 486
950 490
950 509
950 553
950 631
950 684
950 706
950 814
950 849
950 874
950 972
814 155
814 189
814 298
814 382
814 541
814 588
814 594
814 732
814 742
814 800
120 286
120 618
120 788
286 161
286 271
618 476
618 806
788 162
788 216
788 259
788 353
788 356
788 434
788 611
788 668
788 777
788 865
800 152
800 189
800 221
800 240
800 382
800 512
800 594
800 787
512 524
512 731
716 155
716 161
716 575
716 752
716 777
681 124
681 244
681 367
681 373
681 382
681 467
681 630
681 707
681 735
739 175
739 420
739 441
739 445
739 554
739 704
739 796
766 465
766 569
766 626
766 851
124 855
124 957
855 226
855 243
855 395
855 531
855 756
855 770
855 806
855 857
855 873
855 908
855 920
957 131
957 144
957 294
957 320
957 343
957 363
957 434
957 542
957 595
957 602
957 606
957 635
957 660
957 670
957 741
957 756
957 779
957 781
957 787
957 928
125 269
125 490
125 791
269 188
269 214
269 274
490 377
490 702
791 133
791 219
791 298
791 418
791 682
791 764
791 857
791 908
126 249
126 324
126 568
126 765
249 193
249 289
324 816
568 193
568 308
568 664
765 179
765 208
765 299
765 300
765 385
765 390
765 409
765 641
765 671
765 764
765 796
765 896
127 325
127 381
127 908
127 920
325 430
381 190
381 252
381 571
908 132
908 190
908 238
908 243
908 398
908 412
908 464
908 549
908 592
908 617
908 682
908 758
908 773
908 857
908 894
920 155
920 238
920 275
920 398
920 571
920 592
920 682
920 702
920 729
920 842
920 846
920 857
920 873
128 564
128 857
564 419
564 798
564 846
857 219
857 224
857 245
857 284
857 537
857 645
857 682
857 706
857 729
857 737
857 798
129 341
341 207
341 816
341 871
341 924
131 467
131 557
131 924
467 775
467 806
467 842
557 443
557 595
557 636
557 656
557 758
924 340
924 402
924 449
924 465
924 487
924 501
924 567
924 578
924 670
924 678
924 707
924 733
924 735
924 775
924 801
924 802
924 812
132 331
132 499
331 226
331 337
331 464
331 569
133 238
238 319
238 402
238 592
291 578
291 642
291 690
291 896
559 213
559 666
813 201
813 598
813 636
813 637
813 640
813 656
813 758
813 842
813 874
135 662
135 732
135 896
662 292
662 395
662 508
662 639
662 732
732 141
732 233
732 338
732 508
732 522
732 666
896 266
896 552
896 592
896 603
896 642
896 645
896 775
896 777
896 798
896 846
896 851
896 894
198 230
198 474
390 294
390 334
390 497
390 914
783 162
783 182
783 208
783 222
783 384
783 549
783 641
783 644
783 772
783 784
783 806
783 952
137 541
541 594
541 680
138 494
138 682
138 871
494 233
494 689
494 852
682 155
682 588
682 706
682 773
682 849
871 250
871 270
871 369
871 402
871 680
871 733
871 735
871 802
871 806
871 928
414 180
414 972
756 219
756 240
756 602
756 702
756 773
756 873
756 928
894 199
894 234
894 475
894 599
894 610
894 614
894 690
894 692
894 699
894 801
894 846
742 152
742 166
742 189
742 411
742 542
742 567
742 724
742 770
141 384
384 338
384 630
384 822
142 184
142 394
142 545
184 801
394 248
394 729
394 801
545 243
545 292
545 433
545 528
545 798
545 801
143 253
143 604
143 717
253 560
604 229
604 543
604 606
604 717
604 849
717 245
717 328
717 543
717 592
717 692
717 721
717 734
717 770
144 820
144 928
820 229
820 277
820 334
820 377
820 385
820 480
820 508
820 543
820 587
820 882
820 914
928 363
928 430
928 514
928 542
928 595
928 606
928 635
928 660
928 670
928 741
928 779
928 781
430 294
430 741
430 781
516 203
516 373
516 571
516 846
147 271
147 466
271 714
466 772
466 796
357 449
357 666
357 692
357 721
359 689
359 737
359 852
519 231
519 377
519 405
519 535
519 614
830 200
830 347
830 640
830 689
830 724
830 737
830 806
830 852
830 952
151 860
860 152
860 180
860 221
860 360
860 442
860 487
860 578
860 628
860 667
860 851
153 503
153 571
503 203
503 242
503 442
503 657
571 165
571 252
571 882
664 283
664 481
664 659
664 764
664 952
155 773
773 617
773 663
773 806
156 485
156 617
156 620
485 427
485 458
485 737
617 418
617 626
617 663
617 702
157 534
157 706
157 842
157 972
534 637
534 660
534 671
706 371
706 631
706 849
706 972
842 285
842 287
842 395
842 443
842 444
842 477
842 529
842 544
842 598
842 640
842 644
842 656
972 158
972 299
972 403
972 476
972 486
972 523
972 659
972 671
972 849
972 874
158 328
158 507
328 474
599 300
599 410
599 671
161 822
822 295
822 374
822 483
822 518
822 699
822 846
822 874
162 259
162 590
162 668
162 777
590 405
590 527
590 607
590 714
668 216
668 228
668 283
668 319
668 377
668 556
668 777
777 199
777 216
777 221
777 266
777 353
777 780
777 865
497 191
497 385
497 410
497 816
497 882
497 914
914 229
914 261
914 385
914 392
914 501
914 520
914 581
914 660
914 703
523 409
523 464
523 544
523 684
659 635
659 637
659 802
659 816
659 874
165 180
180 480
166 398
166 703
398 610
398 873
703 261
703 274
703 663
703 882
167 441
167 443
441 563
441 704
441 733
443 230
443 243
443 554
443 758
443 846
168 508
168 801
508 267
508 369
801 185
801 214
801 353
801 400
801 528
801 588
801 737
257 702
257 952
772 179
772 272
772 367
772 640
772 655
772 784
772 796
772 865
796 299
796 306
796 598
796 639
796 645
796 764
796 784
796 952
216 427
356 266
356 775
356 780
356 865
611 246
611 332
611 780
611 865
611 882
865 228
865 233
865 252
865 283
865 353
865 404
865 436
865 536
865 576
865 780
171 480
171 622
171 775
171 852
480 345
622 217
622 322
622 347
622 532
622 576
775 536
775 690
775 707
775 733
775 806
775 812
852 254
852 368
852 400
852 510
852 689
852 724
852 737
852 882
418 482
418 552
522 318
522 362
522 554
522 704
729 219
729 226
729 240
729 630
729 952
477 213
477 335
477 639
477 679
477 758
874 481
874 509
874 637
874 642
874 671
874 849
175 420
175 509
175 670
420 699
509 849
670 576
670 724
670 741
670 779
670 781
176 232
176 882
232 191
882 337
882 339
882 363
882 474
882 501
882 587
181 241
181 308
181 383
241 600
241 631
241 644
308 289
308 412
383 511
383 543
182 289
182 780
289 412
289 552
289 702
780 233
780 283
780 510
780 607
780 655
532 362
186 631
631 481
631 637
631 671
188 391
188 731
391 419
391 684
731 299
731 335
731 549
731 603
731 784
731 952
190 873
873 243
873 256
873 275
873 510
873 602
873 663
191 581
581 436
581 593
333 812
637 598
193 412
193 427
193 552
193 709
412 255
552 660
709 421
709 520
709 733
194 274
194 330
194 388
194 476
194 667
274 388
274 408
274 476
330 433
388 224
476 201
476 226
476 495
667 439
667 628
535 364
535 405
635 343
635 402
635 405
635 606
635 779
230 374
474 679
474 770
474 816
201 636
636 656
636 704
202 215
202 267
215 458
267 520
267 550
267 639
203 849
849 481
849 486
270 579
206 300
206 527
300 436
300 528
527 468
527 714
207 439
439 806
209 344
209 549
344 395
344 403
344 408
344 784
544 464
355 536
355 735
593 246
593 531
593 626
733 340
733 578
733 802
312 250
312 692
312 735
312 806
213 287
213 511
213 741
287 409
511 640
511 752
741 514
741 660
741 666
741 781
214 340
214 487
340 704
487 285
487 382
487 798
458 560
217 247
217 846
247 360
846 235
846 409
846 610
846 798
614 358
614 377
614 528
678 642
678 655
678 798
678 851
787 254
787 468
787 475
219 704
219 952
704 319
704 563
952 306
952 495
952 567
952 603
952 645
952 764
952 784
781 514
781 606
781 634
781 779
221 349
221 752
349 816
752 432
752 482
752 595
752 714
752 784
222 255
222 501
222 594
255 543
255 584
594 327
594 382
223 602
225 657
657 294
657 445
657 537
657 550
657 556
657 684
250 402
250 630
250 806
229 489
489 298
489 429
489 444
489 600
374 284
374 524
374 714
231 377
233 266
266 510
234 461
461 469
461 471
235 339
235 640
235 758
339 560
339 735
339 802
640 429
758 655
758 656
758 737
292 335
292 569
292 639
335 471
335 626
237 584
584 304
584 553
584 721
319 699
402 812
240 275
240 603
600 314
600 699
644 576
644 607
644 663
244 680
680 579
680 802
360 442
630 380
630 449
806 812
251 598
251 707
598 595
707 536
707 660
707 812
560 588
543 666
543 692
702 411
261 554
554 318
554 432
554 563
265 429
265 436
429 575
436 345
436 409
510 283
520 373
520 445
520 537
520 634
520 684
550 327
550 373
550 445
550 634
639 416
639 537
639 671
579 272
714 587
272 449
449 812
495 416
408 444
364 666
364 692
364 779
595 343
595 542
737 724
283 518
283 531
518 475
284 563
563 634
563 689
285 553
553 306
416 373
416 537
416 634
684 373
684 445
684 634
578 802
642 851
690 343
569 465
569 475
294 779
779 363
779 606
779 660
295 400
770 301
770 482
770 528
770 734
299 641
641 575
641 645
528 666
302 380
302 382
302 395
380 387
395 369
395 469
735 656
802 692
802 699
802 812
692 721
699 610
699 679
699 798
816 375
816 587
337 464
332 345
812 536
812 721
338 689
689 724
403 486
784 367
784 387
721 465
358 434
434 410
434 542
434 660
442 362
442 529
679 524
373 634
375 556
375 607
694 468
694 734
404 482
405 628
628 468
628 575
655 475
655 851
542 660
660 514
475 851
851 483
851 798
734 514
514 606
