0 28
0 639
0 670
0 835
0 852
0 899
0 917
28 409
28 625
28 648
28 899
28 917
28 982
639 146
639 354
639 358
639 409
639 508
639 583
639 635
639 700
639 811
639 831
639 852
639 857
639 917
670 2
670 233
670 354
670 535
670 625
670 700
670 713
670 760
670 801
670 811
670 852
670 857
670 899
670 917
835 184
835 189
835 208
835 363
835 491
835 518
835 525
835 550
835 599
835 601
835 659
835 678
835 681
835 803
835 810
835 873
835 874
835 943
835 945
835 946
835 948
835 964
852 2
852 233
852 339
852 409
852 479
852 508
852 520
852 583
852 647
852 648
852 700
852 724
852 760
852 764
852 801
852 811
852 857
852 899
852 917
852 993
852 995
899 2
899 146
899 217
899 339
899 352
899 354
899 358
899 390
899 409
899 479
899 508
899 520
899 583
899 625
899 647
899 671
899 700
899 724
899 760
899 764
899 801
899 811
899 857
899 872
899 891
899 917
917 146
917 201
917 217
917 233
917 267
917 339
917 352
917 354
917 358
917 390
917 409
917 479
917 508
917 520
917 583
917 614
917 625
917 647
917 648
917 686
917 700
917 724
917 760
917 764
917 801
917 811
917 857
917 988
1 431
1 741
1 892
1 902
1 966
1 979
1 999
431 805
431 880
431 902
431 942
431 953
431 966
431 977
431 979
431 999
741 693
741 730
741 742
741 772
741 843
741 864
741 872
741 915
741 933
741 937
741 951
741 971
741 980
741 985
741 987
741 991
741 994
892 97
892 104
892 107
892 212
892 248
892 268
892 287
892 392
892 397
892 430
892 439
892 440
892 485
892 582
892 710
892 715
892 730
892 817
892 866
892 886
892 888
892 902
892 942
892 953
892 966
892 977
892 979
892 999
902 65
902 97
902 260
902 287
902 289
902 297
902 392
902 439
902 472
902 588
902 617
902 643
902 710
902 729
902 730
902 845
902 866
902 886
902 888
902 903
902 942
902 953
902 963
902 966
902 977
902 979
902 999
966 44
966 248
966 260
966 297
966 397
966 399
966 430
966 439
966 440
966 461
966 472
966 485
966 497
966 542
966 582
966 588
966 611
966 615
966 617
966 643
966 666
966 702
966 710
966 715
966 729
966 805
966 845
966 866
966 874
966 886
966 888
966 942
966 953
966 970
966 977
966 979
966 999
979 44
979 65
979 69
979 242
979 248
979 260
979 268
979 350
979 392
979 397
979 399
979 421
979 430
979 485
979 491
979 497
979 542
979 548
979 582
979 588
979 611
979 615
979 617
979 666
979 710
979 715
979 729
979 730
979 805
979 845
979 866
979 886
979 888
979 942
979 953
979 977
979 992
979 999
999 44
999 55
999 69
999 97
999 222
999 242
999 248
999 260
999 268
999 287
999 297
999 392
999 397
999 399
999 410
999 421
999 430
999 440
999 472
999 485
999 497
999 542
999 546
999 582
999 588
999 611
999 615
999 617
999 643
999 666
999 710
999 715
999 729
999 730
999 753
999 805
999 845
999 866
999 886
999 888
999 937
999 942
999 953
999 977
2 246
2 700
2 760
2 811
246 652
246 951
246 971
246 980
246 985
246 991
246 994
700 12
700 201
700 339
700 354
700 525
700 625
700 724
700 764
700 801
700 811
760 146
760 174
760 339
760 390
760 409
760 508
760 520
760 583
760 648
760 724
760 801
760 811
760 857
760 896
811 36
811 217
811 358
811 409
811 479
811 508
811 520
811 583
811 625
811 762
811 764
811 805
811 857
3 601
3 659
3 678
3 945
3 946
3 948
3 964
601 143
601 599
601 810
601 873
601 874
601 943
601 945
601 946
601 948
601 963
601 964
659 128
659 283
659 378
659 550
659 599
659 810
659 874
659 943
659 945
659 946
659 948
659 964
678 24
678 189
678 252
678 270
678 420
678 525
678 584
678 810
678 873
678 943
678 945
678 948
678 964
945 24
945 51
945 90
945 132
945 189
945 208
945 235
945 252
945 270
945 283
945 349
945 363
945 411
945 416
945 418
945 443
945 466
945 467
945 491
945 518
945 525
945 540
945 550
945 584
945 810
945 873
945 874
945 943
945 946
945 948
945 964
945 995
946 24
946 31
946 51
946 90
946 132
946 142
946 184
946 189
946 208
946 235
946 252
946 270
946 283
946 349
946 363
946 416
946 466
946 467
946 491
946 518
946 525
946 540
946 550
946 584
946 599
946 810
946 873
946 874
946 889
946 943
946 948
946 964
948 24
948 90
948 132
948 184
948 189
948 208
948 235
948 248
948 252
948 270
948 283
948 349
948 363
948 378
948 416
948 463
948 466
948 467
948 491
948 518
948 525
948 529
948 540
948 584
948 599
948 810
948 873
948 874
948 930
948 943
948 964
964 24
964 51
964 90
964 132
964 147
964 184
964 189
964 208
964 235
964 252
964 270
964 283
964 349
964 363
964 378
964 416
964 426
964 466
964 467
964 491
964 518
964 525
964 540
964 550
964 584
964 599
964 725
964 810
964 863
964 873
964 874
964 943
4 494
4 719
4 755
4 790
4 794
4 815
4 860
494 111
494 295
494 475
494 509
494 538
494 719
494 755
494 790
494 794
494 815
719 42
719 76
719 139
719 277
719 435
719 475
719 513
719 534
719 538
719 755
719 790
719 794
719 815
719 969
755 76
755 106
755 111
755 295
755 375
755 435
755 453
755 475
755 513
755 534
755 790
755 794
755 815
755 845
755 927
790 42
790 76
790 106
790 238
790 277
790 295
790 375
790 435
790 453
790 469
790 513
790 534
790 538
790 794
790 815
794 42
794 106
794 111
794 139
794 277
794 375
794 435
794 453
794 475
794 513
794 534
794 538
794 565
794 815
794 855
815 42
815 76
815 106
815 139
815 277
815 295
815 346
815 375
815 435
815 453
815 475
815 513
815 534
815 538
815 539
860 299
860 428
860 558
860 566
860 655
860 656
860 693
860 742
860 771
860 772
860 836
860 843
860 864
860 872
860 915
860 933
860 937
860 951
860 971
860 980
860 985
860 987
860 991
860 994
5 509
5 618
5 838
5 853
5 879
5 901
5 976
509 317
509 565
509 804
509 808
509 823
509 838
509 853
509 879
509 901
618 317
618 389
618 708
618 804
618 808
618 814
618 819
618 844
618 853
618 879
618 887
618 901
838 22
838 171
838 206
838 379
838 546
838 560
838 565
838 593
838 706
838 766
838 788
838 804
838 808
838 814
838 819
838 823
838 844
838 853
838 879
838 901
838 968
853 66
853 171
853 206
853 280
853 317
853 391
853 546
853 560
853 593
853 706
853 710
853 766
853 804
853 808
853 814
853 819
853 823
853 879
853 901
853 994
879 27
879 171
879 206
879 317
879 379
879 432
879 546
879 560
879 565
879 593
879 654
879 706
879 766
879 778
879 804
879 808
879 814
879 819
879 823
879 837
879 844
879 901
901 22
901 27
901 66
901 130
901 171
901 206
901 280
901 317
901 327
901 379
901 432
901 546
901 560
901 565
901 593
901 638
901 706
901 766
901 804
901 814
901 819
901 823
901 844
901 871
976 36
976 43
976 124
976 127
976 166
976 168
976 187
976 215
976 221
976 258
976 305
976 337
976 340
976 357
976 362
976 367
976 377
976 426
976 442
976 507
976 512
976 521
976 539
976 579
976 624
976 631
976 667
976 726
976 743
976 789
976 821
976 846
976 862
976 920
976 927
976 934
976 935
976 959
976 971
976 986
976 989
976 990
6 112
6 225
6 372
6 568
6 576
6 679
6 787
112 38
112 231
112 576
112 612
112 679
112 751
225 930
225 954
225 956
225 961
225 967
225 970
225 978
372 316
372 411
372 571
372 576
372 612
372 751
372 787
372 987
568 38
568 120
568 359
568 411
568 571
568 576
568 612
568 679
568 751
568 787
568 974
576 316
576 408
576 571
576 609
576 645
576 751
576 787
576 888
679 231
679 253
679 316
679 408
679 411
679 571
679 609
679 612
679 645
679 751
679 787
679 956
787 38
787 67
787 120
787 231
787 276
787 359
787 408
787 411
787 571
787 609
787 612
787 645
787 751
787 974
7 179
7 319
7 527
7 605
7 637
7 684
7 858
179 367
179 484
179 621
179 637
179 664
179 770
179 837
319 68
319 91
319 318
319 461
319 487
319 605
319 837
319 858
527 88
527 185
527 322
527 437
527 603
527 830
527 887
527 911
527 929
527 940
605 91
605 493
605 602
605 621
605 637
605 664
605 684
605 837
605 858
605 904
605 988
637 92
637 461
637 484
637 487
637 493
637 532
637 602
637 664
637 684
637 708
637 926
684 35
684 53
684 67
684 70
684 92
684 296
684 487
684 493
684 708
684 770
684 820
684 858
858 18
858 35
858 37
858 67
858 91
858 138
858 142
858 255
858 296
858 318
858 453
858 487
858 493
858 514
858 532
858 602
858 664
858 708
858 770
858 837
858 906
8 793
8 956
8 958
8 961
8 962
8 967
8 978
793 239
793 412
793 526
793 594
793 658
793 677
793 738
793 825
793 834
793 869
793 896
793 897
793 903
793 908
793 947
793 972
793 975
793 981
793 995
956 23
956 133
956 181
956 218
956 254
956 256
956 279
956 300
956 314
956 328
956 355
956 443
956 458
956 473
956 564
956 607
956 641
956 692
956 714
956 742
956 754
956 832
956 855
956 865
956 871
956 878
956 923
956 930
956 954
956 958
956 961
956 962
956 967
956 970
956 978
956 992
958 23
958 73
958 204
958 229
958 256
958 269
958 279
958 300
958 314
958 328
958 355
958 432
958 441
958 443
958 458
958 473
958 564
958 591
958 607
958 641
958 692
958 714
958 754
958 832
958 855
958 865
958 871
958 878
958 923
958 930
958 935
958 954
958 961
958 962
958 967
958 970
958 978
961 23
961 133
961 204
961 218
961 254
961 269
961 279
961 300
961 314
961 328
961 355
961 443
961 458
961 473
961 564
961 607
961 641
961 692
961 714
961 754
961 808
961 832
961 839
961 855
961 865
961 871
961 878
961 923
961 930
961 952
961 954
961 962
961 967
961 968
961 970
961 978
962 73
962 133
962 204
962 218
962 229
962 254
962 256
962 269
962 279
962 300
962 314
962 355
962 443
962 458
962 473
962 489
962 564
962 583
962 607
962 641
962 692
962 714
962 754
962 762
962 832
962 855
962 865
962 871
962 878
962 923
962 930
962 933
962 954
962 967
962 970
962 978
967 23
967 184
967 204
967 218
967 229
967 254
967 256
967 269
967 279
967 300
967 314
967 328
967 329
967 355
967 443
967 458
967 473
967 564
967 607
967 641
967 692
967 699
967 714
967 754
967 823
967 832
967 855
967 865
967 871
967 878
967 923
967 930
967 954
967 970
967 978
978 23
978 73
978 133
978 204
978 218
978 229
978 254
978 256
978 269
978 279
978 300
978 314
978 328
978 355
978 377
978 443
978 458
978 473
978 564
978 607
978 641
978 673
978 692
978 714
978 754
978 809
978 832
978 855
978 865
978 869
978 871
978 878
978 923
978 930
978 954
978 970
9 309
9 609
9 779
9 796
9 868
9 894
9 919
309 364
309 464
309 657
309 726
309 833
309 912
309 919
309 921
609 120
609 231
609 316
609 359
609 408
609 571
609 612
609 645
609 751
779 58
779 214
779 398
779 562
779 604
779 622
779 626
779 657
779 662
779 701
779 735
779 782
779 826
779 833
779 868
779 894
779 912
779 921
796 169
796 211
796 298
796 324
796 446
796 470
796 510
796 522
796 626
796 662
796 701
796 735
796 826
796 833
796 868
796 894
796 913
796 919
796 921
868 101
868 182
868 211
868 214
868 324
868 364
868 405
868 446
868 470
868 493
868 518
868 522
868 562
868 626
868 657
868 735
868 785
868 826
868 833
868 894
868 912
868 919
868 921
894 58
894 95
894 169
894 182
894 211
894 324
894 405
894 446
894 464
894 470
894 506
894 510
894 604
894 626
894 662
894 701
894 705
894 735
894 782
894 826
894 833
894 912
894 919
894 921
894 937
919 58
919 95
919 101
919 169
919 182
919 211
919 214
919 324
919 405
919 446
919 464
919 483
919 510
919 522
919 562
919 604
919 626
919 628
919 657
919 662
919 694
919 701
919 735
919 782
919 826
919 833
919 912
919 921
919 957
10 419
10 450
10 471
10 774
10 890
10 900
10 905
419 109
419 195
419 308
419 325
419 456
419 567
419 653
419 900
419 905
450 108
450 338
450 567
450 653
450 668
450 774
450 890
450 900
450 905
471 338
471 456
471 668
471 728
471 774
471 775
471 890
471 900
471 905
774 56
774 135
774 265
774 291
774 298
774 338
774 536
774 552
774 577
774 653
774 668
774 675
774 866
774 890
774 900
774 905
890 56
890 60
890 160
890 195
890 236
890 265
890 291
890 298
890 308
890 325
890 338
890 456
890 536
890 552
890 555
890 567
890 653
890 668
890 675
890 728
890 810
890 843
890 900
890 905
900 56
900 60
900 108
900 135
900 160
900 236
900 265
900 291
900 298
900 308
900 325
900 338
900 365
900 393
900 456
900 536
900 552
900 567
900 653
900 668
900 675
900 728
900 821
900 905
905 56
905 60
905 108
905 135
905 155
905 160
905 195
905 236
905 265
905 291
905 298
905 308
905 325
905 338
905 456
905 536
905 552
905 567
905 623
905 653
905 668
905 675
905 694
905 728
11 141
11 915
11 933
11 951
11 980
11 987
11 991
141 938
141 963
141 982
141 988
141 996
141 997
915 273
915 303
915 401
915 428
915 463
915 566
915 575
915 652
915 656
915 680
915 693
915 712
915 742
915 772
915 836
915 843
915 851
915 864
915 872
915 933
915 937
915 951
915 965
915 971
915 980
915 985
915 987
915 991
915 992
915 994
933 75
933 125
933 151
933 292
933 303
933 428
933 558
933 566
933 575
933 631
933 652
933 655
933 656
933 680
933 693
933 712
933 772
933 836
933 843
933 864
933 872
933 882
933 937
933 951
933 971
933 980
933 985
933 987
933 991
933 994
951 75
951 226
951 299
951 401
951 418
951 463
951 486
951 492
951 558
951 566
951 575
951 652
951 655
951 656
951 680
951 693
951 712
951 742
951 772
951 836
951 843
951 864
951 865
951 872
951 906
951 937
951 971
951 980
951 985
951 987
951 991
951 994
980 48
980 75
980 125
980 226
980 252
980 273
980 292
980 299
980 303
980 361
980 418
980 428
980 524
980 558
980 566
980 575
980 652
980 655
980 656
980 680
980 693
980 712
980 742
980 766
980 772
980 813
980 836
980 843
980 864
980 872
980 937
980 959
980 971
980 985
980 987
980 991
980 994
987 48
987 125
987 151
987 226
987 273
987 292
987 299
987 303
987 361
987 401
987 418
987 428
987 463
987 497
987 524
987 558
987 566
987 575
987 652
987 655
987 656
987 680
987 693
987 712
987 742
987 772
987 792
987 836
987 843
987 849
987 864
987 872
987 937
987 971
987 985
987 991
987 994
991 75
991 125
991 151
991 226
991 273
991 292
991 299
991 303
991 325
991 361
991 401
991 418
991 428
991 463
991 479
991 524
991 558
991 566
991 575
991 652
991 655
991 656
991 680
991 693
991 712
991 742
991 772
991 816
991 836
991 843
991 864
991 872
991 937
991 971
991 985
991 989
991 994
12 822
12 847
12 861
12 863
12 870
12 885
822 39
822 103
822 196
822 327
822 407
822 410
822 436
822 481
822 500
822 592
822 623
822 651
822 660
822 691
822 731
822 732
822 847
822 861
822 863
822 870
822 885
847 74
847 103
847 159
847 219
847 327
847 436
847 500
847 533
847 544
847 547
847 592
847 616
847 623
847 651
847 691
847 731
847 732
847 861
847 863
847 870
847 885
847 918
861 39
861 74
861 103
861 219
861 315
861 410
861 436
861 500
861 544
861 547
861 592
861 623
861 651
861 660
861 691
861 731
861 732
861 812
861 863
861 870
861 885
861 953
863 74
863 83
863 103
863 159
863 196
863 219
863 256
863 315
863 410
863 500
863 544
863 547
863 592
863 623
863 651
863 660
863 691
863 731
863 732
863 885
870 39
870 74
870 103
870 159
870 196
870 219
870 315
870 327
870 410
870 500
870 544
870 547
870 592
870 623
870 651
870 660
870 691
870 702
870 731
870 732
870 885
870 990
885 39
885 74
885 103
885 159
885 196
885 219
885 315
885 327
885 400
885 410
885 436
885 500
885 544
885 547
885 623
885 651
885 660
885 691
885 731
885 732
885 803
885 813
13 245
13 600
13 778
13 803
13 877
13 882
13 963
245 489
245 628
245 778
245 818
245 877
245 882
245 927
600 104
600 249
600 384
600 449
600 578
600 581
600 619
600 628
600 803
600 877
600 882
600 942
778 72
778 172
778 320
778 333
778 345
778 384
778 398
778 498
778 513
778 581
778 614
778 619
778 628
778 803
778 877
778 882
803 59
803 63
803 121
803 320
803 333
803 384
803 398
803 489
803 498
803 578
803 581
803 614
803 628
803 877
803 882
877 35
877 59
877 72
877 104
877 172
877 249
877 320
877 333
877 345
877 366
877 384
877 398
877 449
877 489
877 498
877 578
877 581
877 614
877 619
877 628
877 882
877 897
882 59
882 63
882 72
882 104
882 121
882 172
882 249
882 299
882 320
882 333
882 345
882 384
882 398
882 449
882 489
882 498
882 578
882 581
882 614
882 832
963 83
963 86
963 128
963 213
963 237
963 247
963 286
963 365
963 490
963 505
963 511
963 559
963 563
963 577
963 634
963 669
963 746
963 762
963 773
963 780
963 783
963 806
963 828
963 875
963 918
963 925
963 928
963 938
963 957
963 960
963 968
963 969
963 982
963 988
963 996
963 997
14 207
14 825
14 908
14 947
14 950
14 972
14 975
207 31
207 447
207 616
207 686
207 695
207 807
207 841
825 216
825 346
825 412
825 541
825 658
825 738
825 829
825 834
825 869
825 896
825 897
825 903
825 908
825 947
825 950
825 954
825 972
825 975
825 981
825 995
908 134
908 412
908 414
908 477
908 541
908 556
908 557
908 594
908 640
908 658
908 677
908 688
908 697
908 738
908 829
908 834
908 842
908 869
908 872
908 897
908 903
908 914
908 947
908 950
908 972
908 973
908 975
908 981
908 995
947 45
947 162
947 210
947 239
947 294
947 307
947 346
947 394
947 414
947 501
947 505
947 508
947 541
947 556
947 557
947 594
947 640
947 658
947 677
947 688
947 695
947 697
947 829
947 834
947 842
947 869
947 896
947 897
947 903
947 950
947 972
947 975
947 981
947 995
950 45
950 62
950 116
950 169
950 210
950 278
950 307
950 346
950 412
950 414
950 541
950 556
950 557
950 594
950 640
950 658
950 677
950 688
950 697
950 729
950 738
950 746
950 757
950 829
950 834
950 842
950 869
950 896
950 897
950 903
950 972
950 975
950 981
950 995
972 45
972 62
972 76
972 77
972 134
972 162
972 166
972 173
972 210
972 212
972 239
972 294
972 307
972 414
972 501
972 556
972 557
972 594
972 640
972 658
972 677
972 688
972 697
972 738
972 829
972 834
972 842
972 867
972 869
972 896
972 897
972 903
972 975
972 981
972 995
975 45
975 116
975 134
975 162
975 173
975 210
975 212
975 239
975 278
975 307
975 374
975 379
975 412
975 414
975 501
975 541
975 556
975 594
975 640
975 658
975 677
975 697
975 738
975 765
975 829
975 834
975 842
975 869
975 878
975 896
975 897
975 903
975 981
975 983
975 995
15 403
15 481
15 649
15 763
15 769
15 785
15 813
403 290
403 360
403 610
403 687
403 763
403 785
403 813
403 829
481 40
481 81
481 586
481 610
481 649
481 687
481 763
481 785
481 813
649 54
649 81
649 170
649 335
649 340
649 548
649 610
649 630
649 687
649 769
649 785
649 813
763 54
763 170
763 244
763 282
763 290
763 360
763 469
763 548
763 586
763 610
763 630
763 687
763 713
763 769
763 777
763 785
769 40
769 81
769 170
769 244
769 282
769 290
769 335
769 360
769 469
769 548
769 610
769 630
769 754
769 785
769 801
769 813
785 54
785 170
785 282
785 290
785 335
785 360
785 469
785 548
785 586
785 630
785 646
785 813
813 54
813 81
813 170
813 244
813 282
813 290
813 335
813 360
813 469
813 548
813 586
813 630
813 687
16 163
16 480
16 616
16 681
16 686
16 807
16 841
163 31
163 499
163 553
163 686
163 695
163 807
163 841
480 102
480 115
480 117
480 353
480 385
480 415
480 451
480 515
480 690
480 816
616 228
616 272
616 348
616 499
616 553
616 681
616 686
616 718
616 819
616 841
681 33
681 150
681 156
681 228
681 348
681 553
681 686
681 695
681 718
681 807
681 841
681 990
686 50
686 150
686 156
686 272
686 553
686 695
686 718
686 807
686 841
807 17
807 31
807 33
807 50
807 156
807 228
807 272
807 348
807 447
807 499
807 553
807 567
807 695
807 718
807 826
807 841
841 17
841 31
841 33
841 50
841 150
841 156
841 228
841 272
841 415
841 447
841 499
841 553
841 695
841 718
841 770
841 909
17 50
17 447
17 553
17 718
17 982
50 447
50 478
50 499
447 144
447 348
447 499
447 553
447 718
553 228
553 272
553 695
553 696
718 31
718 33
718 150
718 228
718 272
718 499
718 695
718 705
718 992
982 49
982 128
982 154
982 213
982 223
982 234
982 237
982 247
982 321
982 350
982 365
982 455
982 462
982 490
982 505
982 511
982 559
982 563
982 634
982 648
982 669
982 746
982 751
982 762
982 773
982 780
982 783
982 806
982 828
982 875
982 918
982 925
982 928
982 938
982 960
982 968
982 969
982 988
982 996
982 997
18 37
18 138
18 142
18 306
18 493
18 514
37 35
37 532
37 770
37 837
37 938
138 70
138 318
138 487
138 621
138 881
142 461
142 532
142 770
142 837
306 176
306 202
306 382
306 502
306 633
306 756
306 784
306 800
493 68
493 296
493 664
493 708
493 837
514 67
514 318
514 462
514 484
514 602
514 708
514 770
514 782
514 837
19 492
19 638
19 742
19 745
19 827
19 839
19 867
492 441
492 533
492 591
492 685
492 704
492 745
492 827
492 839
492 867
638 167
638 351
638 376
638 417
638 482
638 504
638 523
638 661
638 704
638 827
638 839
638 867
742 656
742 693
742 843
742 864
742 872
742 937
742 971
742 985
742 994
745 147
745 165
745 167
745 336
745 364
745 438
745 441
745 504
745 523
745 533
745 591
745 607
745 661
745 827
745 839
745 867
827 109
827 147
827 165
827 167
827 351
827 402
827 441
827 504
827 523
827 533
827 591
827 661
827 663
827 685
827 704
827 747
827 839
827 867
839 109
839 147
839 336
839 351
839 402
839 417
839 438
839 441
839 482
839 523
839 533
839 591
839 612
839 661
839 685
839 704
839 867
867 109
867 147
867 165
867 167
867 336
867 351
867 402
867 417
867 438
867 441
867 458
867 482
867 504
867 523
867 533
867 591
867 661
867 685
867 704
20 427
20 683
20 809
20 817
20 926
20 939
20 949
427 478
427 545
427 650
427 740
427 830
427 887
427 911
427 929
427 940
683 476
683 506
683 589
683 707
683 802
683 818
683 840
683 886
683 895
683 914
683 926
683 939
683 949
683 993
809 275
809 385
809 516
809 554
809 608
809 707
809 736
809 739
809 747
809 789
809 802
809 817
809 818
809 840
809 895
809 914
809 926
809 939
809 949
817 385
817 391
817 476
817 535
817 554
817 590
817 625
817 682
817 709
817 736
817 739
817 747
817 802
817 818
817 895
817 914
817 939
817 949
926 56
926 98
926 149
926 177
926 385
926 391
926 407
926 476
926 506
926 516
926 535
926 551
926 554
926 589
926 590
926 682
926 707
926 709
926 714
926 736
926 737
926 739
926 802
926 818
926 840
926 895
926 914
926 924
926 939
926 949
939 98
939 149
939 177
939 275
939 385
939 391
939 407
939 503
939 506
939 516
939 535
939 551
939 554
939 589
939 590
939 608
939 682
939 707
939 709
939 736
939 737
939 739
939 747
939 818
939 840
939 849
939 888
939 895
939 914
939 949
939 985
949 98
949 149
949 177
949 275
949 301
949 385
949 391
949 407
949 476
949 506
949 516
949 535
949 551
949 554
949 589
949 590
949 608
949 682
949 707
949 709
949 736
949 737
949 739
949 747
949 802
949 818
949 840
949 876
949 895
949 914
949 921
949 977
21 24
21 881
21 898
21 957
21 974
21 984
21 992
24 943
881 105
881 262
881 310
881 380
881 381
881 388
881 413
881 486
881 531
881 543
881 597
881 698
881 767
881 781
881 848
881 898
881 907
881 936
881 955
881 957
881 973
881 974
881 984
881 992
881 994
898 34
898 57
898 82
898 161
898 180
898 190
898 380
898 395
898 486
898 496
898 531
898 620
898 629
898 676
898 720
898 767
898 775
898 781
898 848
898 907
898 936
898 955
898 957
898 973
898 974
898 984
898 992
898 993
957 34
957 82
957 105
957 157
957 180
957 181
957 262
957 289
957 310
957 388
957 395
957 413
957 445
957 486
957 531
957 543
957 562
957 597
957 603
957 620
957 689
957 698
957 720
957 767
957 775
957 781
957 848
957 907
957 936
957 955
957 973
957 974
957 984
957 992
974 34
974 57
974 82
974 105
974 119
974 157
974 180
974 262
974 289
974 293
974 310
974 380
974 388
974 413
974 445
974 486
974 496
974 531
974 543
974 597
974 620
974 629
974 633
974 689
974 698
974 720
974 767
974 775
974 848
974 907
974 936
974 955
974 973
974 984
974 992
974 996
984 34
984 82
984 119
984 157
984 180
984 181
984 190
984 191
984 262
984 289
984 293
984 310
984 380
984 381
984 388
984 395
984 413
984 445
984 496
984 531
984 597
984 598
984 620
984 629
984 662
984 689
984 698
984 720
984 767
984 775
984 781
984 802
984 848
984 896
984 907
984 936
984 955
984 973
984 992
992 34
992 57
992 82
992 105
992 119
992 180
992 181
992 190
992 191
992 262
992 293
992 310
992 380
992 381
992 388
992 395
992 413
992 486
992 496
992 531
992 543
992 597
992 620
992 629
992 689
992 698
992 720
992 767
992 775
992 781
992 848
992 851
992 907
992 936
992 955
992 973
22 766
22 767
22 804
22 819
22 844
766 66
766 265
766 379
766 389
766 546
766 560
766 565
766 593
766 804
766 808
766 819
766 823
766 844
767 181
767 191
767 257
767 395
767 496
767 698
767 775
767 781
767 848
767 907
767 955
767 973
804 66
804 130
804 171
804 308
804 317
804 379
804 560
804 565
804 706
804 819
804 823
804 997
819 130
819 139
819 206
819 280
819 389
819 546
819 565
819 593
819 706
819 808
819 814
819 823
819 844
844 27
844 171
844 206
844 280
844 317
844 379
844 389
844 397
844 432
844 546
844 560
844 593
844 706
844 808
844 814
844 823
844 918
23 624
23 954
624 688
624 748
624 821
624 862
624 920
624 927
624 934
624 935
624 959
624 986
624 989
954 73
954 133
954 204
954 218
954 229
954 254
954 269
954 300
954 314
954 328
954 443
954 458
954 473
954 564
954 607
954 641
954 692
954 714
954 754
954 758
954 832
954 855
954 865
954 871
954 878
954 914
954 923
954 930
954 955
954 970
943 51
943 90
943 132
943 184
943 189
943 208
943 235
943 252
943 270
943 283
943 337
943 349
943 363
943 378
943 416
943 466
943 467
943 491
943 525
943 540
943 584
943 599
943 646
943 810
943 873
943 874
943 912
943 988
25 795
25 880
25 889
25 893
25 904
25 931
25 932
795 297
795 341
795 596
795 622
795 644
795 654
795 694
795 727
795 761
795 771
795 856
795 876
795 880
795 889
795 893
795 904
795 931
795 932
795 941
880 84
880 100
880 113
880 199
880 230
880 383
880 465
880 555
880 596
880 644
880 654
880 694
880 727
880 761
880 771
880 777
880 856
880 889
880 893
880 896
880 904
880 931
880 932
880 941
889 47
889 84
889 94
889 118
889 362
889 459
889 468
889 555
889 596
889 644
889 654
889 694
889 727
889 761
889 771
889 777
889 810
889 856
889 893
889 904
889 916
889 931
889 932
889 941
893 94
893 113
893 118
893 153
893 178
893 226
893 230
893 341
893 362
893 383
893 468
893 555
893 622
893 644
893 654
893 694
893 761
893 771
893 777
893 856
893 904
893 931
893 932
893 941
893 965
904 47
904 94
904 118
904 178
904 199
904 230
904 362
904 383
904 459
904 468
904 555
904 596
904 602
904 622
904 644
904 654
904 727
904 761
904 771
904 777
904 856
904 931
904 932
904 941
904 969
931 47
931 73
931 84
931 94
931 113
931 118
931 157
931 178
931 199
931 230
931 341
931 362
931 383
931 459
931 465
931 555
931 596
931 622
931 644
931 654
931 694
931 727
931 761
931 771
931 777
931 856
931 932
931 941
931 990
932 47
932 84
932 113
932 118
932 178
932 199
932 230
932 341
932 362
932 383
932 408
932 459
932 465
932 468
932 555
932 596
932 622
932 644
932 654
932 694
932 727
932 761
932 771
932 777
932 856
932 934
932 940
932 941
26 96
26 393
26 451
26 690
26 744
26 816
26 990
96 242
96 353
96 415
96 444
96 457
96 690
393 102
393 117
393 444
393 515
393 690
393 744
393 816
451 232
451 300
451 444
451 460
451 488
451 515
451 744
451 816
690 61
690 87
690 115
690 415
690 425
690 433
690 457
690 488
690 573
690 731
690 816
744 61
744 79
744 87
744 117
744 154
744 178
744 415
744 425
744 433
744 444
744 457
744 460
744 488
744 515
744 816
816 61
816 79
816 87
816 117
816 232
816 353
816 415
816 433
816 444
816 460
816 488
816 515
816 573
816 781
990 43
990 127
990 166
990 168
990 187
990 215
990 227
990 258
990 288
990 305
990 337
990 340
990 343
990 357
990 367
990 369
990 377
990 404
990 426
990 442
990 507
990 512
990 521
990 539
990 579
990 631
990 667
990 726
990 743
990 748
990 789
990 821
990 846
990 862
990 920
990 927
990 934
990 935
990 959
990 986
990 989
27 232
27 565
27 706
27 808
232 79
232 87
232 433
232 460
232 573
565 808
565 814
565 823
706 54
706 130
706 171
706 379
706 389
706 808
706 814
706 823
808 130
808 280
808 291
808 379
808 389
808 432
808 593
808 814
808 823
409 293
409 479
409 764
625 352
625 358
625 648
625 724
625 764
625 801
648 201
648 354
648 358
648 508
648 520
648 647
648 801
648 857
29 41
29 323
29 400
29 799
29 851
29 883
29 884
41 221
41 224
41 759
41 883
41 884
41 913
323 257
323 274
323 329
323 579
323 734
323 759
323 799
323 913
400 368
400 734
400 759
400 849
400 851
400 884
400 913
799 32
799 123
799 155
799 188
799 221
799 329
799 334
799 356
799 366
799 734
799 759
799 824
799 849
799 851
799 883
799 884
799 888
799 913
851 136
851 155
851 209
851 220
851 221
851 224
851 257
851 264
851 274
851 329
851 334
851 368
851 394
851 734
851 759
851 849
851 883
851 884
851 913
883 32
883 52
883 123
883 136
883 155
883 158
883 188
883 220
883 224
883 257
883 264
883 274
883 329
883 366
883 368
883 394
883 530
883 734
883 759
883 849
883 884
883 913
883 994
884 97
884 136
884 188
884 209
884 220
884 221
884 224
884 257
884 274
884 329
884 356
884 366
884 368
884 394
884 530
884 728
884 734
884 759
884 849
884 913
884 971
30 78
30 569
30 627
30 671
30 791
30 824
30 859
78 89
78 144
78 434
78 791
78 824
78 859
569 200
569 259
569 370
569 503
569 570
569 627
569 663
569 687
569 791
569 824
569 859
627 122
627 200
627 250
627 370
627 371
627 376
627 503
627 663
627 824
627 859
627 997
671 148
671 186
671 198
671 284
671 304
671 330
671 642
671 672
671 750
671 752
671 792
671 798
671 820
791 75
791 89
791 93
791 144
791 196
791 200
791 238
791 250
791 259
791 370
791 376
791 434
791 503
791 526
791 663
791 717
791 824
824 93
824 197
824 200
824 250
824 259
824 302
824 331
824 370
824 371
824 434
824 503
824 632
824 663
824 717
824 857
824 859
859 89
859 93
859 122
859 144
859 197
859 200
859 238
859 250
859 302
859 331
859 370
859 371
859 376
859 434
859 503
859 526
859 554
859 570
859 663
859 854
31 695
695 33
695 150
695 272
695 348
695 878
32 188
32 334
32 530
32 849
32 913
188 368
188 759
188 849
188 913
334 123
334 366
334 530
334 734
334 842
334 913
530 62
530 209
530 221
530 734
530 759
530 849
530 913
849 136
849 155
849 209
849 220
849 257
849 264
849 274
849 356
849 366
849 368
849 394
849 734
849 759
849 913
913 123
913 136
913 155
913 182
913 209
913 220
913 221
913 224
913 257
913 264
913 274
913 329
913 331
913 356
913 366
913 368
913 394
913 715
913 734
913 759
33 156
33 499
156 272
156 348
499 228
499 287
499 348
34 936
34 973
936 82
936 119
936 157
936 191
936 262
936 289
936 293
936 380
936 381
936 388
936 413
936 496
936 531
936 543
936 571
936 578
936 597
936 629
936 689
936 698
936 720
936 775
936 781
936 848
936 907
936 942
936 955
936 973
936 983
973 57
973 105
973 119
973 157
973 180
973 181
973 185
973 190
973 191
973 262
973 289
973 293
973 381
973 388
973 395
973 413
973 445
973 531
973 543
973 597
973 620
973 629
973 682
973 689
973 698
973 720
973 775
973 781
973 848
973 887
973 907
973 955
35 53
35 68
35 708
53 67
53 460
53 461
53 770
53 837
68 255
68 484
68 602
68 891
708 255
708 296
708 484
708 487
708 532
708 602
708 621
708 770
708 837
36 862
36 920
36 934
36 986
36 989
862 124
862 166
862 343
862 404
862 426
862 442
862 667
862 726
862 743
862 789
862 821
862 846
862 920
862 927
862 934
862 935
862 944
862 953
862 959
862 986
862 989
920 43
920 127
920 166
920 168
920 227
920 258
920 288
920 337
920 343
920 367
920 377
920 380
920 404
920 426
920 482
920 521
920 539
920 631
920 667
920 726
920 789
920 821
920 846
920 855
920 927
920 934
920 935
920 986
920 989
934 52
934 168
934 215
934 227
934 258
934 262
934 305
934 340
934 343
934 507
934 521
934 539
934 579
934 631
934 667
934 726
934 736
934 743
934 748
934 789
934 821
934 846
934 923
934 927
934 935
934 959
934 986
934 989
986 52
986 108
986 127
986 166
986 187
986 215
986 227
986 241
986 288
986 305
986 337
986 340
986 343
986 357
986 367
986 377
986 404
986 442
986 449
986 507
986 512
986 521
986 538
986 539
986 579
986 631
986 667
986 726
986 743
986 748
986 789
986 821
986 846
986 927
986 930
986 935
986 959
986 989
989 52
989 124
989 127
989 166
989 168
989 187
989 215
989 227
989 288
989 305
989 337
989 343
989 357
989 367
989 377
989 404
989 426
989 442
989 507
989 512
989 521
989 539
989 579
989 667
989 726
989 743
989 748
989 789
989 821
989 828
989 837
989 846
989 927
989 935
989 959
989 997
532 602
532 621
532 664
532 770
532 837
532 874
770 70
770 91
770 92
770 255
770 318
770 487
770 602
770 709
770 837
837 255
837 267
837 296
837 318
837 461
837 484
837 602
837 621
837 664
938 49
938 83
938 234
938 295
938 365
938 490
938 505
938 511
938 536
938 559
938 563
938 577
938 634
938 669
938 746
938 762
938 773
938 780
938 783
938 806
938 828
938 875
938 918
938 925
938 928
938 960
938 968
938 969
938 985
938 988
938 996
938 997
38 88
38 359
38 612
38 645
88 285
88 740
88 911
88 929
88 940
359 276
359 316
359 411
359 490
359 751
612 120
612 316
612 408
612 571
612 751
645 120
645 187
645 231
645 276
645 316
645 411
645 571
645 751
645 944
39 219
39 544
39 623
219 691
219 829
544 315
544 436
544 660
544 691
544 732
544 792
623 315
623 500
623 592
623 660
623 732
40 469
40 548
40 586
40 630
40 687
469 244
469 360
469 610
469 687
548 282
548 290
548 586
548 610
548 630
586 335
586 483
586 610
586 630
586 687
586 960
630 170
630 244
630 290
630 335
630 610
630 801
687 54
687 81
687 170
687 244
687 335
687 360
221 356
224 220
224 329
224 765
759 123
759 136
759 209
759 394
759 663
759 734
759 983
42 76
42 295
42 375
76 277
295 277
295 513
295 534
375 139
375 330
375 534
375 538
43 206
43 846
43 927
43 959
206 814
846 187
846 288
846 340
846 367
846 414
846 426
846 539
846 631
846 667
846 743
846 748
846 789
846 821
846 873
846 927
846 959
927 124
927 168
927 215
927 258
927 288
927 337
927 349
927 357
927 426
927 442
927 507
927 512
927 521
927 579
927 631
927 667
927 726
927 743
927 748
927 789
927 821
927 935
927 959
959 124
959 127
959 166
959 187
959 215
959 258
959 288
959 337
959 340
959 343
959 357
959 377
959 404
959 442
959 507
959 512
959 521
959 579
959 631
959 667
959 685
959 726
959 743
959 748
959 751
959 789
959 821
959 833
959 935
44 497
44 588
44 886
44 977
497 666
497 710
497 730
497 866
497 886
497 953
588 160
588 615
588 643
588 845
588 942
588 953
588 977
886 55
886 107
886 287
886 297
886 392
886 430
886 439
886 440
886 485
886 542
886 615
886 710
886 729
886 805
886 845
886 856
886 895
886 942
886 953
886 977
977 55
977 65
977 69
977 97
977 107
977 242
977 248
977 268
977 287
977 297
977 399
977 421
977 430
977 439
977 485
977 542
977 582
977 615
977 617
977 643
977 666
977 710
977 715
977 729
977 730
977 845
977 866
977 888
977 907
977 928
977 941
977 942
977 953
45 842
45 981
45 995
842 74
842 173
842 307
842 374
842 412
842 501
842 556
842 658
842 697
842 738
842 834
842 869
842 896
842 897
842 903
842 981
842 995
981 62
981 116
981 162
981 173
981 210
981 212
981 239
981 278
981 294
981 307
981 346
981 374
981 412
981 414
981 417
981 501
981 541
981 556
981 557
981 566
981 594
981 640
981 651
981 677
981 688
981 697
981 707
981 738
981 829
981 834
981 869
981 896
981 897
981 903
981 995
995 62
995 116
995 134
995 162
995 173
995 210
995 212
995 239
995 278
995 294
995 307
995 346
995 374
995 412
995 414
995 501
995 541
995 556
995 557
995 594
995 640
995 658
995 677
995 688
995 697
995 734
995 738
995 829
995 834
995 857
995 869
995 896
995 897
995 903
995 929
46 574
46 740
46 830
46 887
46 911
46 929
46 940
574 145
574 263
574 592
574 703
574 740
574 768
574 830
574 887
574 911
574 929
574 940
740 164
740 251
740 344
740 545
740 558
740 650
740 703
740 768
740 830
740 887
740 911
740 929
740 940
740 971
830 145
830 152
830 185
830 251
830 271
830 322
830 326
830 519
830 545
830 580
830 607
830 703
830 768
830 887
830 911
830 929
830 940
887 110
887 145
887 152
887 197
887 240
887 251
887 285
887 322
887 326
887 344
887 519
887 545
887 561
887 603
887 650
887 703
887 768
887 911
887 929
887 940
911 145
911 152
911 164
911 185
911 240
911 251
911 263
911 271
911 285
911 322
911 326
911 437
911 478
911 519
911 522
911 545
911 561
911 603
911 650
911 701
911 703
911 768
911 903
911 929
911 940
929 110
929 145
929 152
929 164
929 172
929 185
929 186
929 240
929 251
929 263
929 271
929 285
929 322
929 326
929 344
929 437
929 478
929 519
929 545
929 561
929 603
929 650
929 703
929 768
929 940
940 110
940 145
940 152
940 164
940 185
940 240
940 243
940 251
940 263
940 271
940 285
940 322
940 326
940 344
940 437
940 478
940 519
940 545
940 560
940 561
940 603
940 650
940 703
940 768
940 998
47 567
47 771
47 941
567 60
567 108
567 325
567 552
567 728
771 438
771 555
771 596
771 644
771 654
771 694
771 727
771 761
771 777
771 941
941 84
941 94
941 113
941 118
941 178
941 199
941 230
941 341
941 362
941 383
941 459
941 465
941 468
941 555
941 590
941 596
941 622
941 644
941 654
941 658
941 694
941 717
941 727
941 761
941 777
941 856
48 85
48 937
48 971
48 985
48 994
85 876
85 891
85 916
85 983
85 993
85 998
937 75
937 151
937 273
937 292
937 361
937 428
937 463
937 558
937 566
937 575
937 652
937 655
937 656
937 680
937 693
937 712
937 772
937 836
937 843
937 850
937 864
937 971
937 985
937 994
971 151
971 226
971 273
971 292
971 299
971 303
971 361
971 401
971 463
971 524
971 558
971 575
971 652
971 655
971 656
971 680
971 693
971 712
971 752
971 772
971 836
971 843
971 864
971 872
971 985
971 994
985 125
985 151
985 226
985 290
985 292
985 299
985 303
985 361
985 401
985 418
985 428
985 463
985 524
985 558
985 566
985 575
985 652
985 655
985 656
985 680
985 693
985 712
985 772
985 836
985 843
985 864
985 872
985 930
985 994
994 75
994 125
994 151
994 226
994 273
994 292
994 299
994 303
994 361
994 401
994 418
994 428
994 463
994 524
994 558
994 566
994 575
994 652
994 655
994 656
994 680
994 693
994 712
994 772
994 836
994 843
994 864
994 872
994 922
994 955
49 925
49 960
49 968
49 996
49 997
925 83
925 93
925 223
925 321
925 335
925 350
925 455
925 462
925 505
925 559
925 577
925 634
925 669
925 746
925 762
925 773
925 780
925 783
925 806
925 828
925 840
925 875
925 918
925 928
925 960
925 968
925 969
925 988
925 996
925 997
960 86
960 126
960 223
960 234
960 237
960 247
960 321
960 350
960 365
960 455
960 462
960 474
960 490
960 505
960 577
960 634
960 669
960 717
960 746
960 762
960 773
960 780
960 783
960 806
960 828
960 840
960 875
960 918
960 928
960 968
960 969
960 988
960 996
960 997
968 86
968 129
968 223
968 234
968 237
968 247
968 286
968 321
968 350
968 455
968 462
968 490
968 511
968 559
968 563
968 577
968 634
968 669
968 743
968 746
968 762
968 773
968 780
968 783
968 806
968 828
968 875
968 918
968 928
968 969
968 988
968 996
968 997
996 83
996 86
996 126
996 128
996 154
996 223
996 234
996 237
996 286
996 321
996 350
996 365
996 455
996 462
996 490
996 505
996 511
996 534
996 559
996 563
996 577
996 608
996 634
996 669
996 746
996 762
996 773
996 780
996 783
996 806
996 828
996 875
996 918
996 924
996 928
996 969
996 988
996 997
997 69
997 83
997 86
997 126
997 128
997 154
997 213
997 223
997 234
997 237
997 247
997 255
997 286
997 321
997 350
997 365
997 455
997 462
997 490
997 505
997 511
997 559
997 563
997 577
997 634
997 669
997 746
997 762
997 773
997 780
997 783
997 806
997 828
997 875
997 918
997 928
997 969
997 988
478 164
478 322
478 437
478 545
478 561
478 703
51 194
51 349
51 874
194 332
194 347
194 572
194 595
194 696
194 716
194 812
349 518
349 873
874 184
874 208
874 252
874 270
874 363
874 389
874 467
874 491
874 518
874 540
874 550
874 599
874 775
874 810
874 873
52 748
52 789
52 935
748 227
748 305
748 434
748 512
748 521
748 539
748 704
748 726
748 935
789 233
789 305
789 357
789 507
789 512
789 821
789 935
935 168
935 187
935 215
935 258
935 288
935 337
935 340
935 343
935 357
935 367
935 426
935 507
935 512
935 521
935 539
935 631
935 667
935 689
935 726
935 743
935 786
935 821
67 461
67 664
460 102
460 425
460 444
460 488
460 573
461 318
461 484
461 602
54 610
610 81
610 653
610 711
55 615
55 729
55 916
55 942
615 79
615 472
615 666
615 715
615 942
615 953
729 97
729 242
729 248
729 297
729 421
729 611
729 643
729 845
729 942
916 64
916 143
916 203
916 266
916 301
916 369
916 395
916 448
916 549
916 613
916 636
916 665
916 673
916 676
916 713
916 722
916 733
916 757
916 831
916 854
916 891
916 909
916 910
916 922
916 924
916 944
916 965
916 983
916 993
916 998
942 69
942 97
942 180
942 287
942 351
942 392
942 397
942 399
942 421
942 472
942 485
942 582
942 611
942 617
942 643
942 666
942 715
942 730
942 805
942 845
942 866
942 888
942 953
56 456
56 668
456 195
456 325
456 545
456 728
668 60
668 135
668 291
668 536
668 552
668 561
668 653
668 923
57 775
57 907
57 955
775 190
775 381
775 597
775 620
775 781
775 848
775 907
775 955
907 82
907 119
907 165
907 181
907 293
907 310
907 381
907 395
907 445
907 486
907 496
907 543
907 597
907 620
907 629
907 689
907 698
907 781
907 797
907 955
955 119
955 157
955 180
955 181
955 190
955 191
955 289
955 293
955 310
955 380
955 381
955 445
955 486
955 496
955 531
955 543
955 595
955 597
955 620
955 629
955 665
955 689
955 698
955 781
955 848
58 510
58 833
58 912
58 921
510 296
510 324
510 604
510 662
510 701
510 912
510 921
833 312
833 364
833 405
833 464
833 470
833 483
833 604
833 657
833 662
833 701
833 735
833 782
833 826
833 912
833 921
912 72
912 95
912 101
912 169
912 182
912 214
912 324
912 364
912 387
912 446
912 464
912 470
912 483
912 562
912 604
912 626
912 657
912 662
912 701
912 735
912 782
912 826
912 864
912 921
921 59
921 95
921 101
921 169
921 211
921 214
921 266
921 344
921 364
921 405
921 446
921 464
921 470
921 483
921 522
921 562
921 604
921 626
921 662
921 701
921 735
921 782
921 826
59 398
59 614
59 619
398 63
398 498
398 628
614 121
614 249
614 345
614 449
614 489
614 537
614 578
619 63
619 172
619 320
619 345
619 384
619 449
619 581
619 628
619 669
60 308
60 749
308 108
308 653
308 728
749 100
749 168
749 241
749 311
749 332
749 386
749 495
749 572
749 595
749 635
749 674
749 696
749 705
749 711
749 716
749 721
749 812
61 79
61 115
61 425
61 488
79 457
79 573
115 239
115 353
115 515
115 573
425 105
425 117
425 153
425 353
425 415
425 457
488 87
488 117
488 353
488 415
488 573
62 869
62 903
869 496
869 501
869 556
869 557
869 677
869 688
869 697
869 738
869 829
869 834
869 896
869 897
869 903
869 944
903 134
903 212
903 239
903 278
903 294
903 346
903 501
903 541
903 549
903 557
903 658
903 688
903 738
903 829
903 834
903 896
903 897
63 282
63 498
63 578
282 244
282 290
498 92
498 121
498 172
498 345
498 628
578 249
578 333
578 384
578 485
578 489
64 909
64 924
64 952
64 965
64 983
64 998
909 133
909 174
909 183
909 203
909 266
909 422
909 452
909 552
909 613
909 636
909 673
909 676
909 713
909 721
909 733
909 753
909 757
909 758
909 831
909 854
909 891
909 906
909 910
909 922
909 944
909 952
909 965
909 983
909 993
909 998
924 143
924 174
924 183
924 216
924 222
924 266
924 277
924 396
924 422
924 448
924 549
924 636
924 673
924 676
924 713
924 722
924 733
924 753
924 788
924 831
924 854
924 891
924 910
924 922
924 944
924 952
924 965
924 983
924 993
924 998
952 99
952 143
952 183
952 193
952 222
952 266
952 301
952 369
952 396
952 422
952 452
952 549
952 594
952 606
952 636
952 665
952 692
952 713
952 733
952 753
952 757
952 758
952 786
952 788
952 820
952 854
952 876
952 891
952 906
952 922
952 965
952 983
952 993
952 998
965 158
965 174
965 183
965 203
965 216
965 222
965 369
965 396
965 422
965 448
965 549
965 606
965 613
965 636
965 665
965 676
965 722
965 753
965 757
965 758
965 786
965 788
965 854
965 876
965 891
965 906
965 910
965 922
965 928
965 944
965 970
965 983
965 993
965 998
983 99
983 174
983 183
983 193
983 203
983 216
983 301
983 369
983 422
983 448
983 452
983 529
983 549
983 606
983 636
983 665
983 673
983 713
983 722
983 733
983 753
983 757
983 786
983 831
983 832
983 854
983 876
983 891
983 906
983 910
983 922
983 944
983 993
983 998
998 86
998 99
998 143
998 183
998 193
998 203
998 216
998 222
998 286
998 301
998 305
998 396
998 422
998 448
998 452
998 529
998 549
998 606
998 613
998 636
998 665
998 673
998 676
998 713
998 722
998 724
998 733
998 753
998 757
998 758
998 786
998 788
998 831
998 854
998 876
998 891
998 906
998 910
998 922
998 944
998 993
65 392
65 556
65 866
65 953
392 454
392 888
556 829
556 897
866 107
866 397
866 421
866 440
866 472
866 500
866 582
866 617
866 666
866 710
866 715
866 730
866 805
866 888
866 953
953 69
953 242
953 260
953 281
953 287
953 397
953 399
953 421
953 430
953 439
953 440
953 472
953 542
953 611
953 617
953 666
953 710
953 715
953 730
953 845
953 888
953 969
66 432
66 621
66 814
432 546
432 560
432 814
432 823
621 70
621 92
621 296
621 484
621 664
621 993
814 280
814 389
814 524
814 546
814 560
814 593
814 772
814 823
664 70
664 91
664 130
664 296
664 487
664 602
255 92
255 484
484 92
484 914
602 91
891 216
891 369
891 452
891 529
891 590
891 606
891 613
891 713
891 722
891 733
891 757
891 758
891 788
891 876
891 906
891 910
891 922
891 944
891 993
69 845
845 107
845 322
845 421
845 472
845 485
845 582
845 611
845 643
845 666
845 715
845 805
845 888
70 91
70 836
836 396
836 418
836 524
836 652
836 655
836 656
836 712
836 772
836 843
836 864
836 872
71 328
71 406
71 502
71 587
71 756
71 784
71 800
328 930
328 970
406 176
406 192
406 429
406 502
406 633
406 699
406 756
406 800
502 243
502 408
502 587
502 598
502 699
502 756
502 784
502 800
587 140
587 192
587 253
587 420
587 476
587 632
587 633
587 699
587 784
587 800
756 77
756 111
756 175
756 176
756 243
756 382
756 429
756 598
756 632
756 633
756 699
756 784
756 800
756 910
784 114
784 176
784 192
784 202
784 253
784 382
784 429
784 598
784 632
784 633
784 699
784 739
784 800
784 806
800 77
800 114
800 140
800 175
800 202
800 382
800 420
800 429
800 598
800 632
800 633
800 701
800 914
72 121
72 333
72 581
121 320
121 384
333 101
333 449
333 628
581 104
581 164
581 320
581 449
581 628
73 930
73 970
930 229
930 256
930 269
930 314
930 355
930 443
930 458
930 473
930 564
930 607
930 641
930 692
930 714
930 754
930 832
930 855
930 865
930 871
930 878
930 923
930 970
970 133
970 204
970 218
970 229
970 254
970 256
970 269
970 279
970 300
970 314
970 355
970 443
970 458
970 473
970 564
970 607
970 611
970 641
970 692
970 714
970 754
970 832
970 834
970 855
970 865
970 871
970 878
970 923
74 651
651 500
651 592
651 660
651 691
651 731
651 732
277 538
77 243
77 632
77 633
77 699
243 175
243 420
243 598
243 632
632 140
632 175
632 192
632 202
632 253
632 699
632 772
633 140
633 175
633 202
633 253
633 382
633 598
699 114
699 175
699 176
699 192
699 202
699 253
699 420
89 144
89 250
89 357
89 526
144 197
144 434
434 331
434 526
434 663
434 717
457 87
457 102
457 433
457 444
457 628
573 87
573 353
573 415
573 515
573 843
80 209
80 313
80 424
80 702
80 776
80 797
80 850
209 734
313 137
313 474
313 477
313 580
313 702
313 732
313 776
313 850
424 281
424 312
424 387
424 477
424 575
424 580
424 702
424 723
424 850
702 131
702 373
702 387
702 423
702 477
702 537
702 585
702 723
702 776
702 797
702 850
776 131
776 161
776 205
776 270
776 281
776 312
776 373
776 423
776 440
776 474
776 477
776 537
776 585
776 723
776 797
776 850
797 137
797 161
797 205
797 281
797 312
797 373
797 387
797 423
797 474
797 477
797 537
797 580
797 585
797 662
797 723
797 850
850 131
850 137
850 161
850 205
850 281
850 312
850 373
850 387
850 423
850 474
850 477
850 537
850 580
850 585
850 716
850 723
850 871
81 335
83 988
988 126
988 154
988 213
988 223
988 237
988 247
988 286
988 321
988 350
988 365
988 455
988 462
988 490
988 505
988 511
988 559
988 563
988 577
988 634
988 669
988 743
988 746
988 762
988 773
988 780
988 783
988 806
988 828
988 875
988 918
988 928
988 969
84 465
84 856
465 341
465 362
465 644
465 694
465 875
856 113
856 178
856 199
856 362
856 459
856 468
856 555
856 596
856 622
856 694
856 727
856 757
856 777
856 865
876 174
876 203
876 222
876 448
876 606
876 613
876 631
876 676
876 733
876 753
876 757
876 788
876 831
876 906
876 910
876 922
876 944
876 993
993 99
993 143
993 158
993 183
993 203
993 216
993 266
993 301
993 396
993 422
993 452
993 529
993 549
993 613
993 636
993 643
993 665
993 673
993 676
993 713
993 722
993 733
993 753
993 757
993 758
993 786
993 788
993 854
993 906
993 910
993 922
993 944
86 969
969 125
969 126
969 128
969 154
969 213
969 223
969 234
969 286
969 350
969 455
969 462
969 490
969 511
969 559
969 563
969 597
969 634
969 669
969 746
969 762
969 773
969 780
969 783
969 806
969 828
969 875
969 918
969 928
285 650
285 703
285 768
250 159
250 302
250 717
526 200
526 238
526 371
526 570
526 663
526 717
90 466
90 629
466 429
466 550
466 584
466 873
629 445
629 698
629 781
629 848
629 873
93 197
93 331
93 371
197 376
197 503
197 717
331 200
331 302
331 376
331 570
371 370
371 503
371 717
371 821
94 622
94 703
622 654
622 727
622 761
622 780
703 185
703 240
703 271
703 437
703 519
703 603
95 470
95 626
95 826
470 405
470 585
470 782
626 405
626 657
626 662
626 730
626 735
826 182
826 260
826 324
826 364
826 483
826 522
826 562
826 657
826 701
826 735
826 782
826 910
242 730
242 805
353 153
353 444
415 515
444 153
444 473
98 737
98 758
98 840
98 914
737 177
737 476
737 535
737 589
737 634
737 677
737 682
737 709
737 747
737 818
737 840
737 895
737 914
758 369
758 673
758 676
758 713
758 753
758 786
758 831
758 854
758 906
758 944
840 190
840 516
840 554
840 589
840 608
840 682
840 707
840 709
840 736
840 739
840 747
840 818
840 895
840 914
914 149
914 177
914 385
914 407
914 476
914 506
914 551
914 554
914 589
914 590
914 608
914 682
914 707
914 709
914 736
914 739
914 747
914 802
914 818
914 895
99 676
99 910
99 922
676 143
676 158
676 369
676 922
676 944
910 222
910 347
910 396
910 422
910 529
910 549
910 606
910 613
910 636
910 665
910 673
910 713
910 722
910 733
910 786
910 788
910 806
910 831
910 906
910 922
910 944
922 158
922 174
922 193
922 266
922 378
922 399
922 529
922 549
922 613
922 665
922 673
922 713
922 722
922 733
922 753
922 786
922 831
922 854
922 906
922 944
100 241
100 342
100 635
100 721
100 812
241 674
241 696
241 711
241 716
241 812
342 332
342 347
342 495
342 572
342 635
342 716
342 721
342 812
635 311
635 332
635 347
635 386
635 674
635 705
635 711
635 716
635 721
635 812
721 311
721 347
721 495
721 572
721 595
721 674
721 696
721 705
721 711
721 716
721 812
812 120
812 311
812 332
812 347
812 386
812 495
812 572
812 595
812 674
812 696
812 705
812 711
812 716
101 657
101 735
657 515
657 522
657 604
657 701
657 834
735 522
735 538
735 604
735 701
735 782
735 848
102 153
102 413
102 433
153 433
153 515
413 543
413 689
433 117
433 515
433 928
103 106
106 111
106 475
104 172
104 489
172 345
489 249
489 345
489 416
105 848
848 190
848 380
848 486
848 531
848 597
848 620
848 689
848 698
848 781
848 895
111 435
111 453
475 341
475 435
475 453
475 513
107 603
107 888
603 271
603 326
603 437
603 519
603 768
888 260
888 268
888 439
888 440
888 485
888 542
888 582
888 611
888 643
888 710
888 715
888 730
888 805
108 675
675 135
675 195
675 291
675 298
675 325
675 338
675 536
675 644
675 673
675 728
109 402
109 482
109 685
402 167
402 482
402 667
402 685
402 704
482 336
482 417
482 591
482 661
482 704
685 167
685 336
685 438
685 504
685 523
685 533
685 661
685 704
110 263
110 271
110 561
110 768
263 326
263 545
263 650
271 164
561 152
561 164
561 519
561 545
561 768
768 185
768 240
768 322
768 326
768 344
768 437
768 541
768 650
435 453
435 534
435 798
453 139
453 534
231 411
231 720
231 751
751 276
751 316
751 408
751 411
751 571
113 459
459 199
459 658
459 761
114 175
114 420
114 429
114 598
175 176
420 176
420 382
420 429
420 598
429 140
429 192
429 598
598 140
598 202
598 382
116 264
116 896
116 897
264 123
264 356
264 734
896 173
896 278
896 294
896 307
896 374
896 414
896 541
896 594
896 640
896 688
896 697
896 738
896 834
896 897
897 294
897 324
897 346
897 412
897 446
897 501
897 541
897 594
897 640
897 658
897 677
897 697
897 829
897 834
118 727
727 487
727 555
727 596
727 644
727 654
727 777
120 408
408 276
320 384
320 628
122 238
122 302
122 376
122 503
122 663
238 370
238 570
238 717
302 570
302 575
302 663
302 717
376 259
376 570
503 570
503 717
663 200
663 259
663 570
663 717
123 136
124 743
124 821
743 442
743 507
743 579
743 631
743 821
821 340
821 377
821 404
821 442
821 726
126 504
126 928
504 336
504 417
504 523
504 591
504 704
928 128
928 154
928 213
928 321
928 462
928 505
928 511
928 559
928 563
928 577
928 634
928 669
928 746
928 762
928 773
928 780
928 783
928 806
928 828
928 875
928 918
127 539
539 426
129 517
129 642
129 752
129 765
129 798
129 820
517 261
517 330
517 557
517 672
517 725
517 750
517 752
517 765
517 792
517 820
642 186
642 268
642 304
642 330
642 454
642 646
642 672
642 725
642 765
642 792
642 798
642 820
752 148
752 198
752 284
752 454
752 528
752 646
752 672
752 704
752 725
752 750
752 765
752 792
752 798
752 820
765 148
765 198
765 284
765 304
765 330
765 528
765 646
765 672
765 725
765 750
765 792
765 798
765 820
798 148
798 186
798 192
798 198
798 261
798 284
798 304
798 330
798 454
798 528
798 725
798 750
798 792
798 820
820 148
820 186
820 198
820 261
820 284
820 304
820 454
820 528
820 646
820 672
820 725
820 750
820 792
130 823
823 317
823 389
823 546
823 560
823 593
823 747
131 137
131 283
131 585
131 723
137 423
137 474
137 537
283 873
585 205
585 281
585 373
585 423
585 537
585 723
723 205
723 312
723 373
723 423
723 474
723 477
723 537
723 580
723 764
132 780
132 873
780 762
780 783
780 806
780 828
780 875
780 918
873 184
873 234
873 235
873 363
873 378
873 525
873 540
873 550
873 584
873 599
873 810
134 210
134 697
210 423
697 452
697 541
697 559
135 325
135 604
604 211
604 405
604 783
423 387
423 474
474 387
474 537
537 201
537 580
318 274
318 487
487 296
139 513
513 538
513 843
140 594
594 677
145 251
251 344
146 345
146 724
146 857
724 339
724 354
724 390
724 583
724 647
724 764
724 801
724 857
857 201
857 217
857 233
857 267
857 339
857 354
857 390
857 508
857 520
857 583
857 647
857 764
857 801
147 417
147 438
417 441
417 591
417 661
438 351
438 523
438 533
438 704
148 646
148 750
646 261
646 304
646 330
646 528
646 725
646 750
646 792
750 261
750 273
750 304
750 330
750 454
750 528
750 572
750 672
750 725
750 792
149 707
149 802
149 895
707 275
707 535
707 608
707 736
707 739
707 747
707 818
802 177
802 275
802 407
802 436
802 506
802 535
802 608
802 682
802 709
802 736
802 818
802 895
895 177
895 275
895 407
895 476
895 506
895 516
895 535
895 551
895 554
895 590
895 608
895 666
895 709
895 736
895 739
895 818
150 348
150 786
348 582
786 606
786 673
786 722
786 733
786 757
786 831
786 854
786 906
786 944
152 247
247 918
155 329
158 831
158 944
831 193
831 301
831 388
831 549
831 606
831 722
831 757
831 788
831 854
831 906
831 944
944 193
944 222
944 369
944 396
944 448
944 452
944 529
944 606
944 613
944 665
944 673
944 713
944 733
944 753
944 757
944 788
944 854
944 906
159 327
159 732
327 410
327 436
327 660
732 196
732 547
732 592
732 660
732 720
732 731
160 195
160 552
160 728
195 653
195 728
552 291
552 338
552 536
552 728
728 220
728 236
728 298
728 536
728 653
161 281
161 477
161 580
281 580
477 205
477 373
580 205
580 312
580 387
162 712
162 738
712 772
712 843
712 864
712 872
738 294
738 374
738 557
738 692
738 834
165 167
165 523
165 533
165 704
167 661
523 374
523 661
533 351
533 661
704 336
704 441
704 661
661 351
661 442
661 591
169 662
169 782
662 182
662 562
662 782
782 211
782 214
782 464
782 483
782 562
782 701
782 734
170 360
360 235
171 363
173 381
173 829
829 212
829 294
829 374
829 501
829 640
829 688
829 834
174 906
906 193
906 301
906 422
906 448
906 452
906 529
906 549
906 562
906 606
906 636
906 665
906 722
906 753
906 788
906 854
176 253
253 192
177 336
336 591
178 761
761 230
761 341
761 564
761 644
761 694
761 733
761 777
367 726
182 464
464 521
464 522
183 511
511 875
186 454
186 725
186 792
454 528
454 672
454 792
725 198
725 304
725 343
725 528
725 672
725 792
792 198
792 261
792 284
792 304
792 528
792 672
368 274
368 691
189 416
416 525
416 599
416 810
191 596
191 720
596 468
596 694
720 310
720 445
720 486
720 620
720 689
720 698
193 722
722 213
722 788
722 854
332 355
332 495
332 705
332 711
347 572
347 674
347 705
572 595
572 674
572 705
572 711
572 716
595 311
595 386
595 674
595 696
595 705
595 711
595 716
696 311
696 386
696 495
696 501
696 674
696 705
696 711
696 716
716 386
716 674
716 705
716 711
716 731
653 236
653 265
653 298
196 436
196 547
436 410
436 731
547 410
547 519
547 592
547 660
547 731
717 259
717 370
717 570
198 672
672 261
672 284
672 404
672 818
199 468
468 636
468 777
201 583
201 764
201 801
583 479
583 764
764 217
764 267
764 352
764 507
764 520
764 647
764 801
801 217
801 233
801 352
801 390
801 479
801 647
202 382
382 543
203 854
854 301
854 396
854 613
854 673
854 733
854 757
854 773
204 512
512 726
205 656
208 810
810 467
810 491
810 540
810 550
810 584
810 599
734 257
734 394
211 227
227 726
212 640
640 658
640 746
640 834
213 918
918 286
918 365
918 421
918 455
918 505
918 559
918 563
918 577
918 634
918 669
918 739
918 746
918 762
918 773
918 783
918 806
918 828
918 875
214 364
214 483
364 701
483 405
483 446
483 753
216 636
636 321
636 788
217 233
217 390
233 520
390 352
390 754
218 599
599 491
691 315
691 500
691 660
691 715
691 731
220 356
356 366
356 373
726 579
228 315
315 731
229 249
249 449
230 777
777 341
777 383
777 555
777 654
777 694
411 276
520 267
520 516
235 550
550 518
550 617
236 265
236 291
236 733
265 536
733 753
237 746
746 762
746 773
746 875
370 682
570 259
570 455
240 592
240 650
592 660
650 326
650 344
650 519
650 557
674 317
674 386
674 495
674 705
674 711
711 386
711 495
711 666
711 705
730 399
730 421
730 542
730 611
805 260
805 268
805 297
805 399
805 430
805 485
805 611
805 617
805 698
805 715
244 258
628 449
818 391
818 516
818 551
818 554
818 590
818 736
818 739
818 747
652 620
652 872
248 666
666 440
666 710
344 545
254 292
259 528
528 330
261 875
875 490
875 563
875 577
875 669
875 762
875 773
875 783
875 806
875 828
536 298
266 665
665 693
665 753
665 757
267 339
267 352
267 647
339 479
352 428
352 647
647 358
647 479
647 508
647 828
268 715
715 297
275 445
275 608
445 698
608 551
608 590
608 747
276 278
276 571
278 346
571 613
538 534
279 709
709 391
709 506
709 589
709 590
709 736
280 560
280 563
284 710
710 542
710 643
287 472
472 865
288 688
688 557
688 677
688 834
289 293
289 781
781 338
781 543
781 597
781 689
303 307
305 667
667 377
667 404
310 641
641 865
641 871
641 878
641 923
311 467
311 495
311 705
467 378
467 518
495 705
495 806
312 373
312 387
731 410
731 500
731 660
316 540
540 378
540 525
540 584
579 437
579 631
324 562
562 446
660 542
366 394
591 441
479 354
582 439
582 542
518 491
351 441
358 508
358 613
361 677
361 864
677 834
864 412
864 418
864 463
864 486
864 524
864 680
864 843
864 872
701 522
682 516
682 535
682 551
682 589
682 747
374 834
834 414
378 584
584 422
543 496
383 593
383 644
593 546
385 516
385 736
516 551
736 407
736 554
736 747
386 643
643 440
643 617
388 496
754 832
754 855
754 865
754 871
754 878
754 923
391 551
391 739
551 589
551 747
739 407
739 476
739 506
739 590
739 747
395 689
689 620
397 611
611 617
401 788
401 872
788 448
788 529
788 753
788 757
872 418
872 524
872 558
872 655
872 680
872 772
872 843
407 747
747 589
430 531
430 542
437 519
439 448
439 617
446 522
452 713
713 673
865 692
865 714
865 832
865 855
865 871
865 878
865 923
476 506
753 757
806 762
806 773
806 783
806 828
843 566
843 655
843 680
843 693
524 772
772 680
529 606
606 878
535 554
589 680
564 878
564 923
878 607
878 692
878 714
878 832
878 855
878 871
878 923
923 607
923 655
923 692
923 714
923 832
923 855
923 871
631 773
783 654
783 773
783 828
669 828
773 828
634 828
828 762
871 692
871 714
871 832
871 855
714 832
714 855
832 855
