0: 0 52 64 71 78 92 97 223 254 267 313 316 321 327 400 429 456 460 478 495 509 554 595 602 608 621 729 745 789 792 793 809 908 925 931 936 960 981 982 985 987
1: 1 28 41 82 160 173 187 205 209 212 216 222 236 246 249 270 323 324 357 413 437 511 512 525 546 561 566 614 655 677 681 683 699 700 708 727 741 749 754 757 813 816 819 851 869 928 941 955 989 992
2: 2 14 46 75 103 148 166 185 186 190 224 260 286 295 302 352 388 397 436 451 455 544 592 623 643 692 697 715 739 750 770 773 798 845 910 914
3: 3 102 164 197 203 234 259 268 300 301 350 396 446 447 448 487 586 594 612 626 652 685 730 781 788 822 840 860 880 922 926
4: 4 17 20 21 23 39 54 58 167 242 247 262 269 272 343 373 381 441 464 508 562 606 664 731 807 810 842 898
5: 5 18 70 90 201 208 221 237 243 250 277 297 298 309 351 377 379 409 411 412 414 486 489 502 522 591 611 670 689 706 735 782 831 862 942 974
6: 6 35 38 61 89 110 129 153 165 188 191 202 217 231 311 338 367 389 391 394 399 424 498 538 579 657 669 674 687 703 719 722 742 763 783 785 802 811 836 874 879 892 911 948 949 961 967 996 998 999
7: 7 30 47 53 55 62 80 87 138 152 154 178 263 273 339 417 454 485 493 550 558 565 587 619 650 667 702 760 801 863 921 923 924 932 952 957 971 976
8: 8 16 25 33 44 74 85 128 142 144 179 198 213 280 325 340 383 384 431 457 465 468 507 521 534 556 569 590 596 605 617 651 663 680 712 728 804 814 847 885 888 950 951 954 956 997
9: 9 40 59 98 111 123 156 199 235 282 284 292 296 308 319 331 347 376 475 501 513 559 570 603 634 679 698 710 772 795 796 856 857 875 884 935 966
10: 10 24 32 63 244 255 314 315 329 344 382 385 387 444 461 462 466 510 529 568 630 675 774 868 896 906
11: 11 113 114 134 147 256 359 370 458 472 488 514 530 616 690 707 747 758 769 784 800 828 877
12: 12 56 69 109 149 163 184 206 228 265 317 395 420 427 533 572 598 640 695 726 803 826 829 844 871 883 916 919 938
13: 13 19 51 68 84 88 116 118 120 170 175 238 328 336 337 368 404 419 422 438 484 491 497 524 532 539 541 571 599 639 641 646 721 723 744 808 854 859 887 891 920 933 940 962 963 964 973 975 980 991
14: 15 95 146 155 158 159 214 264 287 386 401 523 604 648 656 659 678 738 780 834 835 864
15: 22 27 42 65 81 122 124 161 162 168 176 200 279 283 289 334 341 358 363 375 407 445 449 473 479 505 520 545 627 629 642 660 668 696 776 778 818 848 912 934 943 946 965 969 972 979 993 995
16: 26 43 49 83 91 99 174 180 181 192 207 245 330 356 416 418 442 601 625 636 658 734 743 751 752 756 764 766 799 820 867 873 889 930 947 970 983
17: 29 60 67 107 108 131 143 151 248 293 312 355 403 405 415 430 481 589 597 607 633 691 737 817 823 890 904 905 907 917 929 944 945 953 959
18: 31 57 220 253 349 393 421 432 433 540 549 551 555 666 673 767 768 821 825 830 832 839
19: 34 73 76 112 177 194 195 226 266 271 274 276 410 452 476 500 503 526 528 536 547 585 671 713 720 724 790 827 837 838 855 901 909 937 977 978
20: 36 94 101 133 137 218 225 257 261 348 365 369 435 574 578 609 662 665 725 740 765 777 815 850 852 853 900
21: 37 45 66 93 96 117 145 182 193 229 233 305 318 434 467 480 483 518 542 560 588 600 615 622 653 672 693 705 714 716 806 872 876 895 902 903 913 939
22: 48 106 126 127 183 251 258 290 291 303 304 306 372 426 439 499 535 543 564 567 575 593 618 628 637 686 688 746 748 753 791 824 833 846 858 865 866 897 927 986 988
23: 50 72 121 141 189 320 333 335 342 360 364 380 459 471 516 519 548 573 711 732 787
24: 77 79 104 132 139 219 227 239 241 275 294 326 390 392 408 428 469 531 537 552 553 557 563 613 620 638 676 682 812 861 870 882 968
25: 86 119 125 130 150 169 210 211 281 288 332 374 425 440 450 453 470 477 490 494 504 515 527 581 632 635 717 786 886 915
26: 100 172 204 215 230 240 278 353 354 463 482 492 496 576 580 584 624 645 654 661 701 718 771 893 894 899 918
27: 105 115 135 157 171 196 285 307 310 346 361 362 378 398 402 423 443 577 582 610 631 644 647 704 709 733 755 759 761 762 779 797 805 841 878 881 958 984 990 994
28: 136 140 232 252 299 322 345 366 371 406 474 506 517 583 649 684 694 736 775 794 843 849
