0: 0 39 41 46 85 118 120 138 149 155 167 177 187 191 197 203 209 225 227 238 302 327 384 526 541 601 626 636 657 660 699 751 812 820 849 872 891 896 928 959 990
1: 1 83 113 125 133 146 165 185 233 322 323 336 350 403 425 463 476 524 574 652 666 696 742 746 755 832 855 879 881 919 943
2: 2 9 12 69 74 222 247 254 291 335 362 398 401 409 418 483 489 495 508 521 533 543 556 603 614 647 649 662 778 799 844 865 866 886 897 901 910 914 916 917 923 927 968 969
3: 3 19 27 71 99 101 106 136 183 202 235 272 294 316 330 387 465 484 512 518 535 540 551 570 582 616 642 645 656 670 698 709 756 768 805 811 833 839 840 846 889 894 949 952 962 974
4: 4 51 54 55 200 208 213 214 239 268 385 390 413 417 437 459 478 491 548 591 640 665 686 800 809 842 860 885 887 892 895 909 935 939 971 978
5: 5 24 73 80 97 110 211 248 301 308 364 371 373 400 411 415 420 442 471 477 486 503 534 553 584 586 589 618 621 651 769 791 813 826 856 937 954 956 987 996
6: 6 32 33 43 62 252 326 344 366 375 407 445 456 563 595 628 714 731 737 743 821 836
7: 7 10 35 129 147 199 217 267 270 290 303 318 361 369 408 427 453 500 502 507 594 654 683 744 762 775 817 825 858 863 874 905 926 947 960
8: 8 57 58 82 95 154 159 246 332 340 396 421 455 468 501 504 519 523 529 552 597 617 641 653 684 711 729 749 758 780 852 870 877 902 963
9: 11 30 49 93 151 184 194 236 278 309 365 395 426 432 474 557 606 648 650 672 718 724 726 770 854 861 878 898 908 913
10: 13 15 29 48 70 87 90 126 192 196 198 221 228 232 249 277 339 363 380 394 436 498 505 515 547 593 644 676 685 713 757 772 784 810 816 880 936 945 957 966 972 977 992 999
11: 14 45 60 78 152 186 189 226 283 287 292 320 346 354 392 393 487 539 578 598 680 693 754 759 804 907
12: 16 68 96 161 164 179 218 242 250 264 265 271 297 325 377 399 514 527 537 546 550 604 607 611 615 627 681 704 723 725 735 747 814 823 827 869 925 981
13: 17 40 59 66 75 104 112 141 201 210 256 299 304 334 424 447 448 450 451 469 565 576 673 692 701 708 776 788 793 837 845 850 875 882 890 915 921 924 930 955 970 973 982 998
14: 18 42 47 91 100 119 173 188 216 231 243 310 311 313 319 321 348 349 372 402 499 506 554 558 566 596 625 629 634 671 674 677 688 690 752 819 851 911 946 983 985 995
15: 20 21 25 34 37 56 65 121 163 180 181 241 257 276 317 360 368 389 405 422 433 458 480 482 497 522 600 605 608 622 630 631 679 734 739 761 789 835 847 900 903 929 975 993
16: 22 84 88 98 135 140 156 229 253 279 289 293 312 315 352 572 575 581 587 632 694 697 715 785 857
17: 23 26 28 52 130 131 157 193 261 274 329 439 440 446 561 579 583 620 695 703 719 736 741 807 822 848 888 899 934 938 942 944
18: 31 61 109 127 137 144 145 169 215 251 284 300 306 328 388 429 457 464 549 559 562 637 728 733 750 774 796 808 828 829 883 912 931 951 964 965 979
19: 36 67 81 92 134 139 143 182 205 207 219 240 245 269 282 305 341 345 353 356 370 376 416 472 490 493 538 545 564 567 592 619 633 667 669 691 710 763 794 795 798 904 918 932 953 958 980 984 991 997
20: 38 53 89 122 170 212 223 234 263 266 285 296 355 397 470 520 525 530 568 585 687 705 727 771 792 803 830 841 864 873 876 906 948 950 967 976 988 989
21: 44 114 150 206 280 324 342 358 359 374 430 473 588 599 707 712 748 797 801 815 834
22: 50 102 105 124 132 195 307 423 431 454 510 517 528 573 635 661 730 760 766 767 782
23: 63 94 116 166 175 204 262 295 438 462 488 513 555 569 571 580 646 668 702 706 716 783 790 806 818 831 838 920
24: 64 128 142 162 230 275 298 337 347 357 383 419 441 449 452 467 475 485 492 516 577 590 639 658 659 675 689 700 802 853 859 867 868 933
25: 72 76 77 86 107 160 171 190 224 244 286 288 351 386 404 410 428 435 461 481 494 496 532 542 544 624 638 655 678 720 738 753 764 765 773 777 884 893 922 941 961 986 994
26: 79 108 111 123 168 174 176 258 259 314 331 333 343 414 434 466 509 511 531 560 609 663 682 717 721 722 745 781 843 862 871 940
27: 103 148 153 158 220 237 273 281 378 381 391 412 460 479 536 612 623 664 732 740
28: 115 117 172 178 255 260 338 367 379 382 406 443 444 602 610 613 643 779 786 787 824
