0 128
0 626
0 660
0 688
0 764
0 896
0 934
128 270
128 732
128 859
128 878
128 925
128 951
626 283
626 461
626 476
626 568
626 617
626 666
626 740
626 857
626 872
626 896
626 934
626 969
626 999
660 161
660 617
660 666
660 740
660 754
660 840
660 857
660 872
660 896
660 898
660 899
660 904
660 934
660 957
688 52
688 110
688 130
688 158
688 220
688 254
688 465
688 482
688 649
688 686
688 761
688 811
688 816
688 826
688 908
764 33
764 235
764 292
764 327
764 344
764 358
764 459
764 617
764 734
764 740
764 754
764 791
764 840
764 853
764 857
764 872
764 899
764 934
896 5
896 62
896 168
896 214
896 235
896 435
896 459
896 471
896 476
896 523
896 528
896 568
896 617
896 666
896 740
896 754
896 826
896 840
896 854
896 857
896 872
896 898
896 899
896 919
896 934
896 951
896 968
934 5
934 33
934 35
934 62
934 168
934 235
934 327
934 435
934 459
934 471
934 476
934 568
934 586
934 617
934 666
934 694
934 740
934 754
934 773
934 828
934 840
934 857
934 872
934 899
934 912
934 919
934 951
934 970
934 989
1 2
1 26
1 536
1 591
1 741
1 749
1 911
2 234
2 391
2 648
2 844
2 881
2 978
26 548
26 861
26 868
26 918
26 945
26 955
536 232
536 297
536 411
536 494
536 586
536 591
536 741
536 749
536 765
536 794
536 870
591 249
591 328
591 366
591 403
591 411
591 643
591 741
591 765
591 940
591 994
591 998
741 177
741 282
741 329
741 373
741 494
741 531
741 551
741 586
741 643
741 749
741 765
741 794
741 867
741 926
741 990
749 83
749 155
749 177
749 249
749 282
749 303
749 366
749 409
749 494
749 608
749 643
749 735
749 765
749 794
749 811
911 53
911 57
911 72
911 147
911 180
911 332
911 553
911 569
911 613
911 627
911 639
911 670
911 685
911 718
911 732
911 734
911 753
911 766
911 781
911 784
911 823
911 840
911 864
911 894
911 912
911 916
911 933
911 950
911 959
911 964
234 203
234 554
234 678
234 721
234 881
234 967
234 978
391 73
391 189
391 275
391 748
391 868
391 880
391 918
391 955
391 988
648 77
648 133
648 281
648 522
648 554
648 640
648 768
648 791
648 792
648 844
648 881
648 914
648 978
648 988
844 25
844 44
844 170
844 183
844 210
844 251
844 281
844 468
844 522
844 593
844 640
844 678
844 737
844 791
844 812
844 818
844 869
844 881
844 904
844 967
844 978
844 994
881 4
881 35
881 48
881 266
881 277
881 281
881 321
881 501
881 551
881 558
881 593
881 615
881 640
881 677
881 678
881 733
881 737
881 768
881 791
881 850
881 904
881 940
881 965
881 967
881 978
978 35
978 48
978 61
978 100
978 133
978 170
978 171
978 251
978 281
978 285
978 399
978 429
978 430
978 468
978 487
978 501
978 506
978 522
978 537
978 554
978 558
978 580
978 593
978 615
978 640
978 682
978 687
978 733
978 737
978 768
978 783
978 791
978 812
978 874
978 901
978 917
978 967
978 972
978 979
3 134
3 206
3 757
3 775
3 950
3 953
3 960
134 78
134 570
134 647
134 652
134 807
134 862
206 502
206 519
206 814
206 865
206 922
206 931
206 960
757 210
757 222
757 281
757 384
757 448
757 498
757 772
757 796
757 834
757 871
757 894
757 931
757 935
757 950
757 953
757 960
757 969
757 977
775 77
775 103
775 149
775 365
775 547
775 731
775 755
775 794
775 826
775 843
775 862
775 879
775 919
775 941
775 982
775 983
775 995
775 998
950 22
950 115
950 209
950 210
950 222
950 276
950 288
950 352
950 360
950 372
950 386
950 398
950 421
950 559
950 595
950 606
950 610
950 657
950 672
950 696
950 722
950 756
950 767
950 772
950 805
950 811
950 814
950 834
950 865
950 871
950 922
950 931
950 935
950 955
950 976
953 115
953 167
953 209
953 284
953 352
953 360
953 372
953 385
953 410
953 421
953 439
953 448
953 469
953 559
953 574
953 595
953 599
953 610
953 747
953 756
953 772
953 814
953 834
953 852
953 865
953 871
953 880
953 884
953 894
953 917
953 922
953 931
953 935
953 947
953 949
953 960
960 122
960 222
960 245
960 276
960 332
960 372
960 385
960 410
960 421
960 448
960 495
960 527
960 559
960 574
960 595
960 657
960 659
960 664
960 697
960 720
960 772
960 798
960 814
960 834
960 840
960 865
960 871
960 894
960 922
960 926
960 931
960 935
960 945
960 969
960 992
960 997
4 378
4 439
4 837
4 868
4 875
4 966
378 509
378 589
378 641
378 642
378 743
378 763
378 926
378 986
378 994
439 231
439 370
439 494
439 572
439 791
439 837
439 875
439 926
837 232
837 283
837 315
837 394
837 458
837 480
837 572
837 607
837 611
837 656
837 698
837 810
837 814
837 825
837 831
837 846
837 906
837 909
837 915
837 926
837 966
868 17
868 37
868 195
868 296
868 393
868 518
868 541
868 544
868 740
868 786
868 793
868 802
868 833
868 838
868 851
868 861
868 863
868 880
868 910
868 916
868 918
868 944
868 955
868 988
875 30
875 231
875 298
875 345
875 394
875 572
875 577
875 589
875 604
875 607
875 608
875 611
875 637
875 644
875 656
875 679
875 698
875 736
875 743
875 820
875 825
875 892
875 906
875 926
875 958
875 966
966 12
966 149
966 175
966 236
966 283
966 285
966 298
966 304
966 315
966 320
966 368
966 370
966 390
966 394
966 479
966 480
966 490
966 513
966 572
966 577
966 589
966 597
966 607
966 611
966 623
966 642
966 644
966 656
966 663
966 743
966 820
966 848
966 906
966 925
966 926
966 970
966 993
966 994
5 658
5 692
5 740
5 754
5 899
658 124
658 535
658 542
658 575
658 581
658 661
658 760
658 763
658 850
658 858
658 879
658 907
658 920
658 921
692 167
692 191
692 324
692 384
692 513
692 711
692 836
692 939
692 957
692 959
692 972
692 975
692 976
692 979
692 999
740 219
740 305
740 435
740 476
740 646
740 754
740 826
740 840
740 857
740 872
740 899
754 146
754 440
754 459
754 492
754 568
754 666
754 840
754 857
754 872
754 882
754 899
754 922
754 976
899 33
899 62
899 168
899 235
899 290
899 327
899 366
899 435
899 459
899 476
899 531
899 568
899 581
899 596
899 617
899 666
899 669
899 827
899 840
899 857
899 872
899 910
899 997
6 102
6 387
6 914
6 968
6 970
6 989
6 996
102 880
102 910
102 918
102 926
102 955
102 988
387 13
387 48
387 486
387 507
387 560
387 609
387 766
387 779
387 799
914 67
914 434
914 449
914 451
914 504
914 512
914 562
914 582
914 620
914 631
914 707
914 712
914 723
914 737
914 777
914 810
914 828
914 854
914 885
914 898
914 938
914 947
914 968
914 970
914 985
914 989
914 990
914 994
914 995
914 996
968 160
968 208
968 221
968 224
968 346
968 434
968 449
968 451
968 452
968 480
968 504
968 512
968 529
968 582
968 631
968 651
968 707
968 712
968 723
968 750
968 773
968 777
968 784
968 800
968 810
968 828
968 838
968 873
968 897
968 898
968 938
968 947
968 970
968 973
968 985
968 989
968 990
968 996
970 15
970 208
970 320
970 337
970 427
970 441
970 449
970 451
970 484
970 504
970 512
970 529
970 547
970 567
970 582
970 631
970 707
970 712
970 723
970 730
970 773
970 777
970 809
970 810
970 828
970 898
970 910
970 938
970 947
970 961
970 967
970 976
970 981
970 985
970 989
970 990
970 996
989 42
989 142
989 160
989 208
989 224
989 276
989 320
989 354
989 356
989 379
989 381
989 427
989 434
989 449
989 451
989 452
989 504
989 529
989 547
989 581
989 582
989 631
989 638
989 707
989 712
989 723
989 773
989 777
989 797
989 810
989 828
989 879
989 898
989 938
989 947
989 958
989 985
989 990
989 991
989 996
989 997
996 15
996 19
996 22
996 142
996 160
996 201
996 208
996 224
996 320
996 359
996 427
996 434
996 449
996 451
996 452
996 504
996 512
996 529
996 535
996 547
996 567
996 582
996 631
996 707
996 712
996 723
996 762
996 773
996 777
996 778
996 783
996 810
996 821
996 828
996 839
996 890
996 898
996 938
996 947
996 963
996 985
996 990
996 993
7 593
7 637
7 742
7 808
7 832
7 885
7 946
593 55
593 266
593 468
593 487
593 678
593 737
593 954
593 967
593 986
637 174
637 196
637 294
637 401
637 419
637 472
637 588
637 664
637 704
637 806
637 958
637 971
742 79
742 182
742 277
742 335
742 441
742 452
742 513
742 546
742 563
742 789
742 809
742 829
742 897
742 930
742 939
742 940
742 974
808 124
808 164
808 248
808 326
808 421
808 450
808 562
808 579
808 580
808 624
808 687
808 717
808 744
808 745
808 756
808 832
808 885
808 886
808 907
808 923
832 110
832 137
832 228
832 326
832 417
832 498
832 520
832 579
832 597
832 624
832 687
832 717
832 722
832 744
832 792
832 882
832 885
832 886
832 931
832 946
832 980
885 17
885 54
885 58
885 151
885 163
885 228
885 354
885 411
885 442
885 498
885 562
885 579
885 580
885 624
885 645
885 687
885 717
885 722
885 744
885 824
885 886
885 946
885 959
885 961
885 991
946 54
946 58
946 137
946 163
946 164
946 213
946 228
946 248
946 267
946 326
946 354
946 383
946 417
946 434
946 442
946 493
946 498
946 562
946 568
946 579
946 580
946 592
946 624
946 667
946 687
946 717
946 722
946 728
946 744
946 765
946 823
946 857
946 886
946 952
8 198
8 450
8 597
8 932
8 949
8 965
8 987
198 241
198 503
198 759
198 903
198 949
198 971
198 987
450 205
450 347
450 549
450 659
450 708
450 817
450 928
450 954
450 980
597 402
597 469
597 532
597 596
597 667
597 820
597 845
597 846
597 852
597 895
932 9
932 58
932 67
932 89
932 171
932 185
932 260
932 382
932 425
932 462
932 472
932 514
932 580
932 588
932 653
932 674
932 702
932 746
932 759
932 773
932 806
932 821
932 833
932 873
932 883
932 891
932 895
932 924
932 949
932 957
932 958
932 971
932 987
949 24
949 63
949 67
949 89
949 100
949 108
949 189
949 192
949 257
949 304
949 399
949 419
949 492
949 503
949 514
949 523
949 565
949 588
949 620
949 653
949 674
949 702
949 759
949 786
949 821
949 833
949 847
949 886
949 909
949 948
949 958
949 971
949 987
965 24
965 34
965 38
965 56
965 106
965 203
965 303
965 310
965 311
965 335
965 342
965 348
965 356
965 515
965 574
965 577
965 594
965 601
965 611
965 616
965 621
965 630
965 662
965 696
965 704
965 715
965 780
965 788
965 800
965 818
965 838
965 845
965 853
965 909
965 919
965 945
965 952
965 969
965 997
987 9
987 14
987 24
987 50
987 59
987 63
987 108
987 174
987 185
987 237
987 260
987 275
987 278
987 309
987 362
987 374
987 382
987 462
987 503
987 511
987 514
987 523
987 563
987 588
987 595
987 643
987 653
987 668
987 702
987 704
987 759
987 771
987 821
987 833
987 873
987 902
987 941
987 958
987 962
987 971
987 992
9 299
9 702
9 821
9 971
9 979
299 380
299 398
299 603
299 659
299 719
299 767
299 943
299 954
702 237
702 304
702 665
702 690
702 759
702 806
702 821
702 873
702 893
702 958
702 967
702 975
821 100
821 238
821 306
821 425
821 462
821 479
821 498
821 537
821 538
821 588
821 759
821 806
821 873
821 925
821 971
821 972
971 14
971 24
971 59
971 63
971 108
971 123
971 157
971 185
971 257
971 275
971 369
971 380
971 419
971 462
971 472
971 499
971 514
971 523
971 565
971 576
971 588
971 653
971 668
971 674
971 704
971 735
971 752
971 759
971 767
971 769
971 816
971 833
971 834
971 846
971 873
979 71
979 167
979 178
979 196
979 199
979 259
979 324
979 329
979 334
979 396
979 420
979 424
979 433
979 467
979 491
979 509
979 519
979 566
979 599
979 641
979 698
979 711
979 714
979 727
979 731
979 739
979 752
979 758
979 769
979 785
979 854
979 856
979 873
979 901
979 924
979 928
979 972
979 975
979 976
979 991
979 999
10 107
10 393
10 538
10 554
10 857
10 893
10 931
107 514
107 544
107 574
107 625
107 944
107 963
393 204
393 404
393 493
393 604
393 620
393 782
393 952
393 962
538 227
538 239
538 604
538 833
538 892
538 937
538 944
538 952
538 962
538 963
554 281
554 429
554 474
554 497
554 733
554 737
554 967
554 982
857 39
857 168
857 235
857 286
857 327
857 435
857 459
857 471
857 476
857 568
857 733
857 753
857 825
857 840
857 872
857 898
893 24
893 182
893 369
893 412
893 423
893 485
893 490
893 493
893 604
893 614
893 625
893 654
893 655
893 664
893 685
893 711
893 787
893 795
893 800
893 830
893 860
893 892
893 917
893 925
893 944
893 952
893 963
893 997
931 31
931 122
931 209
931 255
931 284
931 352
931 360
931 386
931 410
931 448
931 579
931 588
931 652
931 657
931 689
931 719
931 720
931 756
931 814
931 834
931 865
931 871
931 894
931 922
931 935
931 943
931 944
11 560
11 703
11 787
11 915
11 952
11 956
11 962
560 20
560 54
560 261
560 301
560 321
560 486
560 769
560 779
560 799
560 889
703 215
703 367
703 369
703 464
703 562
703 654
703 699
703 795
703 886
703 892
703 917
703 925
703 944
703 962
703 963
787 204
787 260
787 343
787 436
787 481
787 485
787 537
787 584
787 614
787 620
787 646
787 682
787 795
787 883
787 944
787 952
787 962
787 963
915 117
915 132
915 145
915 246
915 272
915 291
915 321
915 460
915 463
915 474
915 490
915 499
915 521
915 527
915 608
915 680
915 713
915 724
915 771
915 778
915 796
915 804
915 859
915 878
915 900
915 904
915 923
915 925
915 951
915 998
952 204
952 215
952 343
952 389
952 412
952 437
952 445
952 464
952 485
952 493
952 496
952 504
952 584
952 604
952 620
952 625
952 655
952 664
952 682
952 699
952 735
952 751
952 782
952 813
952 874
952 890
952 892
952 905
952 917
952 944
952 963
956 19
956 27
956 42
956 49
956 81
956 165
956 191
956 287
956 350
956 475
956 495
956 511
956 522
956 545
956 578
956 599
956 605
956 610
956 675
956 677
956 801
956 803
956 813
956 849
956 850
956 856
956 865
956 876
956 887
956 902
956 907
956 937
956 938
956 957
956 981
956 986
956 992
956 993
962 96
962 110
962 178
962 204
962 215
962 227
962 292
962 313
962 316
962 343
962 369
962 412
962 423
962 426
962 492
962 566
962 614
962 620
962 625
962 655
962 664
962 682
962 699
962 782
962 795
962 892
962 903
962 917
962 944
962 947
962 963
962 969
962 984
962 995
12 29
12 614
12 644
12 656
12 833
12 906
29 16
29 283
29 589
29 773
29 926
29 994
614 36
614 388
614 423
614 664
614 682
614 782
614 892
614 917
614 940
614 944
644 192
644 480
644 568
644 611
644 656
644 800
644 825
644 890
644 906
644 926
644 955
644 994
656 126
656 153
656 244
656 509
656 572
656 608
656 619
656 906
656 928
656 982
833 157
833 237
833 257
833 260
833 275
833 302
833 401
833 419
833 425
833 588
833 613
833 668
833 873
833 901
833 942
833 958
906 47
906 106
906 232
906 297
906 341
906 370
906 390
906 458
906 474
906 480
906 490
906 494
906 500
906 572
906 589
906 611
906 642
906 743
906 765
906 820
906 825
906 924
906 926
906 974
906 994
13 261
13 606
13 716
13 721
13 788
13 942
261 162
261 716
261 721
261 727
261 779
261 846
606 16
606 109
606 184
606 193
606 428
606 543
606 575
606 760
606 850
606 858
606 907
716 20
716 162
716 359
716 491
716 502
716 507
716 721
716 746
716 769
716 779
716 794
716 799
716 842
716 929
716 995
721 125
721 162
721 223
721 301
721 359
721 486
721 502
721 746
721 766
721 769
721 799
721 907
721 926
788 106
788 147
788 303
788 416
788 594
788 634
788 696
788 729
788 780
788 800
788 849
788 853
788 909
788 930
788 945
788 954
788 969
788 997
942 39
942 44
942 93
942 111
942 172
942 200
942 244
942 258
942 270
942 300
942 310
942 323
942 341
942 388
942 395
942 429
942 499
942 520
942 533
942 627
942 651
942 693
942 706
942 751
942 753
942 762
942 783
942 819
942 822
942 831
942 913
942 916
942 948
942 964
14 89
14 297
14 759
14 905
14 958
89 24
89 704
89 923
89 951
297 362
297 618
297 905
297 961
297 973
297 984
759 67
759 213
759 319
759 382
759 565
759 665
759 668
759 674
759 683
759 744
759 873
905 51
905 79
905 98
905 189
905 252
905 331
905 345
905 355
905 358
905 409
905 411
905 470
905 479
905 519
905 546
905 566
905 618
905 694
905 730
905 767
905 861
905 921
905 935
905 961
905 973
905 974
905 984
905 997
958 59
958 63
958 100
958 108
958 174
958 238
958 275
958 293
958 304
958 306
958 401
958 425
958 462
958 503
958 514
958 523
958 543
958 565
958 653
958 668
958 672
958 674
958 683
958 778
958 806
958 840
958 873
958 884
958 935
958 948
958 990
15 129
15 277
15 938
15 986
15 990
129 590
129 633
129 683
129 770
129 855
129 991
277 697
277 801
277 891
277 897
277 939
277 940
938 235
938 264
938 372
938 409
938 427
938 449
938 452
938 504
938 529
938 547
938 579
938 631
938 662
938 707
938 712
938 723
938 726
938 773
938 777
938 810
938 828
938 852
938 876
938 898
938 928
938 947
938 985
938 990
986 27
986 40
986 49
986 70
986 74
986 191
986 287
986 312
986 322
986 325
986 350
986 432
986 443
986 475
986 495
986 511
986 523
986 545
986 548
986 578
986 628
986 675
986 677
986 714
986 756
986 803
986 806
986 813
986 823
986 849
986 876
986 887
986 902
986 916
986 937
986 957
986 980
986 981
986 992
986 993
986 999
990 108
990 142
990 160
990 208
990 224
990 228
990 320
990 353
990 427
990 434
990 447
990 451
990 452
990 502
990 504
990 512
990 529
990 547
990 582
990 628
990 631
990 707
990 712
990 723
990 773
990 777
990 810
990 828
990 858
990 878
990 891
990 898
990 925
990 947
990 959
990 985
990 994
16 406
16 438
16 549
16 747
16 977
406 285
406 467
406 549
406 569
406 583
406 943
406 954
406 977
406 980
438 384
438 592
438 709
438 710
438 719
438 805
438 879
438 884
438 981
549 20
549 440
549 540
549 817
549 891
549 928
549 943
549 944
549 980
747 117
747 545
747 583
747 589
747 619
747 659
747 705
747 736
747 817
747 894
747 928
747 936
747 943
747 951
747 977
747 980
977 41
977 144
977 174
977 197
977 212
977 347
977 380
977 398
977 414
977 446
977 517
977 548
977 557
977 559
977 583
977 584
977 588
977 600
977 619
977 622
977 650
977 691
977 693
977 730
977 736
977 767
977 817
977 822
977 827
977 836
977 867
977 900
977 928
977 936
977 941
977 954
977 957
977 980
977 988
17 518
17 636
17 903
17 918
17 955
518 155
518 202
518 506
518 786
518 861
518 880
518 890
518 918
518 955
518 964
636 232
636 243
636 374
636 544
636 639
636 748
636 786
636 851
636 863
636 910
636 955
636 988
636 994
903 37
903 127
903 158
903 194
903 211
903 219
903 250
903 274
903 344
903 353
903 456
903 475
903 488
903 489
903 505
903 515
903 530
903 555
903 573
903 605
903 645
903 725
903 815
903 847
903 849
903 869
903 870
903 891
918 72
918 80
918 159
918 225
918 260
918 330
918 337
918 374
918 383
918 489
918 506
918 576
918 748
918 782
918 786
918 802
918 825
918 851
918 861
918 863
918 904
918 910
918 955
918 967
918 975
918 988
955 80
955 139
955 155
955 169
955 182
955 225
955 296
955 445
955 477
955 484
955 541
955 544
955 548
955 710
955 748
955 786
955 792
955 802
955 838
955 851
955 861
955 863
955 880
955 910
955 920
955 926
955 985
955 988
955 995
18 334
18 646
18 665
18 668
18 694
18 929
18 974
334 400
334 669
334 752
334 856
334 901
334 959
334 976
646 293
646 405
646 479
646 516
646 815
646 890
646 921
646 961
646 973
646 974
646 975
646 984
665 55
665 269
665 296
665 470
665 566
665 738
665 873
665 921
665 961
665 973
665 974
665 984
668 174
668 233
668 237
668 257
668 294
668 704
668 846
668 873
668 913
694 269
694 293
694 405
694 481
694 510
694 516
694 566
694 618
694 758
694 895
694 921
694 961
694 973
929 154
929 190
929 364
929 436
929 444
929 465
929 483
929 500
929 539
929 609
929 713
929 728
929 731
929 755
929 766
929 792
929 826
929 843
929 845
929 862
929 864
929 883
929 919
929 926
929 930
929 941
929 981
929 982
929 983
929 995
929 998
974 43
974 51
974 77
974 98
974 141
974 142
974 189
974 263
974 269
974 319
974 331
974 335
974 345
974 355
974 357
974 358
974 362
974 409
974 427
974 456
974 470
974 479
974 481
974 516
974 519
974 546
974 618
974 638
974 753
974 827
974 850
974 873
974 890
974 921
974 961
974 973
974 984
19 353
19 750
19 981
19 992
19 993
353 127
353 145
353 456
353 555
353 645
353 725
750 74
750 165
750 803
750 813
750 834
750 849
750 856
750 887
750 902
750 937
750 957
750 963
750 975
750 981
750 992
750 993
981 27
981 49
981 70
981 116
981 287
981 311
981 312
981 347
981 350
981 432
981 443
981 475
981 495
981 511
981 545
981 552
981 578
981 608
981 613
981 628
981 675
981 677
981 696
981 715
981 803
981 813
981 815
981 830
981 849
981 876
981 887
981 902
981 937
981 957
981 973
981 992
981 993
992 27
992 39
992 42
992 49
992 70
992 74
992 165
992 191
992 287
992 350
992 407
992 432
992 443
992 475
992 495
992 511
992 527
992 531
992 545
992 571
992 578
992 628
992 652
992 675
992 677
992 715
992 780
992 786
992 803
992 849
992 858
992 876
992 883
992 887
992 902
992 937
992 945
992 957
992 985
992 993
993 27
993 40
993 42
993 74
993 90
993 154
993 159
993 165
993 191
993 193
993 287
993 312
993 337
993 350
993 407
993 432
993 443
993 475
993 511
993 545
993 578
993 675
993 677
993 738
993 739
993 762
993 772
993 803
993 813
993 816
993 843
993 849
993 876
993 887
993 902
993 917
993 935
993 937
993 957
20 727
20 766
20 769
20 799
727 259
727 396
727 649
727 714
727 739
727 810
727 836
727 856
727 891
727 924
727 972
727 976
727 991
727 999
766 151
766 262
766 264
766 278
766 295
766 314
766 461
766 486
766 502
766 504
766 508
766 746
766 769
766 799
769 151
769 183
769 205
769 262
769 264
769 314
769 359
769 709
769 746
769 779
769 799
769 945
799 40
799 126
799 148
799 205
799 262
799 286
799 301
799 314
799 433
799 461
799 502
799 552
799 746
799 995
21 364
21 690
21 774
21 860
21 866
21 882
21 930
364 283
364 728
364 745
364 843
364 901
364 982
364 998
690 76
690 135
690 140
690 192
690 214
690 418
690 748
690 774
690 856
690 860
690 865
690 866
690 870
690 882
774 45
774 135
774 156
774 192
774 279
774 431
774 457
774 489
774 589
774 643
774 655
774 860
774 866
774 882
774 916
774 937
774 975
860 121
860 135
860 140
860 156
860 192
860 214
860 223
860 278
860 279
860 298
860 381
860 418
860 431
860 457
860 489
860 746
860 784
860 854
860 866
860 882
860 883
860 957
866 45
866 76
866 121
866 140
866 156
866 192
866 214
866 223
866 279
866 314
866 374
866 381
866 418
866 431
866 457
866 489
866 541
866 649
866 670
866 880
866 882
866 963
866 995
882 45
882 76
882 121
882 135
882 140
882 156
882 192
882 214
882 223
882 229
882 279
882 284
882 309
882 381
882 418
882 431
882 457
882 489
882 491
882 825
882 872
882 889
930 28
930 79
930 113
930 114
930 127
930 173
930 207
930 243
930 253
930 318
930 325
930 335
930 441
930 454
930 513
930 563
930 571
930 582
930 697
930 758
930 776
930 789
930 801
930 809
930 842
930 891
930 897
930 939
930 940
930 994
22 122
22 245
22 546
22 814
22 922
122 738
122 847
122 871
122 935
245 284
245 595
245 655
245 756
245 865
245 964
546 55
546 357
546 362
546 590
546 638
546 874
546 973
546 984
814 56
814 119
814 276
814 372
814 386
814 410
814 421
814 732
814 756
814 763
814 834
814 922
814 935
814 982
922 86
922 209
922 222
922 255
922 270
922 313
922 371
922 372
922 386
922 421
922 493
922 527
922 559
922 574
922 595
922 610
922 718
922 756
922 772
922 795
922 834
922 842
922 865
922 935
922 961
23 338
23 376
23 457
23 785
23 797
23 864
23 907
338 69
338 216
338 271
338 492
338 673
338 781
338 785
338 864
376 50
376 66
376 383
376 414
376 416
376 602
376 785
376 797
376 864
457 76
457 135
457 431
457 489
457 543
457 921
785 66
785 216
785 271
785 280
785 289
785 416
785 442
785 492
785 545
785 672
785 673
785 797
785 800
785 864
785 983
785 995
797 36
797 66
797 233
797 278
797 280
797 285
797 371
797 416
797 492
797 602
797 673
797 710
797 761
797 818
797 864
797 951
864 36
864 66
864 84
864 196
864 216
864 233
864 271
864 278
864 280
864 289
864 292
864 300
864 383
864 416
864 475
864 478
864 602
864 672
864 673
864 685
907 62
907 68
907 95
907 144
907 184
907 193
907 214
907 340
907 428
907 430
907 455
907 535
907 542
907 543
907 575
907 581
907 632
907 671
907 760
907 763
907 781
907 846
907 850
907 858
907 920
24 257
257 152
257 880
257 969
25 609
25 807
25 883
25 941
25 995
25 998
609 309
609 755
609 804
609 812
609 835
609 843
609 941
609 982
609 983
609 998
807 78
807 91
807 101
807 176
807 188
807 290
807 348
807 377
807 392
807 453
807 459
807 467
807 478
807 570
807 700
807 735
807 804
807 824
807 976
883 120
883 162
883 202
883 415
883 444
883 500
883 598
883 728
883 731
883 745
883 755
883 784
883 792
883 826
883 843
883 862
883 869
883 872
883 919
883 941
883 982
883 995
883 998
941 77
941 79
941 166
941 236
941 309
941 310
941 365
941 379
941 400
941 415
941 418
941 436
941 442
941 483
941 650
941 693
941 728
941 731
941 745
941 826
941 843
941 862
941 867
941 919
941 945
941 982
941 983
941 995
941 998
995 65
995 88
995 103
995 154
995 166
995 190
995 203
995 237
995 309
995 342
995 365
995 379
995 400
995 415
995 436
995 444
995 483
995 500
995 539
995 543
995 598
995 649
995 674
995 726
995 728
995 731
995 745
995 755
995 789
995 792
995 826
995 862
995 919
995 982
995 983
995 998
998 65
998 77
998 88
998 92
998 104
998 145
998 154
998 166
998 190
998 202
998 309
998 365
998 379
998 400
998 415
998 436
998 483
998 500
998 525
998 539
998 625
998 704
998 728
998 731
998 745
998 755
998 762
998 792
998 802
998 826
998 853
998 862
998 879
998 919
998 924
998 943
998 947
998 972
998 982
998 983
548 146
548 544
548 748
548 802
548 863
548 910
548 961
548 988
861 80
861 477
861 541
861 544
861 576
861 577
861 681
861 689
861 748
861 751
861 786
861 813
861 838
861 848
861 851
861 865
861 880
861 910
861 933
861 988
945 34
945 56
945 81
945 176
945 201
945 275
945 303
945 311
945 515
945 526
945 577
945 594
945 601
945 616
945 621
945 630
945 662
945 696
945 715
945 729
945 800
945 818
945 853
945 855
945 888
945 909
945 948
945 969
945 988
945 997
27 296
27 615
296 73
296 402
296 681
296 802
296 988
615 61
615 170
615 266
615 399
615 426
615 449
615 678
615 791
615 812
615 897
615 967
28 101
28 407
28 809
28 891
28 939
28 940
101 123
101 453
101 535
101 804
101 824
407 30
407 519
407 803
407 813
407 887
407 937
407 957
809 113
809 173
809 563
809 571
809 619
809 683
809 751
809 776
809 789
809 801
809 803
809 842
809 891
809 897
809 939
809 940
809 985
891 114
891 173
891 197
891 199
891 207
891 243
891 253
891 441
891 454
891 513
891 563
891 571
891 683
891 697
891 776
891 786
891 789
891 801
891 897
891 939
891 940
939 94
939 113
939 114
939 173
939 207
939 243
939 253
939 268
939 308
939 335
939 441
939 454
939 513
939 526
939 563
939 571
939 622
939 678
939 697
939 707
939 776
939 789
939 801
939 834
939 892
939 897
939 940
939 961
939 963
940 94
940 113
940 114
940 173
940 174
940 207
940 242
940 243
940 253
940 335
940 441
940 454
940 461
940 493
940 513
940 563
940 571
940 673
940 697
940 719
940 776
940 786
940 789
940 801
940 812
940 897
283 490
283 542
283 848
283 994
589 47
589 262
589 451
589 509
589 572
589 994
773 202
773 712
773 777
773 810
773 828
773 846
773 887
773 898
773 947
773 985
926 126
926 175
926 231
926 232
926 298
926 315
926 349
926 368
926 452
926 458
926 466
926 480
926 607
926 698
926 768
926 820
926 825
926 848
926 994
994 47
994 126
994 149
994 194
994 231
994 232
994 236
994 259
994 298
994 315
994 350
994 368
994 370
994 394
994 458
994 480
994 490
994 509
994 569
994 572
994 607
994 608
994 611
994 642
994 698
994 700
994 743
994 820
994 825
994 848
994 877
994 936
994 999
30 709
30 842
30 877
30 879
30 884
709 389
709 455
709 617
709 676
709 710
709 719
709 805
709 841
709 842
709 847
709 879
709 884
709 894
842 32
842 46
842 119
842 270
842 286
842 363
842 533
842 663
842 676
842 686
842 719
842 726
842 805
842 841
842 877
842 879
842 944
842 976
877 46
877 82
877 119
877 229
877 247
877 270
877 286
877 363
877 398
877 455
877 592
877 603
877 663
877 676
877 710
877 719
877 731
877 795
877 805
877 817
877 841
877 871
877 879
877 884
877 927
879 46
879 119
879 247
879 249
879 286
879 363
879 401
879 431
879 455
879 592
879 603
879 710
879 719
879 726
879 805
879 841
879 878
879 884
879 908
884 32
884 46
884 82
884 247
884 270
884 286
884 306
884 363
884 455
884 522
884 582
884 587
884 592
884 603
884 676
884 710
884 719
884 756
884 805
884 812
884 841
884 894
31 290
31 453
31 652
31 667
31 804
31 824
290 193
290 377
290 570
290 621
290 647
290 824
453 176
453 229
453 394
453 513
453 647
453 700
453 804
453 806
652 188
652 346
652 377
652 473
652 570
652 639
652 647
652 700
652 735
652 804
652 976
667 221
667 330
667 332
667 420
667 426
667 724
667 801
667 824
667 845
667 846
667 874
667 889
804 78
804 91
804 117
804 123
804 176
804 313
804 377
804 425
804 466
804 478
804 519
804 647
804 735
804 825
824 78
824 91
824 123
824 176
824 188
824 244
824 266
824 313
824 346
824 377
824 390
824 478
824 621
824 647
824 700
824 852
32 226
32 282
32 726
32 805
32 841
226 237
226 308
226 367
226 497
226 635
226 738
226 784
282 249
282 328
282 411
282 448
282 551
282 586
726 82
726 247
726 286
726 592
726 603
726 676
726 719
726 736
726 751
726 805
726 835
726 841
805 38
805 363
805 463
805 603
805 617
805 663
805 670
805 676
805 710
805 830
805 841
805 912
841 157
841 247
841 270
841 363
841 395
841 517
841 592
841 603
841 651
841 663
841 676
841 710
841 719
841 779
841 840
841 895
33 133
33 435
33 738
33 840
133 48
133 429
133 468
133 961
435 506
435 760
435 872
435 910
738 139
738 186
738 218
738 273
738 308
738 349
738 367
738 422
738 534
738 633
738 635
738 779
738 784
840 168
840 327
840 459
840 471
840 476
840 617
840 666
840 680
840 687
840 693
840 800
34 322
34 812
34 853
34 969
34 997
322 178
322 856
322 901
322 972
322 975
322 991
322 999
812 61
812 266
812 281
812 468
812 501
812 537
812 558
812 612
812 638
812 678
812 737
812 768
812 791
812 967
853 81
853 298
853 311
853 339
853 342
853 409
853 515
853 539
853 577
853 594
853 616
853 621
853 696
853 729
853 800
853 909
853 924
853 969
853 997
969 38
969 81
969 106
969 162
969 201
969 253
969 311
969 342
969 348
969 356
969 417
969 498
969 515
969 526
969 558
969 577
969 601
969 616
969 621
969 630
969 634
969 662
969 696
969 715
969 729
969 780
969 800
969 818
969 820
969 909
969 985
969 997
997 38
997 56
997 81
997 106
997 201
997 203
997 264
997 303
997 311
997 342
997 348
997 356
997 515
997 526
997 577
997 594
997 601
997 616
997 621
997 630
997 634
997 640
997 662
997 666
997 670
997 680
997 696
997 715
997 729
997 776
997 780
997 800
997 818
997 902
997 909
997 954
997 980
35 487
35 640
35 895
35 967
487 195
487 304
487 733
487 737
487 768
487 803
487 829
487 967
640 160
640 183
640 266
640 343
640 365
640 468
640 678
640 967
895 69
895 109
895 170
895 181
895 221
895 256
895 302
895 330
895 402
895 426
895 469
895 531
895 532
895 596
895 612
895 613
895 629
895 715
895 724
895 845
895 846
895 852
895 874
895 889
895 904
967 40
967 61
967 70
967 90
967 170
967 183
967 251
967 266
967 281
967 349
967 399
967 429
967 466
967 501
967 502
967 522
967 537
967 558
967 575
967 678
967 707
967 733
967 737
967 768
967 791
967 959
967 983
36 416
36 672
36 678
36 957
416 278
416 566
416 602
416 672
672 278
672 280
672 285
672 292
672 440
672 602
672 664
672 673
672 886
678 90
678 171
678 412
678 429
678 522
678 923
957 42
957 52
957 70
957 74
957 116
957 191
957 303
957 432
957 443
957 495
957 511
957 545
957 578
957 587
957 628
957 675
957 767
957 803
957 813
957 815
957 849
957 876
957 887
957 892
957 902
957 937
37 555
37 585
37 815
37 847
37 870
555 194
555 505
555 524
555 657
555 743
555 847
555 849
555 870
555 947
585 96
585 496
585 655
585 682
585 699
585 706
585 795
585 830
585 894
585 919
585 944
585 963
815 127
815 158
815 211
815 219
815 274
815 456
815 488
815 505
815 570
815 573
815 605
815 645
815 681
815 725
815 839
815 855
815 870
847 127
847 211
847 219
847 250
847 274
847 344
847 443
847 456
847 505
847 524
847 573
847 605
847 633
847 645
847 725
847 850
847 862
847 870
847 972
870 65
870 158
870 168
870 194
870 211
870 219
870 250
870 274
870 344
870 377
870 429
870 456
870 488
870 505
870 524
870 573
870 605
870 645
870 796
870 892
38 704
38 800
38 909
704 238
704 306
704 382
704 425
704 523
704 653
704 858
704 876
800 577
800 616
800 630
800 634
800 696
800 715
800 729
800 780
800 869
909 177
909 250
909 311
909 348
909 427
909 515
909 526
909 594
909 602
909 616
909 621
909 630
909 634
909 662
909 696
909 715
909 729
909 780
909 793
909 818
909 855
909 898
39 783
39 831
39 913
39 948
783 269
783 341
783 388
783 428
783 522
783 533
783 627
783 651
783 706
783 751
783 762
783 819
783 831
783 913
783 948
783 985
831 111
831 182
831 244
831 258
831 300
831 395
831 602
831 627
831 651
831 706
831 751
831 762
831 767
831 819
831 843
831 913
831 928
831 948
831 984
913 44
913 68
913 111
913 172
913 200
913 248
913 273
913 300
913 310
913 315
913 341
913 388
913 395
913 480
913 520
913 533
913 534
913 601
913 627
913 651
913 676
913 706
913 751
913 819
913 923
913 935
913 948
948 44
948 68
948 111
948 172
948 200
948 244
948 258
948 267
948 300
948 310
948 323
948 341
948 388
948 395
948 431
948 467
948 507
948 520
948 533
948 619
948 627
948 651
948 673
948 706
948 751
948 762
948 819
948 901
948 937
40 432
40 849
40 902
432 701
432 734
432 801
432 937
849 217
849 287
849 495
849 499
849 628
849 662
849 803
849 813
849 865
849 874
849 876
849 887
849 902
849 937
902 53
902 94
902 116
902 165
902 251
902 475
902 511
902 545
902 675
902 677
902 717
902 803
902 813
902 858
902 876
902 887
902 888
902 919
902 937
902 976
41 150
41 705
41 817
41 872
41 959
41 980
150 205
150 470
150 765
150 827
150 943
150 980
705 252
705 380
705 473
705 508
705 525
705 634
705 706
705 708
705 801
705 822
705 928
705 943
705 954
705 980
817 586
817 622
817 627
817 659
817 684
817 693
817 708
817 767
817 771
817 827
817 892
817 936
817 943
817 954
817 964
817 980
872 51
872 62
872 235
872 327
872 389
872 460
872 471
872 476
872 522
872 568
872 617
872 619
872 666
872 713
959 64
959 92
959 199
959 276
959 288
959 295
959 324
959 329
959 379
959 392
959 396
959 530
959 599
959 623
959 666
959 669
959 686
959 711
959 714
959 739
959 758
959 836
959 855
959 856
959 858
959 887
959 901
959 924
959 972
959 975
959 976
959 991
959 999
980 197
980 212
980 223
980 279
980 339
980 347
980 414
980 420
980 440
980 446
980 508
980 517
980 525
980 540
980 557
980 600
980 622
980 632
980 650
980 708
980 717
980 731
980 736
980 767
980 867
980 878
980 888
980 908
980 924
980 928
980 936
980 954
42 336
42 677
336 213
336 351
336 547
336 684
336 822
336 829
336 869
336 927
677 396
677 645
677 661
677 803
677 876
677 887
677 937
677 963
43 230
43 317
43 349
43 473
43 641
43 784
230 161
230 516
230 534
230 574
230 612
230 710
230 784
317 405
317 408
317 663
317 758
317 901
317 976
317 991
317 999
349 120
349 612
349 701
349 784
349 916
473 161
473 186
473 273
473 422
473 641
473 651
473 701
473 784
641 53
641 139
641 153
641 186
641 259
641 281
641 422
641 497
641 534
641 701
641 784
784 120
784 153
784 273
784 422
784 497
784 575
784 635
784 701
784 848
44 323
44 751
44 806
323 328
323 619
323 651
323 681
323 706
323 751
751 395
751 483
751 627
751 706
751 762
751 819
751 889
806 63
806 103
806 172
806 185
806 238
806 294
806 306
806 462
806 472
806 514
806 653
806 674
806 936
45 214
45 431
45 509
45 604
214 284
431 76
431 293
509 156
509 314
509 315
509 458
509 572
509 611
604 389
604 625
604 892
604 944
604 961
604 963
604 991
46 710
46 770
46 982
710 455
710 603
710 663
710 719
710 867
770 265
770 380
770 403
770 466
770 550
770 567
770 587
770 623
770 683
770 771
770 790
770 793
770 798
770 855
770 889
770 912
770 954
982 65
982 77
982 99
982 103
982 104
982 165
982 202
982 365
982 379
982 392
982 400
982 415
982 436
982 444
982 483
982 539
982 598
982 600
982 607
982 639
982 728
982 731
982 739
982 745
982 748
982 755
982 763
982 826
982 843
982 862
982 919
982 983
47 602
47 743
47 848
47 937
602 84
602 285
602 289
602 673
602 722
743 215
743 236
743 394
743 517
743 581
743 608
743 642
743 654
743 820
743 825
743 999
848 126
848 232
848 298
848 365
848 368
848 370
848 390
848 394
848 458
848 490
848 491
848 579
848 642
848 698
848 820
848 825
848 871
848 964
937 48
937 54
937 86
937 116
937 312
937 350
937 495
937 511
937 521
937 578
937 594
937 628
937 630
937 675
937 803
937 813
937 819
937 876
937 887
48 733
48 768
733 183
733 251
733 326
733 399
733 501
733 532
733 737
733 791
733 850
733 917
768 61
768 90
768 170
768 399
768 420
768 537
768 628
768 737
768 856
768 863
768 897
49 180
49 419
49 887
180 507
180 573
180 823
180 916
180 933
180 964
419 59
419 238
419 306
419 451
419 876
887 70
887 170
887 333
887 335
887 443
887 455
887 545
887 628
887 675
887 679
887 813
887 876
887 889
887 921
50 361
50 482
50 649
50 761
50 908
361 99
361 482
361 601
361 605
361 649
361 816
361 888
361 908
482 87
482 99
482 388
482 761
482 802
482 811
482 888
482 908
649 125
649 429
649 445
649 689
649 811
649 816
649 862
649 888
649 908
761 52
761 82
761 105
761 168
761 220
761 268
761 445
761 465
761 526
761 642
761 689
761 811
761 816
761 888
761 908
908 52
908 99
908 105
908 125
908 130
908 179
908 220
908 268
908 305
908 306
908 321
908 333
908 348
908 445
908 465
908 540
908 689
908 746
908 792
908 811
908 816
908 822
908 888
51 869
51 961
51 973
51 984
869 59
869 86
869 87
869 93
869 143
869 213
869 239
869 241
869 258
869 319
869 351
869 413
869 528
869 629
869 661
869 684
869 730
869 829
869 835
869 839
869 927
961 55
961 172
961 189
961 263
961 293
961 331
961 345
961 355
961 362
961 375
961 409
961 470
961 479
961 481
961 516
961 519
961 618
961 638
961 711
961 835
961 890
961 921
961 925
961 973
961 976
961 984
973 64
973 96
973 98
973 141
973 189
973 252
973 263
973 293
973 331
973 345
973 357
973 362
973 375
973 409
973 470
973 479
973 481
973 516
973 519
973 631
973 638
973 676
973 798
973 890
973 892
973 900
973 921
973 924
973 947
973 984
973 988
984 98
984 154
984 175
984 189
984 251
984 263
984 269
984 293
984 331
984 345
984 355
984 357
984 358
984 362
984 375
984 405
984 470
984 479
984 481
984 488
984 516
984 519
984 566
984 618
984 633
984 638
984 651
984 715
984 839
984 890
984 904
984 920
984 921
984 923
52 76
52 811
52 888
76 659
811 99
811 179
811 220
811 254
811 291
811 333
811 465
811 611
811 689
811 816
811 888
811 897
811 900
888 74
888 99
888 105
888 125
888 130
888 179
888 187
888 220
888 254
888 268
888 305
888 333
888 445
888 465
888 508
888 570
888 689
888 748
888 816
53 781
53 916
53 933
53 964
781 80
781 187
781 381
781 529
781 553
781 613
781 639
781 685
781 718
781 732
781 734
781 823
781 912
781 933
781 936
781 964
916 57
916 124
916 187
916 332
916 464
916 510
916 552
916 553
916 569
916 599
916 613
916 670
916 685
916 697
916 718
916 732
916 734
916 745
916 753
916 758
916 823
916 912
916 933
916 964
933 57
933 72
933 124
933 147
933 187
933 332
933 342
933 498
933 510
933 552
933 553
933 569
933 613
933 625
933 639
933 654
933 676
933 685
933 718
933 734
933 753
933 823
933 859
933 892
933 912
933 963
933 964
933 999
964 57
964 60
964 72
964 118
964 124
964 147
964 156
964 187
964 280
964 332
964 510
964 552
964 553
964 569
964 613
964 618
964 620
964 639
964 670
964 685
964 700
964 718
964 732
964 734
964 753
964 823
964 828
964 912
964 999
54 137
54 267
54 498
137 305
137 562
137 793
137 886
267 498
267 580
267 717
267 722
267 886
267 910
498 164
498 354
498 886
55 638
55 829
55 921
638 223
638 279
638 409
638 481
638 890
638 921
829 114
829 152
829 213
829 239
829 241
829 309
829 413
829 447
829 528
829 550
829 561
829 661
829 684
829 695
829 730
829 835
829 839
829 927
921 252
921 263
921 269
921 331
921 355
921 358
921 375
921 398
921 405
921 470
921 479
921 481
921 485
921 516
921 530
921 663
921 779
921 838
921 862
921 890
56 368
56 516
56 715
368 390
368 480
368 642
368 838
516 399
516 488
516 890
715 265
715 348
715 577
715 621
715 634
715 818
57 681
57 718
57 880
681 155
681 159
681 225
681 337
681 343
681 348
681 374
681 477
681 851
681 910
681 988
718 184
718 386
718 569
718 639
718 732
718 734
718 823
718 858
718 912
718 972
880 80
880 146
880 171
880 195
880 374
880 477
880 506
880 541
880 544
880 642
880 698
880 739
880 748
880 786
880 851
880 863
880 910
880 988
58 240
58 717
58 744
58 886
240 95
240 543
240 575
240 647
240 763
240 858
240 920
717 113
717 417
717 562
717 579
717 624
717 657
717 687
717 886
717 983
744 78
744 164
744 216
744 342
744 354
744 442
744 444
744 562
744 624
744 687
744 722
744 886
886 127
886 163
886 203
886 228
886 248
886 326
886 383
886 399
886 417
886 442
886 486
886 503
886 579
886 580
886 687
886 878
59 115
59 425
115 220
115 595
115 720
115 818
425 304
425 746
425 836
60 118
60 176
60 491
60 639
60 753
60 912
118 547
118 732
118 753
118 912
118 936
176 235
176 735
491 392
491 686
491 854
491 901
491 924
491 972
639 569
639 670
639 724
639 734
639 912
753 186
753 553
753 613
753 670
753 685
753 706
753 732
753 795
753 823
753 912
912 79
912 124
912 187
912 301
912 362
912 382
912 421
912 510
912 552
912 553
912 569
912 613
912 670
912 685
912 732
912 734
912 823
912 988
61 160
61 910
160 947
160 985
910 159
910 195
910 266
910 374
910 449
910 484
910 506
910 541
910 544
910 576
910 635
910 786
910 802
910 838
910 854
910 863
910 988
62 288
62 344
288 684
288 856
288 901
288 976
288 991
288 999
344 158
344 422
344 524
344 725
63 843
63 900
843 85
843 415
843 500
843 598
843 622
843 657
843 666
843 755
843 792
843 826
843 862
843 894
843 919
843 983
900 131
900 132
900 145
900 217
900 238
900 246
900 264
900 291
900 321
900 404
900 460
900 474
900 499
900 680
900 713
900 736
900 778
900 796
900 818
900 859
900 863
900 878
900 904
900 923
900 925
900 951
64 478
64 901
64 972
64 975
64 976
478 313
478 346
478 543
478 647
478 700
478 735
901 108
901 136
901 173
901 199
901 247
901 263
901 384
901 392
901 467
901 484
901 599
901 758
901 854
901 924
901 972
901 975
901 976
901 991
901 999
972 69
972 164
972 167
972 178
972 196
972 295
972 408
972 467
972 488
972 512
972 599
972 669
972 686
972 711
972 714
972 739
972 752
972 758
972 836
972 838
972 854
972 856
972 874
972 924
972 951
972 975
972 976
972 983
972 999
975 92
975 109
975 112
975 196
975 199
975 259
975 295
975 324
975 384
975 392
975 396
975 424
975 467
975 471
975 530
975 537
975 599
975 669
975 693
975 711
975 737
975 739
975 752
975 758
975 836
975 854
975 862
975 924
975 976
975 991
975 999
976 74
976 92
976 136
976 178
976 199
976 305
976 324
976 392
976 408
976 424
976 467
976 530
976 669
976 711
976 714
976 752
976 791
976 854
976 856
976 859
976 898
976 924
976 991
976 999
65 724
65 792
65 919
724 132
724 302
724 330
724 420
724 469
724 596
724 629
724 723
724 846
724 852
724 874
724 889
792 77
792 99
792 436
792 500
792 539
792 755
792 826
792 862
792 917
792 983
919 154
919 208
919 265
919 309
919 379
919 444
919 539
919 598
919 712
919 728
919 731
919 745
919 755
919 758
919 826
919 862
919 983
919 988
66 271
66 408
66 737
271 233
271 292
271 396
271 400
271 669
408 373
408 530
408 924
408 927
408 991
408 999
737 183
737 225
737 621
737 659
737 791
67 111
67 382
67 653
111 172
111 854
382 462
382 664
382 834
382 873
653 117
653 157
653 350
653 401
653 410
653 517
653 588
68 410
68 627
68 651
68 819
410 130
410 371
410 772
410 935
627 315
627 341
627 395
627 547
627 651
651 520
651 762
651 917
819 72
819 200
819 244
819 258
819 294
819 300
819 341
819 520
819 540
819 696
819 706
819 762
819 778
819 935
69 327
69 845
69 874
69 889
327 121
327 839
845 109
845 181
845 256
845 302
845 330
845 402
845 426
845 469
845 476
845 526
845 531
845 540
845 629
845 675
845 846
845 852
845 874
845 889
845 963
874 109
874 221
874 256
874 302
874 330
874 420
874 426
874 469
874 531
874 532
874 537
874 596
874 629
874 846
874 852
874 876
874 889
874 943
889 181
889 221
889 224
889 256
889 302
889 330
889 402
889 420
889 426
889 469
889 531
889 532
889 596
889 629
889 846
889 852
889 925
889 999
70 434
434 680
434 947
434 985
71 714
71 752
71 777
71 830
71 854
71 924
714 325
714 340
714 397
714 424
714 464
714 684
714 752
714 856
714 924
714 999
752 325
752 459
752 706
752 798
752 820
752 854
752 856
752 924
752 991
752 999
777 105
777 147
777 315
777 530
777 810
777 828
777 834
777 898
777 947
777 985
830 121
830 182
830 215
830 423
830 464
830 493
830 620
830 654
830 655
830 663
830 664
830 675
830 699
830 779
830 782
830 892
830 944
830 963
854 178
854 196
854 433
854 530
854 599
854 655
854 669
854 686
854 758
854 856
854 894
854 924
854 999
924 92
924 196
924 295
924 424
924 467
924 598
924 629
924 647
924 669
924 686
924 758
924 836
924 897
924 999
72 552
72 553
552 476
552 569
552 670
552 732
552 736
553 561
553 695
553 734
553 826
73 337
73 470
73 676
73 863
73 988
337 486
337 748
337 838
337 988
470 820
470 890
676 119
676 270
676 455
676 663
676 719
863 146
863 159
863 484
863 506
863 535
863 545
863 576
863 662
863 786
863 789
863 790
863 802
863 838
863 851
863 920
863 988
988 80
988 146
988 155
988 169
988 195
988 225
988 324
988 412
988 477
988 484
988 506
988 541
988 544
988 576
988 578
988 635
988 748
988 786
988 802
988 822
988 823
988 838
988 851
988 865
988 927
75 403
75 507
75 550
75 683
75 712
75 771
75 855
403 466
403 550
403 612
403 765
403 771
403 793
403 855
507 148
507 264
507 301
507 314
507 502
507 746
507 779
550 84
550 265
550 623
550 633
550 771
550 790
550 798
550 928
683 171
683 567
683 590
683 623
683 633
683 771
683 790
683 798
683 855
712 618
712 687
712 760
712 828
712 898
712 947
712 985
771 85
771 397
771 466
771 520
771 587
771 633
771 790
771 793
771 798
771 855
771 871
855 85
855 97
855 265
855 287
855 397
855 466
855 567
855 584
855 587
855 590
855 598
855 623
855 633
855 790
855 793
855 798
659 380
659 525
659 600
659 693
659 867
659 923
659 943
659 954
78 700
78 708
700 188
700 318
700 377
700 381
700 570
700 647
700 735
700 839
708 218
708 440
708 508
708 540
708 796
708 822
708 851
708 867
708 928
708 936
708 947
79 789
79 897
789 388
789 402
789 441
789 454
789 533
789 571
789 586
789 697
789 776
789 801
789 897
897 114
897 173
897 207
897 253
897 335
897 370
897 454
897 513
897 563
897 571
897 697
897 732
897 776
897 801
897 810
897 943
80 505
505 219
505 524
505 565
505 592
505 601
505 725
81 780
81 954
780 373
780 395
780 446
780 515
780 601
780 621
780 634
780 696
780 729
780 818
780 871
780 894
954 83
954 138
954 347
954 380
954 398
954 414
954 447
954 454
954 517
954 521
954 525
954 540
954 557
954 605
954 650
954 664
954 679
954 691
954 736
954 794
954 827
954 859
954 867
954 928
954 936
954 943
82 455
82 592
82 624
455 270
455 415
592 272
592 286
592 460
592 663
624 112
624 228
624 248
624 417
624 579
624 796
624 802
83 276
83 318
83 437
83 586
83 765
276 772
276 894
276 935
318 132
318 373
318 437
318 551
318 643
318 794
437 94
437 249
437 328
437 366
437 373
437 494
437 586
586 293
586 366
586 411
586 494
586 765
765 112
765 177
765 249
765 328
765 366
765 373
765 521
765 643
765 794
84 280
84 289
84 492
84 572
280 292
280 673
280 878
289 131
289 216
289 233
289 308
289 573
492 285
492 292
492 673
492 943
572 120
572 544
572 556
85 302
85 590
85 793
85 798
302 725
302 852
590 386
590 397
590 567
590 643
590 674
590 790
590 793
590 798
793 97
793 211
793 397
793 466
793 587
793 623
793 633
793 731
793 790
793 798
793 936
798 195
798 265
798 343
798 397
798 466
798 530
798 567
798 587
798 790
86 564
86 695
86 839
86 927
564 326
564 359
564 528
564 561
564 661
564 695
564 730
564 835
564 839
564 894
564 927
695 143
695 319
695 514
695 528
695 661
695 730
695 835
695 839
695 873
695 925
695 927
695 963
839 87
839 143
839 213
839 319
839 351
839 371
839 413
839 561
839 661
839 684
839 730
839 758
839 835
839 927
927 87
927 93
927 143
927 148
927 152
927 213
927 239
927 241
927 319
927 351
927 413
927 501
927 528
927 561
927 574
927 622
927 661
927 684
927 730
927 772
927 820
927 835
927 943
87 413
87 447
87 684
413 244
413 561
413 623
413 661
413 820
447 212
447 446
447 557
447 693
447 928
447 936
447 943
684 152
684 319
684 351
684 561
684 661
684 779
684 835
88 496
88 532
88 728
88 745
88 983
496 396
496 620
496 662
496 892
496 917
496 920
496 944
496 963
532 181
532 531
532 629
532 728
532 846
532 852
728 351
728 584
728 598
728 826
728 838
728 983
745 166
745 190
745 400
745 790
745 803
745 823
745 826
745 983
983 103
983 104
983 154
983 166
983 190
983 202
983 255
983 309
983 365
983 373
983 379
983 400
983 444
983 458
983 483
983 500
983 539
983 551
983 576
983 598
983 731
983 732
983 791
983 816
983 826
983 859
983 862
923 131
923 132
923 140
923 145
923 272
923 291
923 404
923 460
923 463
923 474
923 499
923 521
923 561
923 680
923 713
923 756
923 776
923 778
923 782
923 796
923 859
923 878
923 904
923 925
923 951
951 131
951 132
951 145
951 212
951 217
951 237
951 246
951 272
951 291
951 321
951 404
951 460
951 463
951 474
951 499
951 501
951 521
951 566
951 647
951 654
951 680
951 713
951 778
951 796
951 859
951 878
951 904
951 925
90 537
90 558
90 801
537 171
537 791
537 928
558 459
558 468
558 501
558 720
558 760
558 791
801 94
801 335
801 503
801 513
801 571
801 697
801 719
801 776
91 123
91 735
91 813
91 944
123 346
123 497
735 117
735 229
735 313
735 346
735 356
735 570
735 647
735 963
813 239
813 350
813 448
813 545
813 645
813 675
813 876
944 98
944 110
944 204
944 250
944 316
944 389
944 463
944 464
944 485
944 495
944 534
944 654
944 682
944 697
944 782
944 795
944 892
944 917
944 963
92 985
92 991
985 142
985 208
985 224
985 301
985 320
985 363
985 427
985 449
985 451
985 452
985 504
985 512
985 529
985 547
985 582
985 598
985 621
985 631
985 707
985 723
985 810
985 828
985 851
985 852
985 898
985 920
985 947
991 136
991 167
991 196
991 259
991 286
991 312
991 325
991 329
991 384
991 392
991 424
991 433
991 477
991 530
991 540
991 561
991 599
991 666
991 669
991 674
991 686
991 711
991 739
991 758
991 818
991 827
991 836
991 856
991 947
991 999
93 239
93 512
93 730
93 835
239 144
239 730
512 650
512 701
512 810
512 947
730 165
730 241
730 528
730 661
730 816
730 835
835 157
835 213
835 241
835 319
835 351
835 401
835 528
835 561
835 661
835 701
835 836
94 441
94 776
441 397
441 876
776 207
776 211
776 243
776 295
776 454
776 472
776 563
776 697
95 125
95 411
95 556
95 850
95 858
125 254
125 689
411 112
411 551
411 794
556 97
556 307
556 340
556 372
556 542
556 632
556 850
556 856
556 858
556 920
850 144
850 193
850 340
850 428
850 542
850 543
850 575
850 581
850 671
850 729
850 760
850 763
850 858
850 917
850 920
858 163
858 184
858 193
858 307
858 428
858 535
858 543
858 581
858 671
858 760
858 763
858 873
858 920
96 617
96 654
96 699
96 963
617 471
617 666
617 838
654 312
654 565
654 655
654 682
654 699
654 782
654 892
699 177
699 229
699 484
699 584
699 655
699 664
699 682
699 778
699 782
963 110
963 135
963 215
963 227
963 343
963 369
963 389
963 412
963 464
963 524
963 625
963 655
963 664
963 682
963 795
963 828
963 892
963 917
97 316
97 567
97 623
97 790
316 168
316 369
316 485
316 803
316 892
316 917
567 466
567 623
567 632
567 790
567 876
623 114
623 587
623 633
623 790
790 188
790 265
790 312
790 397
790 633
790 713
790 739
98 566
98 802
566 375
566 405
566 618
566 890
802 169
802 195
802 328
802 477
802 506
802 786
802 838
802 851
802 917
100 275
100 427
100 565
275 294
275 674
427 947
565 222
565 472
565 481
565 503
565 514
565 873
535 307
535 468
535 542
535 671
535 763
535 920
103 365
103 630
630 201
630 577
630 588
630 594
630 729
630 846
104 339
104 394
104 731
104 862
339 179
339 525
339 622
339 767
339 936
339 943
394 746
394 825
731 442
731 500
731 539
862 379
862 400
862 451
862 483
862 598
862 622
862 755
862 826
862 852
105 689
105 782
105 816
689 262
689 268
689 445
689 446
689 465
689 816
689 828
782 194
782 229
782 412
782 423
782 584
782 625
782 795
782 873
782 917
816 130
816 179
816 268
816 305
816 333
816 465
816 494
816 828
816 898
106 251
106 348
251 183
514 200
514 871
514 873
544 582
544 851
574 610
574 834
574 865
574 871
574 894
574 935
625 215
625 464
625 584
625 719
625 729
108 157
157 304
109 846
109 852
846 254
846 256
846 402
846 420
846 469
846 531
846 596
846 629
846 852
852 181
852 225
852 263
852 402
852 420
852 469
852 531
852 542
852 596
852 629
110 227
110 664
227 448
227 851
227 892
227 917
664 182
664 917
172 187
172 762
112 328
112 643
112 794
328 631
328 794
643 158
643 177
643 366
643 373
643 571
643 794
794 177
794 346
794 366
794 373
794 494
794 551
794 557
794 662
113 224
113 628
224 947
628 578
628 671
628 876
628 943
220 320
220 713
595 199
595 347
595 386
595 527
595 871
595 894
720 210
720 236
720 242
720 269
720 386
720 527
720 756
720 834
720 865
720 871
720 876
720 878
720 935
818 203
818 303
818 308
818 311
818 342
818 356
818 526
818 594
818 601
818 810
116 570
116 682
116 876
570 188
570 377
570 421
570 647
682 449
682 551
682 584
682 892
682 935
876 126
876 184
876 312
876 475
876 511
876 578
876 803
117 229
117 313
229 647
313 346
313 479
547 898
547 947
732 510
732 734
732 823
732 936
936 138
936 197
936 212
936 347
936 398
936 417
936 443
936 472
936 557
936 619
936 650
936 679
936 687
936 691
936 693
936 767
936 822
936 851
936 867
936 943
119 663
119 711
663 433
663 603
663 719
711 345
711 433
711 530
711 539
711 686
711 999
120 612
120 635
120 701
612 153
612 186
612 218
612 231
612 273
612 367
612 635
635 130
635 161
635 186
635 414
635 497
635 534
635 701
701 139
701 161
701 308
701 497
701 534
701 583
701 691
121 140
121 418
140 363
418 279
418 381
418 671
418 748
871 222
871 255
871 360
871 385
871 421
871 527
871 541
871 669
871 674
871 756
871 865
871 894
871 935
935 242
935 255
935 371
935 386
935 428
935 448
935 527
935 559
935 610
935 618
935 657
935 680
935 827
935 865
935 894
346 483
497 186
497 273
497 422
497 539
497 890
124 823
823 332
823 510
823 568
823 613
823 666
823 670
823 685
254 305
254 355
254 920
126 149
149 233
149 607
149 825
127 456
456 238
456 488
456 645
456 928
859 197
859 291
859 321
859 354
859 460
859 463
859 474
859 499
859 521
859 680
859 713
859 778
859 795
859 796
859 878
859 904
859 925
878 217
878 246
878 272
878 321
878 360
878 463
878 474
878 490
878 499
878 521
878 680
878 713
878 778
878 796
878 904
878 925
925 131
925 145
925 210
925 217
925 272
925 291
925 404
925 460
925 463
925 474
925 499
925 521
925 680
925 713
925 778
925 796
925 810
925 904
633 397
633 578
633 587
130 179
179 268
179 352
131 679
131 796
679 398
679 414
679 619
679 650
679 736
679 822
679 827
679 834
679 865
679 867
679 943
796 301
796 404
796 460
796 680
796 713
796 778
796 834
796 904
132 786
786 169
786 195
786 748
786 851
429 171
429 501
468 366
468 616
468 791
647 634
135 600
600 164
600 197
600 622
600 691
600 822
600 867
600 890
600 928
136 325
136 610
136 755
136 999
325 452
325 836
325 999
610 284
610 462
610 527
610 559
610 657
610 803
755 310
755 415
755 464
755 598
755 723
755 928
755 947
999 138
999 167
999 199
999 295
999 324
999 329
999 367
999 384
999 392
999 433
999 467
999 504
999 561
999 568
999 599
999 669
999 686
999 719
999 739
999 836
999 856
999 892
999 898
305 333
305 828
562 525
562 580
562 722
562 920
138 583
138 605
138 622
138 650
583 222
583 511
583 650
583 693
583 767
583 822
583 917
583 943
605 194
605 250
605 274
605 573
605 645
622 508
622 619
622 693
622 928
650 190
650 200
650 540
650 691
650 760
650 867
139 153
139 161
139 629
153 163
153 273
161 218
161 686
629 330
629 531
629 607
363 707
141 185
141 479
141 500
141 618
141 791
185 294
185 472
185 686
500 155
500 192
618 409
618 436
618 890
791 171
791 225
791 522
142 607
142 898
607 175
607 451
607 698
607 820
898 444
898 504
898 529
898 631
898 707
898 723
898 810
898 828
898 865
898 947
143 279
143 311
143 825
279 381
825 236
825 390
825 460
825 608
825 611
825 620
825 820
144 340
144 428
144 920
340 360
340 671
340 760
340 920
428 190
428 671
428 920
920 184
920 193
920 287
920 307
920 430
920 542
920 543
920 575
920 581
920 632
920 671
920 725
920 760
920 763
920 820
146 152
146 851
152 528
152 671
851 169
851 246
851 294
851 354
851 484
851 576
851 642
851 748
147 217
147 904
217 253
217 904
904 246
904 272
904 291
904 321
904 326
904 404
904 460
904 463
904 474
904 499
904 521
904 680
904 713
904 748
904 778
148 264
148 314
148 778
148 779
264 746
314 359
314 486
778 404
778 499
778 521
778 680
778 713
778 734
779 151
779 205
779 262
779 301
779 461
779 486
779 608
779 746
233 506
233 673
205 359
205 461
205 856
827 212
827 255
827 414
827 440
827 446
827 508
827 540
827 691
827 693
827 767
827 772
827 873
827 928
827 943
943 175
943 380
943 398
943 440
943 469
943 483
943 517
943 525
943 573
943 619
943 691
943 767
943 867
943 928
151 191
151 330
151 359
191 803
359 746
528 412
528 463
528 561
671 184
671 390
671 632
671 760
671 763
163 326
163 383
163 763
273 272
273 308
155 541
541 159
541 725
541 838
156 489
489 223
489 381
489 501
304 352
304 873
158 488
158 645
488 524
488 573
488 725
645 188
645 194
645 207
645 573
159 506
159 867
506 838
867 269
867 347
867 414
867 440
867 444
867 446
867 510
867 673
867 691
867 693
867 736
867 767
867 822
947 320
947 369
947 375
947 452
947 582
947 631
947 669
947 707
947 723
947 810
947 828
218 287
218 367
218 380
218 534
686 739
686 758
686 772
686 836
162 461
162 502
162 746
461 486
461 580
461 746
461 836
502 262
502 746
502 758
746 301
326 248
383 579
383 580
383 687
383 722
763 341
763 377
763 430
763 542
763 575
763 581
763 760
164 354
164 442
354 722
442 687
442 722
165 697
697 243
697 571
697 713
166 371
166 444
166 729
371 242
371 385
371 756
371 865
729 417
729 526
729 527
729 601
729 616
167 209
167 259
209 356
209 481
209 894
259 384
169 183
169 389
169 838
389 485
389 892
389 917
838 225
838 374
838 477
838 484
838 576
838 748
170 399
399 522
187 723
762 200
762 310
762 320
762 388
762 520
762 524
762 533
762 706
173 242
242 448
242 865
242 894
174 401
174 873
401 351
401 503
401 873
873 237
873 260
873 503
873 523
175 458
175 584
175 642
458 307
458 414
458 820
584 423
584 620
584 892
642 315
642 372
642 400
642 820
177 551
551 373
551 390
551 494
178 333
178 404
333 405
333 445
404 573
268 430
268 725
352 534
352 772
352 834
352 865
573 211
573 725
181 249
181 510
181 596
249 494
510 332
510 670
510 685
596 402
596 443
596 529
596 575
182 892
182 917
892 395
892 464
892 493
892 795
917 204
917 369
917 412
917 464
917 493
917 581
917 620
917 655
917 795
184 632
632 307
632 533
632 543
632 575
632 581
632 616
632 760
294 472
294 674
472 201
472 674
186 248
248 722
723 351
723 377
723 810
723 828
188 680
680 713
189 890
890 204
890 263
890 269
890 293
890 331
890 357
890 358
890 405
890 409
890 519
890 734
190 298
298 698
803 312
803 542
193 685
685 284
685 503
685 670
685 734
194 725
725 211
725 258
725 440
725 524
197 822
197 928
822 231
822 247
822 446
822 484
822 517
822 619
822 691
822 693
822 928
928 212
928 375
928 380
928 440
928 483
928 508
928 517
928 525
928 557
928 691
241 385
241 661
503 588
503 696
200 706
706 258
706 310
201 601
201 634
601 670
601 696
634 222
634 356
634 696
634 865
202 826
202 836
826 397
826 436
826 559
836 221
836 295
836 384
836 396
836 415
836 599
836 739
836 856
203 303
203 526
303 662
526 662
526 673
204 319
856 396
856 433
856 467
856 474
856 577
856 758
519 355
519 358
865 657
865 756
865 772
865 834
865 894
207 523
523 260
523 576
523 674
208 578
578 454
356 342
481 405
894 284
894 360
894 385
894 448
894 559
894 657
894 756
894 772
894 834
210 255
210 372
210 834
255 559
372 385
834 527
834 657
834 772
212 324
324 758
284 772
215 258
216 278
216 292
216 426
278 285
292 673
426 420
426 531
253 430
367 308
367 534
367 563
534 422
534 445
219 384
219 603
603 247
603 291
603 533
713 331
221 252
221 256
252 345
252 375
252 569
256 542
256 557
223 381
308 422
448 772
228 529
228 579
529 475
579 508
231 698
231 820
698 236
698 385
698 490
698 691
698 707
698 820
820 390
820 608
232 390
673 285
236 608
608 370
608 480
238 452
543 760
575 430
575 517
385 657
385 661
661 462
243 415
244 533
533 300
533 388
655 343
655 379
655 476
756 357
756 360
756 485
756 657
246 424
246 449
424 402
424 513
424 739
722 274
722 580
722 674
722 687
722 691
250 274
250 524
274 675
274 736
524 571
524 810
345 300
375 357
375 739
569 631
569 734
430 542
430 581
430 760
355 307
355 657
559 374
559 392
557 465
557 477
557 508
557 767
260 462
462 369
262 486
486 675
265 587
587 422
587 466
587 675
266 501
501 522
580 331
580 417
396 329
669 307
669 329
272 471
471 459
471 568
471 687
675 443
736 414
736 446
736 525
736 540
736 588
736 619
736 767
674 306
772 360
772 828
490 370
490 611
621 577
621 662
295 739
739 433
739 696
362 616
398 691
767 540
767 670
300 395
662 594
662 616
828 582
828 707
306 495
495 795
307 760
760 581
760 611
422 620
310 520
520 388
520 657
520 795
485 423
485 599
485 795
405 539
758 530
619 693
631 594
329 341
329 576
576 477
576 748
332 611
445 465
525 598
525 693
343 795
795 412
795 493
347 517
517 508
357 358
357 423
358 707
423 386
423 480
616 446
616 515
563 571
563 691
370 508
374 484
687 417
493 620
691 436
421 527
513 454
734 582
734 613
433 521
465 810
454 594
594 515
463 515
515 511
469 475
568 666
477 613
