1	13 
2	24 
3	27 
4	29 
5	32 
6	19 
7	20 
8	19 
9	17 
10	15 
11	1 
12	29 
13	18 
14	27 
15	19 
16	23 
17	17 
18	11 
19	22 
20	6 
21	14 
22	25 
23	25 
24	1 
25	4 
26	22 
27	20 
28	26 
29	29 
30	11 
31	22 
32	18 
33	29 
34	29 
35	25 
36	6 
37	32 
38	5 
39	27 
40	11 
41	27 
42	17 
43	3 
44	19 
45	9 
46	5 
47	13 
48	11 
49	26 
50	1 
51	16 
52	5 
53	7 
54	18 
55	17 
56	29 
57	26 
58	25 
59	24 
60	16 
61	1 
62	17 
63	27 
64	1 
65	6 
66	27 
67	10 
68	17 
69	29 
70	20 
71	21 
72	7 
73	14 
74	22 
75	7 
76	29 
77	2 
78	15 
79	23 
80	4 
81	31 
82	4 
83	15 
84	32 
85	31 
86	26 
87	1 
88	1 
89	23 
90	32 
91	27 
92	27 
93	18 
94	1 
95	6 
96	25 
97	31 
98	4 
99	11 
100	16 
101	10 
102	29 
103	1 
104	33 
105	11 
106	25 
107	27 
108	19 
109	33 
110	10 
111	8 
112	18 
113	6 
114	3 
115	1 
116	28 
117	21 
118	10 
119	10 
120	15 
121	29 
122	30 
123	31 
124	29 
125	14 
126	27 
127	9 
128	19 
129	9 
130	18 
131	24 
132	25 
133	7 
134	20 
135	19 
136	33 
137	22 
138	6 
139	4 
140	24 
141	7 
142	18 
143	3 
144	15 
145	9 
146	24 
147	12 
148	19 
149	2 
150	7 
151	1 
152	6 
153	18 
154	14 
155	27 
156	20 
157	27 
158	3 
159	33 
160	25 
161	4 
162	9 
163	19 
164	29 
165	18 
166	21 
167	13 
168	27 
169	31 
170	23 
171	28 
172	1 
173	11 
174	6 
175	9 
176	3 
177	3 
178	19 
179	10 
180	16 
181	18 
182	31 
183	25 
184	17 
185	17 
186	15 
187	27 
188	4 
189	14 
190	25 
191	30 
192	23 
193	23 
194	1 
195	31 
196	2 
197	33 
198	33 
199	31 
200	21 
201	5 
202	24 
203	8 
204	31 
205	25 
206	17 
207	15 
208	11 
209	19 
210	8 
211	6 
212	19 
213	20 
214	4 
215	7 
216	23 
217	18 
218	26 
219	1 
220	32 
221	20 
222	31 
223	14 
224	18 
225	33 
226	3 
227	31 
228	18 
229	24 
230	26 
231	11 
232	30 
233	1 
234	17 
235	18 
236	9 
237	6 
238	25 
239	5 
240	9 
241	6 
242	12 
243	6 
244	4 
245	11 
246	28 
247	23 
248	8 
249	14 
250	3 
251	20 
252	20 
253	17 
254	20 
255	3 
256	11 
257	18 
258	21 
259	8 
260	31 
261	33 
262	13 
263	13 
264	7 
265	32 
266	29 
267	19 
268	1 
269	23 
270	3 
271	9 
272	33 
273	33 
274	33 
275	4 
276	23 
277	20 
278	7 
279	22 
280	16 
281	15 
282	27 
283	24 
284	22 
285	2 
286	24 
287	2 
288	20 
289	30 
290	24 
291	2 
292	20 
293	31 
294	21 
295	4 
296	2 
297	4 
298	1 
299	32 
300	14 
301	6 
302	10 
303	18 
304	9 
305	24 
306	31 
307	18 
308	1 
309	24 
310	33 
311	24 
312	22 
313	21 
314	21 
315	2 
316	18 
317	30 
318	1 
319	2 
320	10 
321	15 
322	4 
323	20 
324	18 
325	1 
326	8 
327	6 
328	19 
329	10 
330	1 
331	2 
332	16 
333	10 
334	29 
335	12 
336	20 
337	8 
338	4 
339	6 
340	21 
341	33 
342	33 
343	20 
344	22 
345	8 
346	20 
347	11 
348	28 
349	29 
350	33 
351	15 
352	30 
353	3 
354	33 
355	32 
356	10 
357	9 
358	15 
359	25 
360	20 
361	20 
362	12 
363	31 
364	5 
365	8 
366	33 
367	17 
368	21 
369	11 
370	4 
371	25 
372	25 
373	9 
374	31 
375	29 
376	19 
377	10 
378	9 
379	11 
380	22 
381	7 
382	23 
383	25 
384	16 
385	20 
386	32 
387	7 
388	4 
389	10 
390	13 
391	33 
392	32 
393	27 
394	26 
395	17 
396	6 
397	27 
398	2 
399	4 
400	29 
401	26 
402	11 
403	30 
404	24 
405	23 
406	16 
407	5 
408	26 
409	24 
410	10 
411	28 
412	5 
413	7 
414	13 
415	4 
416	29 
417	27 
418	3 
419	1 
420	28 
421	9 
422	6 
423	2 
424	16 
425	32 
426	33 
427	33 
428	27 
429	25 
430	9 
431	9 
432	19 
433	18 
434	4 
435	26 
436	23 
437	7 
438	9 
439	25 
440	13 
441	30 
442	13 
443	2 
444	29 
445	27 
446	5 
447	20 
448	32 
449	24 
450	26 
451	3 
452	28 
453	13 
454	4 
455	5 
456	9 
457	7 
458	9 
459	20 
460	11 
461	7 
462	20 
463	22 
464	23 
465	27 
466	26 
467	3 
468	19 
469	18 
470	3 
471	14 
472	6 
473	1 
474	14 
475	15 
476	4 
477	16 
478	21 
479	32 
480	26 
481	18 
482	15 
483	5 
484	29 
485	18 
486	30 
487	1 
488	32 
489	10 
490	14 
491	25 
492	17 
493	16 
494	2 
495	27 
496	26 
497	23 
498	16 
499	11 
500	1 
501	18 
502	5 
503	16 
504	8 
505	18 
506	1 
507	29 
508	32 
509	12 
510	9 
511	14 
512	1 
513	30 
514	4 
515	19 
516	19 
517	20 
518	16 
519	16 
520	10 
521	18 
522	4 
523	5 
524	29 
525	1 
526	16 
527	15 
528	13 
529	24 
530	9 
531	29 
532	16 
533	9 
534	29 
535	13 
536	22 
537	33 
538	30 
539	26 
540	13 
541	23 
542	5 
543	26 
544	33 
545	16 
546	33 
547	27 
548	12 
549	11 
550	27 
551	13 
552	5 
553	20 
554	13 
555	7 
556	30 
557	3 
558	7 
559	8 
560	27 
561	29 
562	4 
563	3 
564	18 
565	22 
566	23 
567	21 
568	22 
569	9 
570	29 
571	20 
572	31 
573	18 
574	18 
575	5 
576	10 
577	26 
578	8 
579	32 
580	27 
581	2 
582	21 
583	28 
584	23 
585	18 
586	8 
587	29 
588	17 
589	22 
590	10 
591	23 
592	27 
593	12 
594	19 
595	26 
596	15 
597	18 
598	9 
599	29 
600	28 
601	5 
602	16 
603	26 
604	3 
605	3 
606	31 
607	1 
608	29 
609	25 
610	28 
611	18 
612	4 
613	8 
614	5 
615	23 
616	5 
617	4 
618	5 
619	22 
620	10 
621	19 
622	8 
623	1 
624	21 
625	19 
626	25 
627	9 
628	9 
629	23 
630	33 
631	24 
632	11 
633	15 
634	4 
635	31 
636	20 
637	19 
638	9 
639	33 
640	26 
641	15 
642	1 
643	7 
644	31 
645	5 
646	20 
647	7 
648	11 
649	29 
650	17 
651	20 
652	24 
653	3 
654	6 
655	19 
656	27 
657	20 
658	3 
659	12 
660	17 
661	13 
662	27 
663	21 
664	18 
665	33 
666	23 
667	29 
668	9 
669	15 
670	1 
671	4 
672	16 
673	23 
674	17 
675	30 
676	9 
677	10 
678	25 
679	26 
680	29 
681	12 
682	13 
683	23 
684	29 
685	17 
686	23 
687	27 
688	31 
689	16 
690	19 
691	10 
692	12 
693	13 
694	15 
695	9 
696	5 
697	2 
698	19 
699	31 
700	29 
701	9 
702	15 
703	7 
704	14 
705	18 
706	24 
707	13 
708	25 
709	27 
710	15 
711	20 
712	1 
713	18 
714	21 
715	5 
716	14 
717	28 
718	23 
719	1 
720	27 
721	5 
722	22 
723	23 
724	2 
725	27 
726	12 
727	9 
728	21 
729	23 
730	12 
731	33 
732	17 
733	7 
734	4 
735	33 
736	13 
737	29 
738	11 
739	7 
740	13 
741	19 
742	12 
743	11 
744	32 
745	14 
746	1 
747	28 
748	9 
749	21 
750	5 
751	6 
752	21 
753	5 
754	31 
755	29 
756	31 
757	31 
758	32 
759	16 
760	21 
761	6 
762	2 
763	12 
764	13 
765	18 
766	18 
767	5 
768	5 
769	30 
770	12 
771	9 
772	8 
773	14 
774	13 
775	21 
776	14 
777	3 
778	20 
779	29 
780	7 
781	10 
782	25 
783	17 
784	31 
785	9 
786	32 
787	1 
788	10 
789	29 
790	15 
791	21 
792	19 
793	12 
794	9 
795	32 
796	9 
797	19 
798	18 
799	19 
800	29 
801	8 
802	29 
803	2 
804	22 
805	15 
806	9 
807	33 
808	24 
809	20 
810	19 
811	1 
812	13 
813	14 
814	28 
815	4 
816	31 
817	31 
818	2 
819	5 
820	2 
821	19 
822	20 
823	7 
824	9 
825	31 
826	9 
827	27 
828	13 
829	12 
830	15 
831	19 
832	18 
833	2 
834	20 
835	10 
836	25 
837	24 
838	18 
839	9 
840	13 
841	17 
842	25 
843	25 
844	29 
845	31 
846	6 
847	13 
848	12 
849	5 
850	23 
851	9 
852	33 
853	8 
854	29 
855	18 
856	27 
857	15 
858	31 
859	15 
860	30 
861	18 
862	4 
863	9 
864	20 
865	7 
866	30 
867	15 
868	14 
869	29 
870	32 
871	16 
872	17 
873	24 
874	33 
875	21 
876	31 
877	31 
878	6 
879	16 
880	15 
881	23 
882	22 
883	21 
884	25 
885	29 
886	13 
887	23 
888	22 
889	31 
890	30 
891	13 
892	10 
893	29 
894	10 
895	30 
896	17 
897	13 
898	6 
899	3 
900	24 
901	9 
902	9 
903	1 
904	17 
905	9 
906	26 
907	1 
908	32 
909	33 
910	29 
911	26 
912	26 
913	11 
914	21 
915	13 
916	30 
917	17 
918	4 
919	14 
920	12 
921	15 
922	29 
923	20 
924	32 
925	25 
926	23 
927	31 
928	27 
929	13 
930	5 
931	9 
932	4 
933	30 
934	8 
935	28 
936	12 
937	11 
938	25 
939	27 
940	5 
941	19 
942	23 
943	1 
944	23 
945	27 
946	19 
947	27 
948	29 
949	24 
950	11 
951	11 
952	19 
953	23 
954	14 
955	26 
956	1 
957	30 
958	1 
959	9 
960	28 
961	23 
962	2 
963	13 
964	29 
965	15 
966	28 
967	9 
968	13 
969	29 
970	13 
971	29 
972	19 
973	7 
974	16 
975	20 
976	16 
977	17 
978	24 
979	30 
980	1 
981	9 
982	11 
983	33 
984	13 
985	31 
986	25 
987	9 
988	9 
989	18 
990	17 
991	21 
992	10 
993	1 
994	23 
995	19 
996	26 
997	4 
998	29 
999	3 
1000	18 
1001	22 
1002	33 
1003	33 
1004	2 
1005	33 
1006	25 
1007	33 
1008	15 
1009	10 
1010	14 
1011	2 
1012	19 
1013	3 
1014	27 
1015	19 
1016	1 
1017	28 
1018	6 
1019	5 
1020	19 
1021	33 
1022	29 
1023	18 
1024	6 
1025	17 
1026	25 
1027	29 
1028	1 
1029	1 
1030	29 
1031	27 
1032	26 
1033	6 
1034	23 
1035	27 
1036	20 
1037	7 
1038	22 
1039	10 
1040	12 
1041	14 
1042	14 
1043	2 
1044	11 
1045	10 
1046	29 
1047	20 
1048	29 
1049	21 
1050	14 
1051	7 
1052	4 
1053	31 
1054	1 
1055	22 
1056	27 
1057	12 
1058	33 
1059	23 
1060	15 
1061	22 
1062	32 
1063	16 
1064	19 
1065	13 
1066	12 
1067	13 
1068	1 
1069	20 
1070	2 
1071	27 
1072	3 
1073	31 
1074	23 
1075	8 
1076	22 
1077	29 
1078	20 
1079	1 
1080	19 
1081	25 
1082	16 
1083	31 
1084	28 
1085	9 
1086	29 
1087	30 
1088	3 
1089	11 
1090	15 
1091	33 
1092	31 
1093	18 
1094	8 
1095	16 
1096	30 
1097	25 
1098	12 
1099	31 
1100	16 
1101	32 
1102	17 
1103	1 
1104	8 
1105	28 
1106	26 
1107	3 
1108	27 
1109	8 
1110	29 
1111	9 
1112	1 
1113	7 
1114	18 
1115	12 
1116	32 
1117	15 
1118	13 
1119	7 
1120	1 
1121	12 
1122	23 
1123	18 
1124	17 
1125	24 
1126	5 
1127	18 
1128	22 
1129	5 
1130	14 
1131	5 
1132	1 
1133	8 
1134	32 
1135	31 
1136	29 
1137	20 
1138	13 
1139	28 
1140	16 
1141	27 
1142	32 
1143	13 
1144	25 
1145	17 
1146	16 
1147	21 
1148	23 
1149	4 
1150	11 
1151	5 
1152	13 
1153	20 
1154	4 
1155	14 
1156	23 
1157	27 
1158	10 
1159	25 
1160	33 
1161	17 
1162	25 
1163	9 
1164	18 
1165	29 
1166	5 
1167	26 
1168	19 
1169	23 
1170	9 
1171	9 
1172	1 
1173	15 
1174	28 
1175	7 
1176	9 
1177	31 
1178	20 
1179	12 
1180	31 
1181	1 
1182	1 
1183	15 
1184	7 
1185	28 
1186	22 
1187	10 
1188	12 
1189	6 
1190	25 
1191	13 
1192	28 
1193	14 
1194	27 
1195	29 
1196	26 
1197	8 
1198	9 
1199	1 
1200	5 
1201	13 
1202	7 
1203	23 
1204	4 
1205	23 
1206	22 
1207	32 
1208	33 
1209	13 
1210	29 
1211	17 
1212	9 
1213	10 
1214	23 
1215	4 
1216	1 
1217	19 
1218	25 
1219	18 
1220	5 
1221	10 
1222	31 
1223	18 
1224	5 
1225	27 
1226	7 
1227	24 
1228	7 
1229	23 
1230	4 
1231	23 
1232	30 
1233	9 
1234	21 
1235	27 
1236	1 
1237	6 
1238	33 
1239	31 
1240	1 
1241	28 
1242	11 
1243	20 
1244	33 
1245	28 
1246	8 
1247	20 
1248	31 
1249	16 
1250	4 
1251	4 
1252	16 
1253	3 
1254	4 
1255	24 
1256	30 
1257	10 
1258	29 
1259	25 
1260	33 
1261	30 
1262	2 
1263	13 
1264	2 
1265	28 
1266	28 
1267	27 
1268	25 
1269	18 
1270	25 
1271	16 
1272	13 
1273	10 
1274	23 
1275	10 
1276	10 
1277	15 
1278	10 
1279	10 
1280	23 
1281	20 
1282	10 
1283	13 
1284	11 
1285	15 
1286	21 
1287	31 
1288	9 
1289	8 
1290	12 
1291	24 
1292	27 
1293	25 
1294	25 
1295	27 
1296	27 
1297	23 
1298	24 
1299	17 
1300	23 
1301	29 
1302	11 
1303	5 
1304	30 
1305	25 
1306	27 
1307	23 
1308	27 
1309	29 
1310	17 
1311	6 
1312	13 
1313	16 
1314	20 
1315	13 
1316	13 
1317	15 
1318	9 
1319	27 
1320	11 
1321	19 
1322	13 
1323	9 
1324	23 
1325	15 
1326	20 
1327	3 
1328	27 
1329	28 
1330	15 
1331	33 
1332	7 
1333	23 
1334	1 
1335	1 
1336	22 
1337	23 
1338	33 
1339	22 
1340	8 
1341	27 
1342	26 
1343	26 
1344	19 
1345	24 
1346	33 
1347	31 
1348	9 
1349	9 
1350	6 
1351	5 
1352	6 
1353	8 
1354	4 
1355	27 
1356	30 
1357	16 
1358	27 
1359	4 
1360	5 
1361	16 
1362	4 
1363	23 
1364	21 
1365	32 
1366	8 
1367	30 
1368	22 
1369	17 
1370	4 
1371	21 
1372	24 
1373	13 
1374	29 
1375	29 
1376	15 
1377	14 
1378	12 
1379	23 
1380	14 
1381	29 
1382	18 
1383	2 
1384	33 
1385	31 
1386	23 
1387	27 
1388	11 
1389	23 
1390	27 
1391	13 
1392	9 
1393	33 
1394	13 
1395	32 
1396	27 
1397	20 
1398	16 
1399	23 
1400	3 
1401	5 
1402	20 
1403	9 
1404	12 
1405	2 
1406	4 
1407	15 
1408	1 
1409	23 
1410	26 
1411	26 
1412	5 
1413	19 
1414	20 
1415	25 
1416	25 
1417	27 
1418	13 
1419	2 
1420	2 
1421	5 
1422	21 
1423	3 
1424	31 
1425	9 
1426	23 
1427	28 
1428	31 
1429	6 
1430	27 
1431	8 
1432	9 
1433	29 
1434	13 
1435	18 
1436	21 
1437	27 
1438	11 
1439	3 
1440	28 
1441	28 
1442	2 
1443	21 
1444	16 
1445	32 
1446	10 
1447	8 
1448	10 
1449	31 
1450	8 
1451	2 
1452	27 
1453	24 
1454	24 
1455	13 
1456	7 
1457	29 
1458	27 
1459	18 
1460	8 
1461	17 
1462	9 
1463	20 
1464	9 
1465	8 
1466	2 
1467	10 
1468	17 
1469	2 
1470	25 
1471	23 
1472	15 
1473	21 
1474	29 
1475	24 
1476	31 
1477	10 
1478	17 
1479	9 
1480	25 
1481	23 
1482	29 
1483	27 
1484	1 
1485	25 
1486	16 
1487	9 
1488	18 
1489	13 
1490	17 
1491	33 
1492	9 
1493	5 
1494	2 
1495	18 
1496	16 
1497	17 
1498	13 
1499	31 
1500	15 
