1	13 
2	17 
3	2 
4	22 
5	6 
6	28 
7	14 
8	2 
9	11 
10	10 
11	20 
12	26 
13	7 
14	23 
15	27 
16	5 
17	26 
18	3 
19	2 
20	29 
21	23 
22	2 
23	20 
24	9 
25	26 
26	19 
27	3 
28	18 
29	2 
30	5 
31	2 
32	1 
33	13 
34	30 
35	1 
36	12 
37	22 
38	25 
39	10 
40	29 
41	9 
42	1 
43	2 
44	28 
45	6 
46	10 
47	20 
48	5 
49	15 
50	16 
51	1 
52	29 
53	1 
54	1 
55	11 
56	16 
57	5 
58	2 
59	24 
60	29 
61	19 
62	25 
63	22 
64	22 
65	25 
66	23 
67	26 
68	10 
69	18 
70	22 
71	16 
72	15 
73	2 
74	20 
75	21 
76	8 
77	16 
78	28 
79	10 
80	8 
81	14 
82	2 
83	13 
84	4 
85	16 
86	29 
87	12 
88	4 
89	6 
90	26 
91	25 
92	8 
93	22 
94	21 
95	26 
96	14 
97	30 
98	21 
99	1 
100	11 
101	8 
102	17 
103	2 
104	11 
105	3 
106	8 
107	28 
108	3 
109	29 
110	27 
111	23 
112	17 
113	9 
114	13 
115	11 
116	28 
117	27 
118	27 
119	4 
120	5 
121	22 
122	12 
123	1 
124	16 
125	29 
126	1 
127	5 
128	26 
129	28 
130	21 
131	13 
132	6 
133	29 
134	8 
135	27 
136	4 
137	5 
138	28 
139	8 
140	3 
141	14 
142	7 
143	8 
144	3 
145	28 
146	23 
147	6 
148	17 
149	2 
150	20 
151	5 
152	14 
153	19 
154	21 
155	30 
156	1 
157	11 
158	22 
159	20 
160	5 
161	9 
162	9 
163	26 
164	18 
165	15 
166	1 
167	19 
168	2 
169	29 
170	14 
171	2 
172	1 
173	20 
174	19 
175	27 
176	11 
177	22 
178	20 
179	29 
180	13 
181	22 
182	20 
183	21 
184	3 
185	16 
186	27 
187	23 
188	8 
189	21 
190	11 
191	20 
192	8 
193	7 
194	23 
195	9 
196	12 
197	2 
198	12 
199	22 
200	4 
201	8 
202	1 
203	15 
204	18 
205	7 
206	27 
207	20 
208	22 
209	13 
210	3 
211	24 
212	12 
213	11 
214	6 
215	8 
216	23 
217	12 
218	12 
219	7 
220	15 
221	14 
222	6 
223	28 
224	21 
225	14 
226	4 
227	10 
228	18 
229	17 
230	6 
231	10 
232	12 
233	23 
234	22 
235	2 
236	21 
237	6 
238	23 
239	30 
240	1 
241	14 
242	1 
243	30 
244	7 
245	17 
246	14 
247	30 
248	25 
249	10 
250	20 
251	13 
252	14 
253	17 
254	16 
255	26 
256	4 
257	28 
258	19 
259	19 
260	4 
261	13 
262	27 
263	17 
264	30 
265	12 
266	5 
267	2 
268	4 
269	19 
270	11 
271	13 
272	24 
273	28 
274	11 
275	21 
276	18 
277	13 
278	1 
279	20 
280	18 
281	9 
282	29 
283	3 
284	15 
285	16 
286	10 
287	11 
288	20 
289	23 
290	10 
291	14 
292	16 
293	8 
294	16 
295	22 
296	25 
297	10 
298	1 
299	23 
300	30 
301	4 
302	15 
303	18 
304	15 
305	8 
306	29 
307	4 
308	29 
309	19 
310	29 
311	8 
312	24 
313	20 
314	28 
315	10 
316	5 
317	19 
318	7 
319	1 
320	14 
321	4 
322	15 
323	2 
324	20 
325	29 
326	1 
327	28 
328	24 
329	7 
330	17 
331	19 
332	5 
333	21 
334	24 
335	13 
336	18 
337	30 
338	30 
339	27 
340	15 
341	29 
342	22 
343	27 
344	25 
345	19 
346	1 
347	6 
348	15 
349	16 
350	29 
351	30 
352	13 
353	11 
354	23 
355	4 
356	17 
357	5 
358	27 
359	6 
360	30 
361	13 
362	6 
363	21 
364	20 
365	22 
366	1 
367	14 
368	28 
369	13 
370	14 
371	11 
372	13 
373	9 
374	20 
375	25 
376	19 
377	6 
378	14 
379	29 
380	30 
381	12 
382	29 
383	24 
384	22 
385	17 
386	20 
387	23 
388	19 
389	3 
390	12 
391	13 
392	16 
393	5 
394	14 
395	7 
396	30 
397	14 
398	19 
399	12 
400	9 
401	12 
402	11 
403	23 
404	23 
405	26 
406	23 
407	15 
408	28 
409	22 
410	9 
411	11 
412	22 
413	19 
414	23 
415	11 
416	12 
417	6 
418	21 
419	2 
420	1 
421	28 
422	1 
423	6 
424	30 
425	15 
426	23 
427	1 
428	28 
429	26 
430	12 
431	13 
432	29 
433	14 
434	11 
435	28 
436	29 
437	5 
438	15 
439	3 
440	28 
441	26 
442	26 
443	10 
444	7 
445	11 
446	6 
447	12 
448	30 
449	2 
450	28 
451	23 
452	14 
453	15 
454	29 
455	7 
456	20 
457	25 
458	11 
459	9 
460	20 
461	2 
462	20 
463	2 
464	15 
465	6 
466	23 
467	4 
468	10 
469	4 
470	24 
471	25 
472	4 
473	1 
474	2 
475	17 
476	12 
477	15 
478	11 
479	10 
480	23 
481	10 
482	24 
483	16 
484	28 
485	5 
486	3 
487	8 
488	15 
489	8 
490	22 
491	30 
492	10 
493	21 
494	5 
495	12 
496	24 
497	1 
498	14 
499	18 
500	30 
501	10 
502	11 
503	19 
504	8 
505	11 
506	6 
507	18 
508	3 
509	19 
510	23 
511	27 
512	1 
513	12 
514	22 
515	16 
516	2 
517	12 
518	29 
519	18 
520	1 
521	2 
522	21 
523	26 
524	16 
525	22 
526	14 
527	10 
528	27 
529	22 
530	11 
531	7 
532	1 
533	30 
534	2 
535	16 
536	4 
537	9 
538	18 
539	27 
540	16 
541	12 
542	3 
543	10 
544	18 
545	13 
546	15 
547	15 
548	16 
549	9 
550	12 
551	9 
552	30 
553	8 
554	6 
555	23 
556	29 
557	6 
558	22 
559	1 
560	21 
561	30 
562	17 
563	4 
564	8 
565	9 
566	13 
567	19 
568	19 
569	6 
570	7 
571	23 
572	2 
573	9 
574	20 
575	10 
576	10 
577	18 
578	30 
579	7 
580	23 
581	26 
582	13 
583	20 
584	24 
585	28 
586	5 
587	18 
588	27 
589	13 
590	1 
591	10 
592	8 
593	17 
594	27 
595	16 
596	7 
597	25 
598	9 
599	1 
600	22 
601	11 
602	24 
603	29 
604	22 
605	23 
606	30 
607	5 
608	29 
609	4 
610	22 
611	13 
612	16 
613	16 
614	10 
615	10 
616	13 
617	24 
618	26 
619	11 
620	9 
621	8 
622	27 
623	22 
624	30 
625	9 
626	15 
627	9 
628	29 
629	19 
630	9 
631	15 
632	8 
633	3 
634	11 
635	29 
636	1 
637	20 
638	29 
639	19 
640	13 
641	13 
642	29 
643	27 
644	19 
645	30 
646	5 
647	23 
648	2 
649	23 
650	9 
651	1 
652	12 
653	7 
654	11 
655	26 
656	5 
657	3 
658	1 
659	23 
660	23 
661	22 
662	29 
663	15 
664	16 
665	18 
666	8 
667	23 
668	25 
669	30 
670	20 
671	28 
672	29 
673	15 
674	18 
675	17 
676	3 
677	25 
678	1 
679	22 
680	24 
681	9 
682	21 
683	8 
684	18 
685	3 
686	25 
687	9 
688	17 
689	20 
690	2 
691	15 
692	10 
693	5 
694	29 
695	10 
696	4 
697	2 
698	24 
699	11 
700	16 
701	1 
702	18 
703	24 
704	3 
705	19 
706	11 
707	30 
708	10 
709	8 
710	8 
711	26 
712	30 
713	5 
714	10 
715	9 
716	24 
717	4 
718	6 
719	19 
720	23 
721	11 
722	27 
723	6 
724	28 
725	3 
726	7 
727	13 
728	26 
729	10 
730	6 
731	25 
732	29 
733	9 
734	14 
735	30 
736	7 
737	7 
738	27 
739	24 
740	5 
741	25 
742	10 
743	1 
744	20 
745	14 
746	23 
747	15 
748	12 
749	16 
750	23 
751	25 
752	23 
753	8 
754	18 
755	7 
756	7 
757	24 
758	20 
759	6 
760	8 
761	15 
762	12 
763	25 
764	3 
765	26 
766	22 
767	12 
768	16 
769	11 
770	23 
771	19 
772	24 
773	8 
774	6 
775	15 
776	8 
777	11 
778	9 
779	29 
780	6 
781	24 
782	22 
783	10 
784	11 
785	28 
786	26 
787	22 
788	5 
789	12 
790	11 
791	12 
792	13 
793	25 
794	19 
795	8 
796	12 
797	15 
798	5 
799	26 
800	7 
801	10 
802	8 
803	3 
804	8 
805	9 
806	23 
807	14 
808	30 
809	26 
810	24 
811	11 
812	1 
813	6 
814	4 
815	17 
816	30 
817	2 
818	29 
819	30 
820	22 
821	21 
822	25 
823	25 
824	15 
825	14 
826	21 
827	2 
828	17 
829	17 
830	3 
831	3 
832	14 
833	23 
834	3 
835	24 
836	6 
837	18 
838	14 
839	3 
840	29 
841	8 
842	8 
843	5 
844	14 
845	2 
846	29 
847	3 
848	20 
849	24 
850	27 
851	15 
852	17 
853	10 
854	1 
855	5 
856	16 
857	29 
858	9 
859	29 
860	1 
861	6 
862	18 
863	21 
864	17 
865	5 
866	12 
867	2 
868	5 
869	18 
870	8 
871	13 
872	7 
873	4 
874	8 
875	30 
876	10 
877	26 
878	14 
879	19 
880	1 
881	4 
882	16 
883	11 
884	4 
885	9 
886	9 
887	23 
888	19 
889	27 
890	17 
891	19 
892	10 
893	7 
894	1 
895	29 
896	5 
897	9 
898	14 
899	1 
900	27 
901	29 
902	7 
903	19 
904	4 
905	7 
906	7 
907	30 
908	16 
909	24 
910	2 
911	8 
912	3 
913	16 
914	5 
915	11 
916	26 
917	3 
918	12 
919	15 
920	23 
921	20 
922	9 
923	22 
924	10 
925	30 
926	9 
927	26 
928	30 
929	7 
930	22 
931	9 
932	14 
933	17 
934	26 
935	26 
936	28 
937	9 
938	6 
939	9 
940	15 
941	17 
942	24 
943	29 
944	24 
945	13 
946	9 
947	11 
948	14 
949	2 
950	26 
951	9 
952	1 
953	25 
954	20 
955	29 
956	4 
957	30 
958	5 
959	8 
960	15 
961	1 
962	14 
963	8 
964	24 
965	13 
966	15 
967	2 
968	24 
969	29 
970	23 
971	6 
972	22 
973	22 
974	2 
975	23 
976	15 
977	6 
978	13 
979	22 
980	3 
981	19 
982	21 
983	17 
984	14 
985	5 
986	2 
987	2 
988	22 
989	23 
990	2 
991	28 
992	2 
993	22 
994	19 
995	9 
996	5 
997	10 
998	23 
999	18 
1000	9 
1001	11 
1002	11 
1003	15 
1004	30 
1005	13 
1006	6 
1007	15 
1008	21 
1009	5 
1010	13 
1011	28 
1012	6 
1013	18 
1014	27 
1015	27 
1016	19 
1017	7 
1018	13 
1019	21 
1020	16 
1021	6 
1022	7 
1023	21 
1024	24 
1025	27 
1026	3 
1027	9 
1028	29 
1029	19 
1030	3 
1031	9 
1032	19 
1033	21 
1034	1 
1035	25 
1036	8 
1037	30 
1038	25 
1039	27 
1040	6 
1041	3 
1042	11 
1043	11 
1044	12 
1045	10 
1046	24 
1047	13 
1048	29 
1049	1 
1050	23 
1051	14 
1052	3 
1053	17 
1054	2 
1055	16 
1056	1 
1057	16 
1058	16 
1059	28 
1060	23 
1061	1 
1062	12 
1063	6 
1064	25 
1065	28 
1066	21 
1067	16 
1068	11 
1069	11 
1070	22 
1071	6 
1072	25 
1073	2 
1074	3 
1075	24 
1076	16 
1077	18 
1078	28 
1079	8 
1080	22 
1081	14 
1082	30 
1083	15 
1084	21 
1085	11 
1086	15 
1087	23 
1088	2 
1089	23 
1090	25 
1091	24 
1092	17 
1093	30 
1094	12 
1095	28 
1096	4 
1097	26 
1098	9 
1099	10 
1100	22 
1101	30 
1102	30 
1103	17 
1104	8 
1105	10 
1106	16 
1107	9 
1108	25 
1109	22 
1110	16 
1111	2 
1112	28 
1113	11 
1114	17 
1115	19 
1116	10 
1117	27 
1118	2 
1119	25 
1120	21 
1121	19 
1122	1 
1123	4 
1124	18 
1125	13 
1126	28 
1127	10 
1128	10 
1129	21 
1130	5 
1131	6 
1132	27 
1133	3 
1134	11 
1135	10 
1136	24 
1137	14 
1138	13 
1139	18 
1140	2 
1141	29 
1142	26 
1143	26 
1144	19 
1145	7 
1146	19 
1147	11 
1148	21 
1149	19 
1150	13 
1151	24 
1152	4 
1153	12 
1154	23 
1155	4 
1156	25 
1157	17 
1158	19 
1159	12 
1160	2 
1161	3 
1162	27 
1163	2 
1164	21 
1165	10 
1166	19 
1167	13 
1168	13 
1169	30 
1170	7 
1171	22 
1172	28 
1173	29 
1174	26 
1175	5 
1176	18 
1177	10 
1178	17 
1179	5 
1180	29 
1181	22 
1182	15 
1183	21 
1184	3 
1185	8 
1186	8 
1187	19 
1188	10 
1189	6 
1190	25 
1191	21 
1192	4 
1193	14 
1194	6 
1195	3 
1196	9 
1197	6 
1198	13 
1199	14 
1200	6 
1201	8 
1202	2 
1203	29 
1204	13 
1205	12 
1206	18 
1207	27 
1208	14 
1209	20 
1210	13 
1211	14 
1212	22 
1213	23 
1214	4 
1215	1 
1216	15 
1217	18 
1218	6 
1219	9 
1220	26 
1221	28 
1222	21 
1223	17 
1224	1 
1225	23 
1226	8 
1227	4 
1228	7 
1229	12 
1230	12 
1231	13 
1232	6 
1233	14 
1234	5 
1235	24 
1236	3 
1237	26 
1238	28 
1239	14 
1240	12 
1241	22 
1242	13 
1243	19 
1244	14 
1245	9 
1246	23 
1247	15 
1248	12 
1249	23 
1250	28 
1251	10 
1252	26 
1253	1 
1254	28 
1255	1 
1256	2 
1257	30 
1258	24 
1259	11 
1260	29 
1261	9 
1262	14 
1263	29 
1264	10 
1265	8 
1266	13 
1267	28 
1268	28 
1269	8 
1270	5 
1271	3 
1272	28 
1273	22 
1274	28 
1275	3 
1276	26 
1277	14 
1278	15 
1279	23 
1280	30 
1281	3 
1282	5 
1283	15 
1284	19 
1285	9 
1286	30 
1287	12 
1288	30 
1289	19 
1290	30 
1291	28 
1292	2 
1293	13 
1294	16 
1295	2 
1296	16 
1297	24 
1298	14 
1299	11 
1300	12 
1301	22 
1302	10 
1303	28 
1304	9 
1305	2 
1306	1 
1307	19 
1308	6 
1309	6 
1310	19 
1311	9 
1312	28 
1313	5 
1314	11 
1315	3 
1316	26 
1317	23 
1318	5 
1319	22 
1320	26 
1321	19 
1322	6 
1323	9 
1324	8 
1325	11 
1326	12 
1327	11 
1328	9 
1329	6 
1330	29 
1331	8 
1332	2 
1333	22 
1334	23 
1335	22 
1336	16 
1337	29 
1338	9 
1339	28 
1340	6 
1341	29 
1342	30 
1343	10 
1344	30 
1345	16 
1346	3 
1347	28 
1348	26 
1349	2 
1350	5 
1351	28 
1352	14 
1353	28 
1354	8 
1355	2 
1356	28 
1357	5 
1358	16 
1359	14 
1360	9 
1361	10 
1362	22 
1363	1 
1364	22 
1365	1 
1366	30 
1367	3 
1368	8 
1369	23 
1370	16 
1371	12 
1372	10 
1373	16 
1374	11 
1375	30 
1376	30 
1377	16 
1378	11 
1379	12 
1380	3 
1381	11 
1382	29 
1383	22 
1384	9 
1385	5 
1386	30 
1387	19 
1388	12 
1389	6 
1390	10 
1391	5 
1392	5 
1393	10 
1394	8 
1395	10 
1396	6 
1397	14 
1398	9 
1399	16 
1400	9 
1401	23 
1402	10 
1403	9 
1404	8 
1405	3 
1406	16 
1407	5 
1408	10 
1409	28 
1410	28 
1411	16 
1412	13 
1413	22 
1414	13 
1415	8 
1416	5 
1417	13 
1418	23 
1419	28 
1420	1 
1421	8 
1422	1 
1423	13 
1424	30 
1425	23 
1426	30 
1427	19 
1428	8 
1429	29 
1430	28 
1431	6 
1432	30 
1433	6 
1434	2 
1435	2 
1436	9 
1437	30 
1438	2 
1439	28 
1440	11 
1441	22 
1442	1 
1443	6 
1444	10 
1445	11 
1446	29 
1447	11 
1448	23 
1449	1 
1450	9 
1451	28 
1452	2 
1453	11 
1454	23 
1455	1 
1456	11 
1457	29 
1458	8 
1459	28 
1460	22 
1461	28 
1462	28 
1463	22 
1464	10 
1465	8 
1466	10 
1467	10 
1468	1 
1469	29 
1470	8 
1471	10 
1472	10 
1473	9 
1474	28 
1475	23 
1476	28 
1477	9 
1478	8 
1479	1 
1480	8 
1481	9 
1482	8 
1483	1 
1484	28 
1485	8 
1486	28 
1487	28 
1488	8 
1489	8 
1490	8 
1491	9 
1492	8 
1493	28 
1494	9 
1495	28 
1496	28 
1497	9 
1498	9 
1499	9 
1500	9 
