1	27 
2	12 
3	9 
4	8 
5	16 
6	4 
7	18 
8	15 
9	23 
10	5 
11	29 
12	27 
13	7 
14	13 
15	22 
16	9 
17	1 
18	2 
19	4 
20	25 
21	30 
22	25 
23	23 
24	14 
25	9 
26	24 
27	9 
28	7 
29	10 
30	17 
31	20 
32	15 
33	15 
34	10 
35	9 
36	20 
37	3 
38	28 
39	10 
40	27 
41	13 
42	20 
43	25 
44	26 
45	14 
46	28 
47	4 
48	29 
49	25 
50	26 
51	25 
52	8 
53	15 
54	7 
55	19 
56	19 
57	2 
58	10 
59	28 
60	11 
61	20 
62	7 
63	3 
64	25 
65	20 
66	19 
67	30 
68	12 
69	1 
70	25 
71	24 
72	8 
73	29 
74	21 
75	12 
76	6 
77	20 
78	20 
79	12 
80	15 
81	3 
82	15 
83	2 
84	2 
85	17 
86	13 
87	19 
88	6 
89	24 
90	9 
91	15 
92	6 
93	8 
94	29 
95	24 
96	11 
97	21 
98	10 
99	3 
100	6 
101	12 
102	17 
103	24 
104	9 
105	19 
106	3 
107	30 
108	24 
109	27 
110	27 
111	22 
112	27 
113	10 
114	7 
115	19 
116	26 
117	26 
118	6 
119	12 
120	8 
121	5 
122	18 
123	10 
124	24 
125	8 
126	16 
127	22 
128	27 
129	9 
130	15 
131	19 
132	30 
133	23 
134	20 
135	1 
136	22 
137	27 
138	3 
139	2 
140	16 
141	4 
142	28 
143	13 
144	14 
145	13 
146	16 
147	17 
148	19 
149	17 
150	15 
151	24 
152	15 
153	10 
154	29 
155	7 
156	25 
157	25 
158	17 
159	11 
160	24 
161	24 
162	7 
163	13 
164	26 
165	30 
166	2 
167	21 
168	21 
169	11 
170	6 
171	26 
172	15 
173	24 
174	1 
175	24 
176	21 
177	23 
178	20 
179	4 
180	22 
181	20 
182	25 
183	16 
184	15 
185	4 
186	5 
187	4 
188	26 
189	22 
190	2 
191	3 
192	16 
193	21 
194	15 
195	17 
196	19 
197	6 
198	29 
199	25 
200	22 
201	11 
202	21 
203	1 
204	14 
205	24 
206	3 
207	14 
208	14 
209	11 
210	14 
211	12 
212	10 
213	21 
214	19 
215	16 
216	18 
217	27 
218	21 
219	25 
220	9 
221	24 
222	6 
223	24 
224	20 
225	17 
226	17 
227	25 
228	5 
229	24 
230	5 
231	1 
232	9 
233	2 
234	17 
235	7 
236	25 
237	9 
238	15 
239	17 
240	28 
241	16 
242	30 
243	13 
244	18 
245	25 
246	15 
247	20 
248	13 
249	23 
250	16 
251	14 
252	11 
253	22 
254	20 
255	26 
256	11 
257	10 
258	3 
259	18 
260	24 
261	16 
262	4 
263	2 
264	6 
265	12 
266	9 
267	28 
268	11 
269	20 
270	3 
271	16 
272	20 
273	30 
274	26 
275	22 
276	30 
277	20 
278	26 
279	20 
280	12 
281	13 
282	22 
283	26 
284	20 
285	20 
286	9 
287	9 
288	22 
289	18 
290	19 
291	14 
292	1 
293	16 
294	9 
295	14 
296	8 
297	21 
298	18 
299	23 
300	30 
301	20 
302	2 
303	9 
304	17 
305	14 
306	28 
307	1 
308	1 
309	20 
310	2 
311	18 
312	26 
313	20 
314	18 
315	16 
316	15 
317	27 
318	6 
319	7 
320	30 
321	15 
322	25 
323	20 
324	24 
325	8 
326	23 
327	15 
328	15 
329	23 
330	19 
331	2 
332	1 
333	26 
334	20 
335	18 
336	30 
337	2 
338	27 
339	24 
340	19 
341	18 
342	16 
343	24 
344	20 
345	12 
346	17 
347	11 
348	14 
349	10 
350	25 
351	30 
352	2 
353	9 
354	8 
355	7 
356	13 
357	24 
358	6 
359	25 
360	8 
361	8 
362	19 
363	7 
364	26 
365	13 
366	20 
367	2 
368	20 
369	4 
370	21 
371	12 
372	18 
373	14 
374	2 
375	27 
376	12 
377	19 
378	14 
379	19 
380	15 
381	14 
382	2 
383	22 
384	27 
385	12 
386	18 
387	28 
388	5 
389	10 
390	26 
391	5 
392	3 
393	16 
394	10 
395	16 
396	16 
397	25 
398	26 
399	12 
400	20 
401	6 
402	3 
403	22 
404	8 
405	17 
406	30 
407	24 
408	10 
409	17 
410	11 
411	19 
412	25 
413	12 
414	11 
415	16 
416	12 
417	4 
418	9 
419	11 
420	15 
421	18 
422	27 
423	10 
424	20 
425	5 
426	15 
427	1 
428	25 
429	7 
430	2 
431	27 
432	8 
433	28 
434	5 
435	7 
436	29 
437	25 
438	16 
439	2 
440	9 
441	7 
442	28 
443	15 
444	2 
445	11 
446	8 
447	30 
448	21 
449	7 
450	26 
451	27 
452	26 
453	21 
454	26 
455	10 
456	19 
457	5 
458	1 
459	21 
460	12 
461	18 
462	7 
463	25 
464	1 
465	10 
466	3 
467	5 
468	9 
469	3 
470	25 
471	6 
472	8 
473	20 
474	19 
475	25 
476	13 
477	23 
478	19 
479	5 
480	12 
481	11 
482	13 
483	15 
484	25 
485	3 
486	12 
487	6 
488	30 
489	28 
490	14 
491	9 
492	19 
493	21 
494	18 
495	23 
496	6 
497	4 
498	2 
499	25 
500	3 
501	10 
502	3 
503	19 
504	18 
505	28 
506	12 
507	5 
508	8 
509	7 
510	5 
511	13 
512	6 
513	18 
514	3 
515	9 
516	3 
517	14 
518	20 
519	13 
520	6 
521	29 
522	4 
523	12 
524	14 
525	18 
526	29 
527	20 
528	14 
529	21 
530	14 
531	8 
532	21 
533	11 
534	26 
535	28 
536	24 
537	28 
538	23 
539	18 
540	23 
541	4 
542	30 
543	25 
544	12 
545	23 
546	17 
547	8 
548	13 
549	22 
550	16 
551	26 
552	24 
553	19 
554	2 
555	20 
556	18 
557	27 
558	23 
559	5 
560	15 
561	23 
562	10 
563	14 
564	6 
565	29 
566	19 
567	28 
568	4 
569	14 
570	14 
571	17 
572	4 
573	4 
574	1 
575	2 
576	19 
577	20 
578	3 
579	17 
580	16 
581	29 
582	28 
583	20 
584	4 
585	29 
586	22 
587	23 
588	3 
589	7 
590	4 
591	14 
592	21 
593	23 
594	21 
595	27 
596	22 
597	17 
598	6 
599	13 
600	14 
601	25 
602	17 
603	4 
604	19 
605	10 
606	28 
607	10 
608	24 
609	12 
610	24 
611	17 
612	9 
613	28 
614	28 
615	27 
616	20 
617	13 
618	23 
619	18 
620	9 
621	9 
622	9 
623	3 
624	12 
625	26 
626	25 
627	6 
628	28 
629	2 
630	18 
631	14 
632	24 
633	16 
634	11 
635	2 
636	9 
637	14 
638	22 
639	21 
640	14 
641	6 
642	1 
643	5 
644	28 
645	21 
646	3 
647	24 
648	1 
649	20 
650	7 
651	24 
652	4 
653	30 
654	20 
655	11 
656	16 
657	14 
658	10 
659	9 
660	8 
661	26 
662	1 
663	4 
664	11 
665	2 
666	13 
667	19 
668	1 
669	13 
670	25 
671	14 
672	11 
673	14 
674	2 
675	16 
676	15 
677	29 
678	11 
679	11 
680	26 
681	7 
682	8 
683	22 
684	11 
685	6 
686	12 
687	21 
688	4 
689	8 
690	8 
691	20 
692	14 
693	21 
694	10 
695	24 
696	27 
697	27 
698	17 
699	28 
700	18 
701	18 
702	11 
703	4 
704	13 
705	14 
706	10 
707	4 
708	14 
709	25 
710	17 
711	20 
712	18 
713	19 
714	19 
715	21 
716	24 
717	13 
718	15 
719	2 
720	23 
721	17 
722	21 
723	19 
724	7 
725	10 
726	29 
727	25 
728	15 
729	15 
730	20 
731	13 
732	21 
733	1 
734	24 
735	15 
736	7 
737	11 
738	12 
739	2 
740	3 
741	26 
742	20 
743	16 
744	23 
745	15 
746	16 
747	30 
748	9 
749	15 
750	1 
751	3 
752	14 
753	18 
754	4 
755	23 
756	16 
757	28 
758	23 
759	22 
760	26 
761	22 
762	8 
763	1 
764	21 
765	15 
766	13 
767	24 
768	28 
769	4 
770	28 
771	27 
772	21 
773	19 
774	27 
775	13 
776	25 
777	20 
778	24 
779	2 
780	10 
781	30 
782	6 
783	21 
784	8 
785	5 
786	6 
787	2 
788	9 
789	4 
790	2 
791	16 
792	5 
793	2 
794	25 
795	14 
796	23 
797	30 
798	20 
799	19 
800	25 
801	15 
802	20 
803	20 
804	22 
805	30 
806	8 
807	6 
808	1 
809	8 
810	2 
811	29 
812	11 
813	8 
814	29 
815	29 
816	30 
817	19 
818	15 
819	17 
820	23 
821	21 
822	10 
823	21 
824	19 
825	5 
826	20 
827	23 
828	30 
829	30 
830	25 
831	18 
832	12 
833	20 
834	16 
835	3 
836	2 
837	25 
838	29 
839	15 
840	18 
841	11 
842	21 
843	9 
844	10 
845	20 
846	28 
847	17 
848	12 
849	29 
850	26 
851	11 
852	4 
853	3 
854	30 
855	24 
856	2 
857	10 
858	10 
859	19 
860	16 
861	9 
862	5 
863	25 
864	7 
865	30 
866	23 
867	5 
868	17 
869	9 
870	25 
871	17 
872	11 
873	15 
874	3 
875	12 
876	15 
877	8 
878	12 
879	16 
880	26 
881	4 
882	17 
883	21 
884	21 
885	8 
886	29 
887	28 
888	1 
889	3 
890	25 
891	4 
892	26 
893	20 
894	15 
895	8 
896	26 
897	14 
898	10 
899	5 
900	10 
901	22 
902	1 
903	24 
904	9 
905	8 
906	30 
907	22 
908	1 
909	1 
910	13 
911	6 
912	3 
913	20 
914	21 
915	30 
916	19 
917	26 
918	21 
919	8 
920	14 
921	28 
922	3 
923	19 
924	18 
925	14 
926	15 
927	30 
928	17 
929	12 
930	5 
931	14 
932	14 
933	7 
934	22 
935	14 
936	1 
937	23 
938	11 
939	9 
940	25 
941	6 
942	10 
943	26 
944	16 
945	15 
946	8 
947	20 
948	15 
949	24 
950	3 
951	3 
952	20 
953	11 
954	20 
955	12 
956	28 
957	27 
958	1 
959	19 
960	17 
961	21 
962	8 
963	6 
964	27 
965	17 
966	28 
967	8 
968	15 
969	26 
970	23 
971	27 
972	14 
973	24 
974	2 
975	13 
976	30 
977	12 
978	22 
979	27 
980	15 
981	26 
982	20 
983	5 
984	15 
985	18 
986	21 
987	19 
988	30 
989	17 
990	12 
991	3 
992	11 
993	10 
994	29 
995	21 
996	10 
997	16 
998	6 
999	9 
1000	9 
1001	30 
1002	22 
1003	25 
1004	28 
1005	14 
1006	5 
1007	29 
1008	2 
1009	24 
1010	20 
1011	18 
1012	25 
1013	16 
1014	21 
1015	6 
1016	28 
1017	9 
1018	24 
1019	27 
1020	19 
1021	4 
1022	30 
1023	9 
1024	22 
1025	16 
1026	26 
1027	6 
1028	15 
1029	20 
1030	4 
1031	3 
1032	15 
1033	30 
1034	5 
1035	29 
1036	19 
1037	3 
1038	14 
1039	5 
1040	10 
1041	3 
1042	21 
1043	23 
1044	6 
1045	19 
1046	13 
1047	1 
1048	15 
1049	19 
1050	20 
1051	23 
1052	12 
1053	17 
1054	16 
1055	3 
1056	20 
1057	4 
1058	28 
1059	16 
1060	19 
1061	2 
1062	20 
1063	10 
1064	4 
1065	7 
1066	7 
1067	2 
1068	14 
1069	7 
1070	20 
1071	10 
1072	21 
1073	27 
1074	15 
1075	12 
1076	12 
1077	15 
1078	7 
1079	24 
1080	16 
1081	20 
1082	11 
1083	25 
1084	7 
1085	29 
1086	11 
1087	24 
1088	3 
1089	1 
1090	13 
1091	29 
1092	21 
1093	14 
1094	10 
1095	9 
1096	8 
1097	26 
1098	20 
1099	14 
1100	11 
1101	2 
1102	2 
1103	30 
1104	20 
1105	1 
1106	24 
1107	24 
1108	13 
1109	15 
1110	26 
1111	29 
1112	17 
1113	12 
1114	8 
1115	22 
1116	13 
1117	13 
1118	12 
1119	1 
1120	2 
1121	21 
1122	22 
1123	9 
1124	14 
1125	21 
1126	2 
1127	24 
1128	21 
1129	15 
1130	20 
1131	5 
1132	16 
1133	11 
1134	16 
1135	28 
1136	17 
1137	13 
1138	20 
1139	11 
1140	9 
1141	19 
1142	5 
1143	14 
1144	20 
1145	21 
1146	26 
1147	20 
1148	17 
1149	18 
1150	20 
1151	21 
1152	3 
1153	9 
1154	28 
1155	11 
1156	9 
1157	12 
1158	28 
1159	10 
1160	15 
1161	24 
1162	7 
1163	24 
1164	29 
1165	7 
1166	2 
1167	24 
1168	30 
1169	29 
1170	23 
1171	29 
1172	24 
1173	17 
1174	24 
1175	11 
1176	6 
1177	16 
1178	7 
1179	20 
1180	30 
1181	28 
1182	11 
1183	19 
1184	2 
1185	9 
1186	8 
1187	8 
1188	23 
1189	23 
1190	3 
1191	24 
1192	2 
1193	4 
1194	20 
1195	6 
1196	3 
1197	9 
1198	29 
1199	5 
1200	4 
1201	7 
1202	5 
1203	30 
1204	1 
1205	16 
1206	23 
1207	6 
1208	15 
1209	1 
1210	21 
1211	24 
1212	6 
1213	27 
1214	2 
1215	11 
1216	2 
1217	25 
1218	22 
1219	26 
1220	22 
1221	5 
1222	3 
1223	19 
1224	20 
1225	8 
1226	30 
1227	7 
1228	4 
1229	27 
1230	24 
1231	3 
1232	9 
1233	18 
1234	2 
1235	30 
1236	24 
1237	24 
1238	9 
1239	29 
1240	20 
1241	1 
1242	25 
1243	3 
1244	5 
1245	8 
1246	9 
1247	6 
1248	28 
1249	8 
1250	29 
1251	10 
1252	12 
1253	10 
1254	29 
1255	20 
1256	18 
1257	18 
1258	19 
1259	10 
1260	29 
1261	24 
1262	25 
1263	7 
1264	7 
1265	9 
1266	5 
1267	21 
1268	1 
1269	6 
1270	5 
1271	13 
1272	15 
1273	16 
1274	13 
1275	18 
1276	8 
1277	6 
1278	24 
1279	12 
1280	20 
1281	14 
1282	23 
1283	30 
1284	11 
1285	17 
1286	23 
1287	26 
1288	30 
1289	28 
1290	11 
1291	28 
1292	2 
1293	6 
1294	12 
1295	26 
1296	18 
1297	1 
1298	23 
1299	3 
1300	19 
1301	23 
1302	4 
1303	12 
1304	24 
1305	7 
1306	14 
1307	3 
1308	6 
1309	11 
1310	20 
1311	8 
1312	23 
1313	10 
1314	26 
1315	14 
1316	9 
1317	21 
1318	16 
1319	3 
1320	9 
1321	9 
1322	9 
1323	30 
1324	11 
1325	15 
1326	10 
1327	16 
1328	6 
1329	24 
1330	20 
1331	14 
1332	26 
1333	15 
1334	6 
1335	14 
1336	11 
1337	20 
1338	20 
1339	17 
1340	10 
1341	25 
1342	17 
1343	9 
1344	19 
1345	21 
1346	21 
1347	12 
1348	14 
1349	8 
1350	21 
1351	21 
1352	20 
1353	17 
1354	2 
1355	28 
1356	25 
1357	6 
1358	28 
1359	15 
1360	19 
1361	9 
1362	11 
1363	14 
1364	12 
1365	9 
1366	9 
1367	21 
1368	9 
1369	21 
1370	16 
1371	26 
1372	8 
1373	21 
1374	25 
1375	6 
1376	12 
1377	19 
1378	15 
1379	6 
1380	3 
1381	15 
1382	3 
1383	14 
1384	9 
1385	3 
1386	3 
1387	14 
1388	12 
1389	16 
1390	9 
1391	10 
1392	12 
1393	12 
1394	2 
1395	8 
1396	10 
1397	10 
1398	24 
1399	8 
1400	20 
1401	2 
1402	10 
1403	12 
1404	10 
1405	21 
1406	2 
1407	8 
1408	10 
1409	19 
1410	12 
1411	3 
1412	20 
1413	12 
1414	16 
1415	16 
1416	21 
1417	15 
1418	8 
1419	19 
1420	9 
1421	16 
1422	14 
1423	25 
1424	21 
1425	21 
1426	12 
1427	25 
1428	12 
1429	19 
1430	20 
1431	3 
1432	19 
1433	24 
1434	10 
1435	14 
1436	3 
1437	12 
1438	10 
1439	3 
1440	19 
1441	15 
1442	2 
1443	24 
1444	2 
1445	14 
1446	12 
1447	21 
1448	14 
1449	24 
1450	9 
1451	15 
1452	3 
1453	19 
1454	3 
1455	21 
1456	14 
1457	15 
1458	21 
1459	9 
1460	20 
1461	20 
1462	21 
1463	12 
1464	14 
1465	19 
1466	15 
1467	12 
1468	15 
1469	12 
1470	19 
1471	15 
1472	14 
1473	19 
1474	19 
1475	24 
1476	21 
1477	19 
1478	15 
1479	21 
1480	21 
1481	24 
1482	21 
1483	15 
1484	21 
1485	14 
1486	19 
1487	15 
1488	20 
1489	14 
1490	21 
1491	20 
1492	14 
1493	20 
1494	15 
1495	20 
1496	20 
1497	14 
1498	14 
1499	15 
1500	15 
