1	263
1	413
1	421
1	427
1	440
2	23
2	417
2	424
2	437
2	439
3	471
3	482
3	483
3	492
3	496
4	16
4	253
4	378
4	399
4	409
5	415
5	452
5	459
5	465
5	481
6	143
6	174
6	181
6	226
6	279
7	58
7	236
7	304
7	321
7	324
8	115
8	284
8	306
8	333
8	393
9	475
9	480
9	482
9	483
9	492
10	468
10	475
10	480
10	483
10	492
11	65
11	195
11	248
11	271
11	278
12	63
12	239
12	302
12	347
12	478
13	311
13	364
13	373
13	387
13	428
14	396
14	434
14	438
14	461
14	467
15	244
15	284
15	333
15	338
15	393
16	4
16	251
16	382
16	399
16	409
17	101
17	286
17	335
17	354
17	397
18	422
18	424
18	437
18	439
18	477
19	270
19	275
19	385
19	396
19	465
20	386
20	411
20	431
20	433
20	444
21	126
21	301
21	309
21	354
21	397
22	367
22	389
22	403
22	408
22	416
23	2
23	227
23	358
23	380
23	420
24	310
24	363
24	391
24	398
24	419
25	157
25	378
25	382
25	399
25	409
26	246
26	297
26	308
26	340
26	404
27	82
27	197
27	386
27	431
27	444
28	189
28	248
28	278
28	300
28	352
29	278
29	303
29	307
29	322
29	334
30	134
30	267
30	296
30	317
30	341
31	461
31	473
31	476
31	491
31	500
32	228
32	313
32	337
32	412
32	427
33	112
33	178
33	328
33	366
33	372
34	415
34	416
34	436
34	459
34	481
35	270
35	271
35	275
35	385
35	396
36	272
36	484
36	489
36	493
36	494
37	478
37	484
37	493
37	494
37	495
38	417
38	422
38	424
38	437
38	439
39	120
39	488
39	497
39	498
39	499
40	213
40	236
40	304
40	321
40	324
41	311
41	378
41	382
41	399
41	409
42	337
42	478
42	489
42	494
42	495
43	49
43	239
43	302
43	344
43	348
44	48
44	235
44	382
44	399
44	409
45	113
45	374
45	375
45	394
45	406
46	261
46	297
46	308
46	340
46	404
47	377
47	451
47	464
47	487
47	491
48	44
48	355
48	411
48	431
48	444
49	43
49	84
49	302
49	347
49	348
50	270
50	274
50	342
50	385
50	396
51	121
51	215
51	249
51	329
51	346
52	122
52	249
52	256
52	329
52	346
53	413
53	486
53	488
53	497
53	498
54	266
54	293
54	310
54	363
54	398
55	113
55	387
55	402
55	413
55	428
56	232
56	267
56	296
56	341
56	489
57	85
57	456
57	459
57	469
57	481
58	7
58	124
58	281
58	321
58	324
59	337
59	365
59	383
59	395
59	412
60	488
60	490
60	497
60	498
60	499
61	70
61	147
61	260
61	331
61	344
62	315
62	417
62	424
62	437
62	439
63	12
63	243
63	302
63	347
63	348
64	450
64	454
64	461
64	467
64	472
65	11
65	271
65	278
65	300
65	488
66	484
66	489
66	493
66	494
66	495
67	274
67	275
67	342
67	385
67	396
68	316
68	339
68	358
68	380
68	420
69	123
69	284
69	333
69	338
69	393
70	61
70	128
70	147
70	269
70	344
71	137
71	232
71	296
71	317
71	341
72	352
72	367
72	389
72	403
72	408
73	192
73	471
73	475
73	480
73	492
74	365
74	395
74	413
74	421
74	440
75	276
75	378
75	399
75	409
75	480
76	180
76	181
76	226
76	279
76	433
77	80
77	476
77	491
77	496
77	500
78	377
78	386
78	411
78	433
78	483
79	256
79	489
79	493
79	494
79	495
80	77
80	91
80	198
80	289
80	376
81	139
81	342
81	361
81	385
81	396
82	27
82	197
82	386
82	433
82	444
83	417
83	422
83	424
83	437
83	439
84	49
84	172
84	243
84	347
84	348
85	57
85	477
85	490
85	497
85	499
86	162
86	191
86	294
86	323
86	350
87	484
87	489
87	493
87	494
87	495
88	102
88	181
88	194
88	226
88	279
89	436
89	459
89	465
89	469
89	481
90	242
90	484
90	493
90	494
90	495
91	80
91	130
91	294
91	350
91	376
92	246
92	386
92	411
92	433
92	444
93	471
93	475
93	480
93	482
93	492
94	486
94	490
94	497
94	498
94	499
95	223
95	261
95	295
95	340
95	404
96	239
96	243
96	334
96	347
96	348
97	105
97	260
97	331
97	344
97	379
98	238
98	245
98	263
98	264
98	272
99	452
99	465
99	469
99	481
99	486
100	122
100	247
100	256
100	329
100	346
101	17
101	286
101	354
101	397
101	499
102	88
102	143
102	194
102	226
102	279
103	223
103	233
103	261
103	295
103	404
104	259
104	310
104	363
104	391
104	398
105	97
105	157
105	269
105	331
105	344
106	477
106	490
106	497
106	498
106	499
107	352
107	389
107	390
107	403
107	408
108	446
108	478
108	489
108	494
108	495
109	140
109	303
109	307
109	322
109	334
110	292
110	352
110	389
110	403
110	408
111	206
111	304
111	321
111	324
111	367
112	33
112	328
112	343
112	366
112	369
112	470
113	45
113	55
113	299
113	373
113	402
113	428
114	478
114	484
114	489
114	493
114	494
114	495
115	8
115	220
115	240
115	306
115	338
115	393
116	477
116	488
116	490
116	497
116	498
116	499
117	292
117	352
117	389
117	403
117	407
117	408
118	429
118	434
118	438
118	450
118	454
118	461
119	266
119	315
119	330
119	363
119	391
119	398
120	39
120	239
120	243
120	302
120	347
120	348
121	51
121	247
121	249
121	256
121	329
121	346
122	52
122	100
122	247
122	295
122	329
122	346
123	69
123	240
123	306
123	338
123	393
123	491
124	58
124	213
124	233
124	236
124	304
124	324
125	140
125	193
125	303
125	307
125	322
125	334
126	21
126	301
126	309
126	315
126	354
126	397
127	415
127	452
127	456
127	465
127	469
127	481
128	70
128	132
128	260
128	331
128	344
128	437
129	207
129	267
129	296
129	317
129	341
129	440
130	91
130	198
130	294
130	336
130	376
130	445
131	318
131	375
131	379
131	388
131	394
131	406
132	128
132	157
132	269
132	331
132	344
132	357
133	392
133	434
133	438
133	454
133	461
133	467
134	30
134	207
134	267
134	317
134	341
134	377
135	196
135	328
135	343
135	366
135	369
135	372
136	188
136	471
136	480
136	482
136	483
136	492
137	71
137	208
137	238
137	264
137	272
137	273
138	240
138	306
138	333
138	338
138	393
138	498
139	81
139	203
139	274
139	342
139	385
139	396
140	109
140	125
140	204
140	288
140	307
140	322
141	218
141	452
141	456
141	459
141	469
141	481
142	252
142	292
142	367
142	389
142	403
142	408
143	6
143	102
143	180
143	194
143	279
143	305
144	234
144	242
144	382
144	399
144	409
144	415
145	191
145	206
145	213
145	304
145	321
145	324
146	290
146	374
146	379
146	388
146	394
146	406
147	61
147	70
147	260
147	269
147	331
147	344
148	476
148	484
148	489
148	493
148	494
148	495
149	196
149	343
149	366
149	369
149	372
149	471
150	436
150	452
150	456
150	465
150	469
150	481
151	228
151	355
151	377
151	431
151	433
151	444
152	285
152	311
152	361
152	390
152	428
152	442
153	365
153	371
153	395
153	421
153	427
153	440
154	265
154	334
154	355
154	377
154	431
154	444
155	369
155	473
155	487
155	491
155	496
155	500
156	189
156	195
156	248
156	271
156	278
156	300
157	25
157	105
157	132
157	269
157	331
157	344
158	451
158	463
158	473
158	491
158	496
158	500
159	250
159	291
159	326
159	339
159	379
159	420
160	224
160	293
160	305
160	363
160	391
160	398
161	164
161	316
161	328
161	358
161	380
161	420
162	86
162	198
162	289
162	323
162	336
162	350
163	365
163	383
163	397
163	413
163	421
163	440
164	161
164	326
164	358
164	380
164	420
164	474
165	270
165	274
165	342
165	385
165	396
165	500
166	417
166	422
166	424
166	437
166	439
166	457
167	229
167	352
167	367
167	389
167	403
167	408
168	199
168	206
168	261
168	295
168	340
168	404
169	208
169	245
169	263
169	264
169	272
169	273
170	182
170	286
170	315
170	335
170	354
170	397
171	177
171	257
171	323
171	350
171	376
171	464
172	84
172	239
172	302
172	347
172	348
172	495
173	459
173	475
173	480
173	482
173	483
173	492
174	6
174	328
174	343
174	366
174	369
174	372
175	383
175	395
175	412
175	421
175	427
175	440
176	318
176	349
176	374
176	379
176	388
176	406
177	171
177	257
177	294
177	323
177	336
177	376
178	33
178	209
178	253
178	343
178	366
178	369
179	468
179	471
179	475
179	480
179	482
179	483
179	492
180	76
180	143
180	181
180	194
180	226
180	279
180	312
181	6
181	76
181	88
181	180
181	194
181	226
181	294
182	170
182	230
182	266
182	293
182	305
182	310
182	330
183	285
183	361
183	387
183	390
183	393
183	402
183	428
184	277
184	291
184	316
184	326
184	339
184	358
184	420
185	337
185	404
185	412
185	413
185	421
185	427
185	440
186	318
186	374
186	375
186	379
186	388
186	394
186	406
187	385
187	471
187	475
187	480
187	482
187	483
187	492
188	136
188	449
188	451
188	464
188	491
188	496
188	500
189	28
189	156
189	195
189	248
189	271
189	278
189	300
190	449
190	463
190	476
190	487
190	491
190	496
190	500
191	86
191	145
191	289
191	323
191	336
191	350
191	376
192	73
192	313
192	383
192	412
192	413
192	427
192	440
193	125
193	254
193	288
193	303
193	320
193	322
193	334
194	88
194	102
194	143
194	180
194	181
194	226
194	279
195	11
195	156
195	189
195	248
195	271
195	278
195	300
196	135
196	149
196	253
196	328
196	343
196	369
196	372
197	27
197	82
197	411
197	431
197	433
197	441
197	444
198	80
198	130
198	162
198	257
198	336
198	350
198	376
199	168
199	223
199	246
199	261
199	308
199	404
199	432
200	275
200	471
200	475
200	480
200	482
200	483
200	492
201	374
201	375
201	379
201	388
201	394
201	406
201	485
202	416
202	436
202	456
202	464
202	465
202	469
202	481
203	139
203	270
203	274
203	275
203	342
203	385
203	396
204	140
204	254
204	288
204	303
204	307
204	322
204	334
205	436
205	452
205	456
205	459
205	465
205	469
205	481
206	111
206	145
206	168
206	213
206	236
206	321
206	324
207	129
207	134
207	222
207	232
207	284
207	317
207	341
208	137
208	169
208	263
208	264
208	272
208	273
208	487
209	178
209	328
209	343
209	366
209	369
209	372
209	383
210	235
210	242
210	329
210	378
210	382
210	399
210	409
211	355
211	377
211	393
211	411
211	431
211	433
211	444
212	477
212	486
212	488
212	490
212	497
212	498
212	499
213	40
213	124
213	145
213	206
213	304
213	321
213	491
214	429
214	432
214	438
214	450
214	454
214	461
214	467
215	51
215	247
215	249
215	256
215	329
215	346
215	460
216	415
216	452
216	456
216	459
216	465
216	469
216	481
217	477
217	486
217	488
217	490
217	497
217	498
217	499
218	141
218	268
218	374
218	375
218	388
218	394
218	406
219	301
219	309
219	315
219	335
219	349
219	354
219	397
220	115
220	244
220	284
220	306
220	338
220	393
220	500
221	301
221	309
221	315
221	335
221	354
221	397
221	421
222	207
222	232
222	267
222	296
222	317
222	324
222	341
223	95
223	103
223	199
223	233
223	261
223	308
223	404
224	160
224	230
224	293
224	305
224	310
224	391
224	398
224	474
225	361
225	364
225	373
225	387
225	390
225	402
225	428
225	483
226	6
226	76
226	88
226	102
226	180
226	181
226	194
226	279
227	23
227	250
227	293
227	316
227	326
227	358
227	380
227	420
228	32
228	151
228	395
228	412
228	413
228	421
228	427
228	440
229	167
229	252
229	352
229	367
229	389
229	403
229	408
229	452
230	182
230	224
230	259
230	305
230	310
230	382
230	391
230	398
231	401
231	414
231	417
231	422
231	424
231	437
231	439
231	453
232	56
232	71
232	207
232	222
232	267
232	296
232	317
232	341
233	103
233	124
233	223
233	295
233	297
233	308
233	340
233	404
234	144
234	242
234	276
234	375
234	378
234	382
234	399
234	409
235	44
235	210
235	276
235	378
235	382
235	399
235	409
235	490
236	7
236	40
236	124
236	206
236	304
236	321
236	324
236	425
237	424
237	429
237	434
237	438
237	450
237	454
237	461
237	467
238	98
238	137
238	245
238	263
238	264
238	272
238	273
238	312
239	12
239	43
239	96
239	120
239	172
239	347
239	348
239	434
240	115
240	123
240	138
240	244
240	284
240	333
240	393
240	438
241	265
241	282
241	355
241	377
241	411
241	431
241	433
241	444
242	90
242	144
242	210
242	234
242	276
242	378
242	399
242	409
243	63
243	84
243	96
243	120
243	302
243	347
243	348
243	402
244	15
244	220
244	240
244	306
244	333
244	338
244	393
244	456
245	98
245	169
245	238
245	263
245	264
245	272
245	273
245	445
246	26
246	92
246	199
246	261
246	295
246	297
246	340
246	404
247	100
247	121
247	122
247	215
247	249
247	256
247	329
247	346
248	11
248	28
248	156
248	189
248	195
248	271
248	300
248	306
249	51
249	52
249	121
249	215
249	247
249	301
249	329
249	346
250	159
250	227
250	277
250	316
250	339
250	380
250	410
250	420
251	16
251	299
251	364
251	373
251	387
251	390
251	402
251	428
252	142
252	229
252	292
252	367
252	389
252	403
252	408
252	437
253	4
253	178
253	196
253	328
253	343
253	366
253	369
253	372
254	193
254	204
254	288
254	303
254	307
254	321
254	322
254	334
255	423
255	436
255	452
255	456
255	459
255	465
255	469
255	481
256	52
256	79
256	100
256	121
256	215
256	247
256	329
256	346
257	171
257	177
257	198
257	323
257	336
257	350
257	376
257	428
258	384
258	429
258	434
258	450
258	454
258	461
258	467
258	468
259	104
259	230
259	266
259	305
259	330
259	363
259	391
259	398
260	61
260	97
260	128
260	147
260	269
260	331
260	344
260	448
261	46
261	95
261	103
261	168
261	199
261	223
261	246
261	297
261	404
262	457
262	460
262	468
262	471
262	475
262	480
262	482
262	483
262	492
263	1
263	98
263	169
263	208
263	238
263	245
263	264
263	272
263	273
264	98
264	137
264	169
264	208
264	238
264	245
264	263
264	273
264	420
265	154
265	241
265	355
265	386
265	411
265	418
265	431
265	433
265	444
266	54
266	119
266	182
266	259
266	293
266	330
266	363
266	389
266	398
267	30
267	56
267	129
267	134
267	222
267	232
267	296
267	317
267	341
268	218
268	318
268	351
268	374
268	375
268	379
268	388
268	394
268	406
269	70
269	105
269	132
269	147
269	157
269	260
269	331
269	344
269	449
270	19
270	35
270	50
270	165
270	203
270	275
270	342
270	385
270	396
271	11
271	35
271	65
271	156
271	189
271	195
271	248
271	278
271	300
272	36
272	98
272	137
272	169
272	208
272	238
272	245
272	263
272	273
273	137
273	169
273	208
273	238
273	245
273	263
273	264
273	272
273	285
274	50
274	67
274	139
274	165
274	203
274	342
274	385
274	396
274	481
275	19
275	35
275	67
275	200
275	203
275	270
275	342
275	385
275	396
276	75
276	234
276	235
276	242
276	314
276	378
276	382
276	399
276	409
277	184
277	250
277	291
277	316
277	326
277	339
277	358
277	380
277	420
278	11
278	28
278	29
278	65
278	156
278	189
278	195
278	271
278	300
279	6
279	76
279	88
279	102
279	143
279	180
279	194
279	226
279	472
280	370
280	400
280	451
280	464
280	470
280	487
280	491
280	496
280	500
281	58
281	384
281	392
281	429
281	438
281	450
281	454
281	461
281	467
282	241
282	339
282	355
282	377
282	386
282	411
282	431
282	433
282	444
283	369
283	441
283	443
283	463
283	464
283	473
283	487
283	496
283	500
284	8
284	15
284	69
284	207
284	220
284	240
284	333
284	338
284	393
285	152
285	183
285	273
285	361
285	364
285	373
285	390
285	402
285	428
286	17
286	101
286	170
286	302
286	309
286	315
286	335
286	354
286	397
287	470
287	474
287	478
287	479
287	484
287	489
287	493
287	494
287	495
288	140
288	193
288	204
288	254
288	303
288	307
288	322
288	334
288	454
289	80
289	162
289	191
289	294
289	323
289	336
289	350
289	376
289	383
290	146
290	405
290	464
290	473
290	476
290	487
290	491
290	496
290	500
291	159
291	184
291	277
291	316
291	326
291	343
291	358
291	380
291	420
292	110
292	117
292	142
292	252
292	331
292	352
292	367
292	389
292	403
292	408
293	54
293	160
293	182
293	224
293	227
293	266
293	305
293	330
293	391
293	398
294	86
294	91
294	130
294	177
294	181
294	289
294	323
294	336
294	350
294	376
295	95
295	103
295	122
295	168
295	233
295	246
295	297
295	308
295	340
295	404
296	30
296	56
296	71
296	129
296	222
296	232
296	267
296	317
296	341
296	387
297	26
297	46
297	233
297	246
297	261
297	295
297	308
297	316
297	340
297	404
298	415
298	416
298	436
298	452
298	456
298	459
298	465
298	469
298	481
298	486
299	113
299	251
299	311
299	346
299	364
299	373
299	387
299	390
299	402
299	428
300	28
300	65
300	156
300	189
300	195
300	248
300	271
300	278
300	408
300	461
301	21
301	126
301	219
301	221
301	249
301	309
301	315
301	335
301	354
301	397
302	12
302	43
302	49
302	63
302	120
302	172
302	243
302	286
302	347
302	348
303	29
303	109
303	125
303	193
303	204
303	254
303	288
303	322
303	334
303	354
304	7
304	40
304	111
304	124
304	145
304	213
304	236
304	321
304	324
304	498
305	143
305	160
305	182
305	224
305	230
305	259
305	293
305	330
305	363
305	391
306	8
306	115
306	123
306	138
306	220
306	244
306	248
306	333
306	338
306	393
307	29
307	109
307	125
307	140
307	204
307	254
307	288
307	322
307	334
307	359
308	26
308	46
308	199
308	223
308	233
308	295
308	297
308	340
308	404
308	431
309	21
309	126
309	219
309	221
309	286
309	301
309	315
309	335
309	336
309	354
309	397
310	24
310	54
310	104
310	182
310	224
310	230
310	330
310	363
310	391
310	398
310	406
311	13
311	41
311	152
311	299
311	361
311	364
311	373
311	387
311	390
311	402
311	428
312	180
312	238
312	415
312	416
312	436
312	452
312	456
312	459
312	465
312	469
312	481
313	32
313	192
313	337
313	383
313	395
313	412
313	413
313	421
313	427
313	440
313	443
314	276
314	457
314	466
314	477
314	485
314	486
314	488
314	490
314	497
314	498
314	499
315	62
315	119
315	126
315	170
315	219
315	221
315	286
315	301
315	309
315	335
315	397
316	68
316	161
316	184
316	227
316	250
316	277
316	291
316	297
316	339
316	380
316	420
317	30
317	71
317	129
317	134
317	207
317	222
317	232
317	267
317	296
317	341
317	482
318	131
318	176
318	186
318	268
318	374
318	375
318	378
318	379
318	388
318	394
318	406
319	327
319	362
319	381
319	401
319	403
319	414
319	417
319	422
319	424
319	437
319	439
320	193
320	359
320	368
320	384
320	429
320	434
320	438
320	450
320	454
320	461
320	467
321	7
321	40
321	58
321	111
321	145
321	206
321	213
321	236
321	254
321	304
321	324
322	29
322	109
322	125
322	140
322	193
322	204
322	254
322	288
322	303
322	307
322	334
323	86
323	162
323	171
323	177
323	191
323	257
323	289
323	294
323	336
323	376
323	458
324	7
324	40
324	58
324	111
324	124
324	145
324	206
324	222
324	236
324	304
324	321
325	359
325	368
325	384
325	392
325	399
325	434
325	438
325	450
325	454
325	461
325	467
326	159
326	164
326	184
326	227
326	277
326	291
326	339
326	358
326	380
326	420
326	430
327	319
327	362
327	381
327	386
327	401
327	414
327	417
327	422
327	424
327	437
327	439
328	33
328	112
328	135
328	161
328	174
328	196
328	209
328	253
328	366
328	369
328	372
329	51
329	52
329	100
329	121
329	122
329	210
329	215
329	247
329	249
329	256
329	346
330	119
330	182
330	259
330	266
330	293
330	305
330	310
330	363
330	391
330	398
330	475
331	61
331	97
331	105
331	128
331	132
331	147
331	157
331	260
331	269
331	292
331	344
332	457
332	466
332	477
332	485
332	486
332	488
332	489
332	490
332	497
332	498
332	499
333	8
333	15
333	69
333	138
333	240
333	244
333	284
333	306
333	338
333	393
333	417
334	29
334	96
334	109
334	125
334	154
334	193
334	204
334	254
334	288
334	303
334	307
334	322
335	17
335	170
335	219
335	221
335	286
335	301
335	309
335	315
335	354
335	397
335	408
335	477
336	130
336	162
336	177
336	191
336	198
336	257
336	289
336	294
336	309
336	323
336	350
336	376
337	32
337	42
337	59
337	185
337	313
337	367
337	395
337	412
337	413
337	421
337	427
337	440
338	15
338	69
338	115
338	123
338	138
338	220
338	244
338	284
338	306
338	333
338	388
338	393
339	68
339	159
339	184
339	250
339	277
339	282
339	316
339	326
339	358
339	380
339	414
339	420
340	26
340	46
340	95
340	168
340	233
340	246
340	295
340	297
340	308
340	404
340	450
340	455
341	30
341	56
341	71
341	129
341	134
341	207
341	222
341	232
341	267
341	296
341	317
341	441
342	50
342	67
342	81
342	139
342	165
342	203
342	270
342	274
342	275
342	385
342	396
342	403
343	112
343	135
343	149
343	174
343	178
343	196
343	209
343	253
343	291
343	366
343	369
343	372
344	43
344	61
344	70
344	97
344	105
344	128
344	132
344	147
344	157
344	260
344	269
344	331
345	397
345	435
345	446
345	455
345	460
345	468
345	471
345	475
345	480
345	482
345	483
345	492
346	51
346	52
346	100
346	121
346	122
346	215
346	247
346	249
346	256
346	299
346	329
346	347
347	12
347	49
347	63
347	84
347	96
347	120
347	172
347	239
347	243
347	302
347	346
347	348
348	43
348	49
348	63
348	84
348	96
348	120
348	172
348	239
348	243
348	302
348	347
348	411
349	176
349	219
349	400
349	426
349	442
349	443
349	451
349	463
349	473
349	476
349	487
349	496
349	500
350	86
350	91
350	162
350	171
350	191
350	198
350	257
350	289
350	294
350	336
350	376
350	391
350	407
351	268
351	453
351	462
351	470
351	472
351	474
351	478
351	479
351	484
351	489
351	493
351	494
351	495
352	28
352	72
352	107
352	110
352	117
352	167
352	229
352	292
352	367
352	389
352	403
352	408
352	415
353	430
353	435
353	446
353	451
353	455
353	460
353	468
353	471
353	475
353	480
353	482
353	483
353	492
354	17
354	21
354	101
354	126
354	170
354	219
354	221
354	286
354	301
354	303
354	309
354	335
354	397
355	48
355	151
355	154
355	211
355	241
355	265
355	282
355	377
355	386
355	411
355	431
355	433
355	444
356	398
356	415
356	416
356	436
356	452
356	455
356	456
356	459
356	465
356	469
356	481
357	132
357	447
357	457
357	458
357	466
357	477
357	485
357	486
357	488
357	490
357	497
357	498
357	499
358	23
358	68
358	161
358	164
358	184
358	227
358	277
358	291
358	326
358	339
358	380
358	420
358	485
359	307
359	320
359	325
359	368
359	384
359	392
359	429
359	434
359	438
359	450
359	454
359	461
359	467
360	364
360	447
360	457
360	458
360	466
360	477
360	485
360	486
360	488
360	490
360	497
360	498
360	499
361	81
361	152
361	183
361	225
361	285
361	311
361	364
361	373
361	387
361	390
361	402
361	405
361	428
362	319
362	327
362	381
362	401
362	414
362	417
362	422
362	424
362	437
362	439
362	488
363	24
363	54
363	104
363	119
363	160
363	259
363	266
363	305
363	310
363	330
363	391
363	398
363	433
364	13
364	225
364	251
364	285
364	299
364	311
364	360
364	361
364	373
364	387
364	390
364	402
364	428
365	59
365	74
365	153
365	163
365	383
365	395
365	401
365	412
365	413
365	421
365	427
365	440
365	459
366	33
366	112
366	135
366	149
366	174
366	178
366	209
366	253
366	328
366	343
366	369
366	372
366	401
367	22
367	72
367	111
367	142
367	167
367	229
367	252
367	292
367	337
367	352
367	389
367	403
367	408
368	320
368	325
368	359
368	384
368	392
368	394
368	429
368	434
368	438
368	450
368	454
368	461
368	467
369	112
369	135
369	149
369	155
369	174
369	178
369	196
369	209
369	253
369	283
369	328
369	343
369	366
369	372
370	280
370	378
370	405
370	442
370	443
370	449
370	451
370	463
370	464
370	476
370	487
370	491
370	496
370	500
371	153
371	432
371	447
371	457
371	458
371	466
371	477
371	485
371	486
371	488
371	490
371	497
371	498
371	499
372	33
372	135
372	149
372	174
372	196
372	209
372	253
372	328
372	343
372	366
372	369
372	443
372	482
372	494
373	13
373	113
373	225
373	251
373	285
373	299
373	311
373	361
373	364
373	387
373	390
373	402
373	428
373	454
374	45
374	146
374	176
374	186
374	201
374	218
374	268
374	318
374	375
374	379
374	388
374	394
374	406
374	490
375	45
375	131
375	186
375	201
375	218
375	234
375	268
375	318
375	374
375	379
375	388
375	394
375	406
375	467
376	80
376	91
376	130
376	171
376	177
376	191
376	198
376	257
376	289
376	294
376	323
376	336
376	350
376	476
377	47
377	78
377	134
377	151
377	154
377	211
377	241
377	282
377	355
377	386
377	411
377	431
377	433
377	444
378	4
378	25
378	41
378	75
378	210
378	234
378	235
378	242
378	276
378	318
378	370
378	382
378	399
378	409
379	97
379	131
379	146
379	159
379	176
379	186
379	201
379	268
379	318
379	374
379	375
379	388
379	394
379	406
380	23
380	68
380	161
380	164
380	227
380	250
380	277
380	291
380	316
380	326
380	339
380	358
380	420
380	422
381	319
381	327
381	362
381	400
381	401
381	414
381	417
381	422
381	424
381	437
381	439
381	476
382	16
382	25
382	41
382	44
382	144
382	210
382	230
382	234
382	235
382	276
382	378
382	399
382	409
382	444
383	59
383	163
383	175
383	192
383	209
383	289
383	313
383	365
383	395
383	412
383	413
383	421
383	427
383	440
384	258
384	281
384	320
384	325
384	359
384	368
384	392
384	429
384	434
384	438
384	450
384	454
384	461
384	462
384	467
385	19
385	35
385	50
385	67
385	81
385	139
385	165
385	187
385	203
385	270
385	274
385	275
385	342
385	396
385	466
386	20
386	27
386	78
386	82
386	92
386	265
386	282
386	327
386	355
386	377
386	411
386	431
386	433
386	444
386	447
387	13
387	55
387	183
387	225
387	251
387	296
387	299
387	311
387	361
387	364
387	373
387	390
387	402
387	428
387	479
388	131
388	146
388	176
388	186
388	201
388	218
388	268
388	318
388	338
388	374
388	375
388	379
388	394
388	406
388	412
389	22
389	72
389	107
389	110
389	117
389	142
389	167
389	229
389	252
389	266
389	292
389	352
389	367
389	403
389	408
390	107
390	152
390	183
390	225
390	251
390	285
390	299
390	311
390	361
390	364
390	373
390	387
390	402
390	428
390	481
391	24
391	104
391	119
391	160
391	224
391	230
391	259
391	293
391	305
391	310
391	330
391	350
391	363
391	398
391	416
392	133
392	281
392	325
392	359
392	368
392	384
392	429
392	434
392	435
392	438
392	450
392	454
392	461
392	467
392	494
393	8
393	15
393	69
393	115
393	123
393	138
393	183
393	211
393	220
393	240
393	244
393	284
393	306
393	333
393	338
394	45
394	131
394	146
394	186
394	201
394	218
394	268
394	318
394	368
394	374
394	375
394	379
394	388
394	406
394	487
395	59
395	74
395	153
395	175
395	228
395	313
395	337
395	365
395	383
395	412
395	413
395	421
395	427
395	440
395	499
396	14
396	19
396	35
396	50
396	67
396	81
396	139
396	165
396	203
396	270
396	274
396	275
396	342
396	385
396	429
397	17
397	21
397	101
397	126
397	163
397	170
397	219
397	221
397	286
397	301
397	309
397	315
397	335
397	345
397	354
398	24
398	54
398	104
398	119
398	160
398	224
398	230
398	259
398	266
398	293
398	310
398	330
398	356
398	363
398	391
399	4
399	16
399	25
399	41
399	44
399	75
399	144
399	210
399	234
399	235
399	242
399	276
399	325
399	378
399	382
399	409
400	280
400	349
400	381
400	405
400	423
400	426
400	441
400	442
400	449
400	451
400	464
400	473
400	476
400	487
400	496
400	500
401	231
401	319
401	327
401	362
401	365
401	366
401	381
401	414
401	417
401	422
401	424
401	437
401	439
402	55
402	113
402	183
402	225
402	243
402	251
402	285
402	299
402	311
402	361
402	364
402	373
402	387
402	390
402	428
402	480
403	22
403	72
403	107
403	110
403	117
403	142
403	167
403	229
403	252
403	292
403	319
403	342
403	352
403	367
403	389
403	408
404	26
404	46
404	95
404	103
404	168
404	185
404	199
404	223
404	233
404	246
404	261
404	295
404	297
404	308
404	340
404	455
405	290
405	361
405	370
405	400
405	423
405	426
405	441
405	443
405	449
405	463
405	473
405	476
405	487
405	491
405	496
405	500
406	45
406	131
406	146
406	176
406	186
406	201
406	218
406	268
406	310
406	318
406	374
406	375
406	379
406	388
406	394
406	492
407	117
407	350
407	430
407	435
407	446
407	455
407	460
407	468
407	471
407	475
407	480
407	482
407	483
407	492
408	22
408	72
408	107
408	110
408	117
408	142
408	167
408	229
408	252
408	292
408	300
408	335
408	352
408	367
408	389
408	403
409	4
409	16
409	25
409	41
409	44
409	75
409	144
409	210
409	234
409	235
409	242
409	276
409	378
409	382
409	399
409	462
410	250
410	419
410	432
410	447
410	457
410	458
410	466
410	477
410	485
410	486
410	488
410	490
410	497
410	498
410	499
411	20
411	48
411	78
411	92
411	197
411	211
411	241
411	265
411	282
411	348
411	355
411	377
411	386
411	431
411	433
411	442
411	444
412	32
412	59
412	175
412	185
412	192
412	228
412	313
412	337
412	365
412	383
412	388
412	395
412	413
412	421
412	427
412	440
412	472
413	1
413	53
413	55
413	74
413	163
413	185
413	192
413	228
413	313
413	337
413	365
413	383
413	395
413	412
413	421
413	427
413	440
414	231
414	319
414	327
414	339
414	362
414	381
414	401
414	417
414	422
414	424
414	437
414	439
414	497
415	5
415	34
415	127
415	144
415	216
415	298
415	312
415	352
415	356
415	416
415	436
415	452
415	456
415	459
415	465
415	469
415	481
416	22
416	34
416	202
416	298
416	312
416	356
416	391
416	415
416	436
416	452
416	456
416	459
416	465
416	469
416	481
417	2
417	38
417	62
417	83
417	166
417	231
417	319
417	327
417	333
417	362
417	381
417	401
417	414
417	422
417	424
417	437
417	439
418	265
418	425
418	445
418	448
418	453
418	462
418	470
418	472
418	474
418	478
418	479
418	484
418	489
418	493
418	494
418	495
419	24
419	410
419	432
419	447
419	457
419	458
419	466
419	477
419	485
419	486
419	488
419	490
419	497
419	498
419	499
420	23
420	68
420	159
420	161
420	164
420	184
420	227
420	250
420	264
420	277
420	291
420	316
420	326
420	339
420	358
420	380
420	451
421	1
421	74
421	153
421	163
421	175
421	185
421	221
421	228
421	313
421	337
421	365
421	383
421	395
421	412
421	413
421	427
421	440
421	474
422	18
422	38
422	83
422	166
422	231
422	319
422	327
422	362
422	380
422	381
422	401
422	414
422	417
422	424
422	428
422	437
422	439
423	255
423	400
423	405
423	426
423	436
423	441
423	442
423	443
423	449
423	451
423	463
423	464
423	473
423	476
423	487
423	491
423	496
423	500
424	2
424	18
424	38
424	62
424	83
424	166
424	231
424	237
424	319
424	327
424	362
424	381
424	401
424	414
424	417
424	422
424	437
424	439
425	236
425	418
425	445
425	448
425	453
425	462
425	469
425	470
425	472
425	474
425	478
425	479
425	484
425	489
425	493
425	494
425	495
426	349
426	400
426	405
426	423
426	441
426	442
426	443
426	449
426	451
426	463
426	464
426	473
426	476
426	478
426	487
426	491
426	496
426	500
427	1
427	32
427	153
427	175
427	185
427	192
427	228
427	313
427	337
427	365
427	383
427	395
427	412
427	413
427	421
427	440
427	467
427	500
428	13
428	55
428	113
428	152
428	183
428	225
428	251
428	257
428	285
428	299
428	311
428	361
428	364
428	373
428	387
428	390
428	402
428	422
429	118
429	214
429	237
429	258
429	281
429	320
429	359
429	368
429	384
429	392
429	396
429	434
429	438
429	450
429	454
429	461
429	467
429	492
430	326
430	353
430	407
430	435
430	446
430	448
430	455
430	460
430	468
430	471
430	475
430	480
430	482
430	483
430	492
431	20
431	27
431	48
431	151
431	154
431	197
431	211
431	241
431	265
431	282
431	308
431	355
431	377
431	386
431	411
431	433
431	444
431	460
432	199
432	214
432	371
432	410
432	419
432	447
432	457
432	458
432	466
432	477
432	485
432	486
432	488
432	490
432	497
432	498
432	499
433	20
433	76
433	78
433	82
433	92
433	151
433	197
433	211
433	241
433	265
433	282
433	355
433	363
433	377
433	386
433	411
433	431
433	444
434	14
434	118
434	133
434	237
434	239
434	258
434	320
434	325
434	359
434	368
434	384
434	392
434	429
434	438
434	450
434	454
434	461
434	467
434	496
435	345
435	353
435	392
435	407
435	430
435	446
435	455
435	460
435	468
435	471
435	475
435	480
435	482
435	483
435	484
435	492
436	34
436	89
436	150
436	202
436	205
436	255
436	298
436	312
436	356
436	415
436	416
436	423
436	452
436	456
436	459
436	465
436	469
436	473
436	481
437	2
437	18
437	38
437	62
437	83
437	128
437	166
437	231
437	252
437	319
437	327
437	362
437	381
437	401
437	414
437	417
437	422
437	424
437	439
438	14
438	118
438	133
438	214
438	237
438	240
438	281
438	320
438	325
438	359
438	368
438	384
438	392
438	429
438	434
438	450
438	454
438	461
438	467
439	2
439	18
439	38
439	62
439	83
439	166
439	231
439	319
439	327
439	362
439	381
439	401
439	414
439	417
439	422
439	424
439	437
439	463
439	484
440	1
440	74
440	129
440	153
440	163
440	175
440	185
440	192
440	228
440	313
440	337
440	365
440	383
440	395
440	412
440	413
440	421
440	427
440	479
441	197
441	283
441	341
441	400
441	405
441	423
441	426
441	442
441	443
441	449
441	451
441	463
441	464
441	473
441	476
441	487
441	491
441	496
441	500
442	152
442	349
442	370
442	400
442	411
442	423
442	426
442	441
442	443
442	449
442	451
442	463
442	464
442	473
442	476
442	487
442	491
442	496
442	500
443	283
443	313
443	349
443	370
443	372
443	405
443	423
443	426
443	441
443	442
443	449
443	451
443	463
443	464
443	473
443	476
443	487
443	491
443	496
443	500
444	20
444	27
444	48
444	82
444	92
444	151
444	154
444	197
444	211
444	241
444	265
444	282
444	355
444	377
444	382
444	386
444	411
444	431
444	433
444	478
445	130
445	245
445	418
445	425
445	448
445	453
445	462
445	470
445	472
445	474
445	478
445	479
445	484
445	489
445	493
445	494
445	495
446	108
446	345
446	353
446	407
446	430
446	435
446	455
446	460
446	468
446	471
446	475
446	480
446	482
446	483
446	487
446	492
447	357
447	360
447	371
447	386
447	410
447	419
447	432
447	457
447	458
447	466
447	477
447	485
447	486
447	488
447	490
447	493
447	497
447	498
447	499
448	260
448	418
448	425
448	430
448	445
448	453
448	462
448	470
448	472
448	474
448	478
448	479
448	484
448	489
448	493
448	494
448	495
449	188
449	190
449	269
449	370
449	400
449	405
449	423
449	426
449	441
449	442
449	443
449	463
449	464
449	473
449	476
449	483
449	487
449	491
449	496
449	500
450	64
450	118
450	214
450	237
450	258
450	281
450	320
450	325
450	340
450	359
450	368
450	384
450	392
450	429
450	434
450	438
450	454
450	461
450	467
450	481
451	47
451	158
451	188
451	280
451	349
451	353
451	370
451	400
451	420
451	423
451	426
451	441
451	442
451	443
451	463
451	473
451	476
451	487
451	491
451	496
451	500
452	5
452	99
452	127
452	141
452	150
452	205
452	216
452	229
452	255
452	298
452	312
452	356
452	415
452	416
452	436
452	456
452	459
452	465
452	469
452	481
452	491
453	231
453	351
453	418
453	425
453	445
453	448
453	462
453	470
453	472
453	474
453	478
453	479
453	484
453	489
453	493
453	494
453	495
453	496
454	64
454	118
454	133
454	214
454	237
454	258
454	281
454	288
454	320
454	325
454	359
454	368
454	373
454	384
454	392
454	429
454	434
454	438
454	450
454	461
454	467
455	340
455	345
455	353
455	356
455	404
455	407
455	430
455	435
455	446
455	460
455	468
455	471
455	475
455	480
455	482
455	483
455	492
456	57
456	127
456	141
456	150
456	202
456	205
456	216
456	244
456	255
456	298
456	312
456	356
456	415
456	416
456	436
456	452
456	459
456	465
456	469
456	471
456	481
457	166
457	262
457	314
457	332
457	357
457	360
457	371
457	410
457	419
457	432
457	447
457	458
457	466
457	477
457	485
457	486
457	488
457	490
457	497
457	498
457	499
458	323
458	357
458	360
458	371
458	410
458	419
458	432
458	447
458	457
458	466
458	468
458	477
458	485
458	486
458	488
458	490
458	497
458	498
458	499
459	5
459	34
459	57
459	89
459	141
459	173
459	205
459	216
459	255
459	298
459	312
459	356
459	365
459	415
459	416
459	436
459	452
459	456
459	465
459	469
459	481
460	215
460	262
460	345
460	353
460	407
460	430
460	431
460	435
460	446
460	455
460	468
460	471
460	475
460	480
460	482
460	483
460	492
461	14
461	31
461	64
461	118
461	133
461	214
461	237
461	258
461	281
461	300
461	320
461	325
461	359
461	368
461	384
461	392
461	429
461	434
461	438
461	450
461	454
461	467
462	351
462	384
462	409
462	418
462	425
462	445
462	448
462	453
462	470
462	472
462	474
462	478
462	479
462	484
462	489
462	493
462	494
462	495
463	158
463	190
463	283
463	349
463	370
463	405
463	423
463	426
463	439
463	441
463	442
463	443
463	449
463	451
463	464
463	473
463	476
463	487
463	491
463	493
463	496
463	500
464	47
464	171
464	188
464	202
464	280
464	283
464	290
464	370
464	400
464	423
464	426
464	441
464	442
464	443
464	449
464	463
464	473
464	476
464	487
464	491
464	496
464	500
465	5
465	19
465	89
465	99
465	127
465	150
465	202
465	205
465	216
465	255
465	298
465	312
465	356
465	415
465	416
465	436
465	452
465	456
465	459
465	469
465	481
465	486
466	314
466	332
466	357
466	360
466	371
466	385
466	410
466	419
466	432
466	447
466	457
466	458
466	477
466	485
466	486
466	488
466	489
466	490
466	497
466	498
466	499
467	14
467	64
467	133
467	214
467	237
467	258
467	281
467	320
467	325
467	359
467	368
467	375
467	384
467	392
467	427
467	429
467	434
467	438
467	450
467	454
467	461
467	498
468	10
468	179
468	258
468	262
468	345
468	353
468	407
468	430
468	435
468	446
468	455
468	458
468	460
468	471
468	475
468	480
468	482
468	483
468	492
469	57
469	89
469	99
469	127
469	141
469	150
469	202
469	205
469	216
469	255
469	298
469	312
469	356
469	415
469	416
469	425
469	436
469	452
469	456
469	459
469	465
469	481
469	495
470	112
470	280
470	287
470	351
470	418
470	425
470	445
470	448
470	453
470	462
470	472
470	474
470	478
470	479
470	484
470	489
470	493
470	494
470	495
471	3
471	73
471	93
471	136
471	149
471	179
471	187
471	200
471	262
471	345
471	353
471	407
471	430
471	435
471	446
471	455
471	456
471	460
471	468
471	475
471	480
471	482
471	483
471	492
472	64
472	279
472	351
472	412
472	418
472	425
472	445
472	448
472	453
472	462
472	470
472	474
472	478
472	479
472	484
472	489
472	493
472	494
472	495
473	31
473	155
473	158
473	283
473	290
473	349
473	400
473	405
473	423
473	426
473	436
473	441
473	442
473	443
473	449
473	451
473	463
473	464
473	476
473	487
473	491
473	493
473	496
473	500
474	164
474	224
474	287
474	351
474	418
474	421
474	425
474	445
474	448
474	453
474	462
474	470
474	472
474	478
474	479
474	484
474	489
474	493
474	494
474	495
475	9
475	10
475	73
475	93
475	173
475	179
475	187
475	200
475	262
475	330
475	345
475	353
475	407
475	430
475	435
475	446
475	455
475	460
475	468
475	471
475	480
475	482
475	483
475	492
475	495
476	31
476	77
476	148
476	190
476	290
476	349
476	370
476	376
476	381
476	400
476	405
476	423
476	426
476	441
476	442
476	443
476	449
476	451
476	463
476	464
476	473
476	487
476	491
476	496
476	500
477	18
477	85
477	106
477	116
477	212
477	217
477	314
477	332
477	335
477	357
477	360
477	371
477	410
477	419
477	432
477	447
477	457
477	458
477	466
477	485
477	486
477	488
477	490
477	497
477	498
477	499
478	12
478	37
478	42
478	108
478	114
478	287
478	351
478	418
478	425
478	426
478	444
478	445
478	448
478	453
478	462
478	470
478	472
478	474
478	479
478	484
478	489
478	493
478	494
478	495
479	287
479	351
479	387
479	418
479	425
479	440
479	445
479	448
479	453
479	462
479	470
479	472
479	474
479	478
479	482
479	484
479	489
479	493
479	494
479	495
480	9
480	10
480	73
480	75
480	93
480	136
480	173
480	179
480	187
480	200
480	262
480	345
480	353
480	402
480	407
480	430
480	435
480	446
480	455
480	460
480	468
480	471
480	475
480	482
480	483
480	492
481	5
481	34
481	57
481	89
481	99
481	127
481	141
481	150
481	202
481	205
481	216
481	255
481	274
481	298
481	312
481	356
481	390
481	415
481	416
481	436
481	450
481	452
481	456
481	459
481	465
481	469
482	3
482	9
482	93
482	136
482	173
482	179
482	187
482	200
482	262
482	317
482	345
482	353
482	372
482	407
482	430
482	435
482	446
482	455
482	460
482	468
482	471
482	475
482	479
482	480
482	483
482	492
483	3
483	9
483	10
483	78
483	136
483	173
483	179
483	187
483	200
483	225
483	262
483	345
483	353
483	407
483	430
483	435
483	446
483	449
483	455
483	460
483	468
483	471
483	475
483	480
483	482
483	492
484	36
484	37
484	66
484	87
484	90
484	114
484	148
484	287
484	351
484	418
484	425
484	435
484	439
484	445
484	448
484	453
484	462
484	470
484	472
484	474
484	478
484	479
484	489
484	493
484	494
484	495
485	201
485	314
485	332
485	357
485	358
485	360
485	371
485	410
485	419
485	432
485	447
485	457
485	458
485	466
485	477
485	486
485	488
485	490
485	497
485	498
485	499
486	53
486	94
486	99
486	212
486	217
486	298
486	314
486	332
486	357
486	360
486	371
486	410
486	419
486	432
486	447
486	457
486	458
486	465
486	466
486	477
486	485
486	488
486	490
486	497
486	498
486	499
487	47
487	155
487	190
487	208
487	280
487	283
487	290
487	349
487	370
487	394
487	400
487	405
487	423
487	426
487	441
487	442
487	443
487	446
487	449
487	451
487	463
487	464
487	473
487	476
487	491
487	496
487	500
488	39
488	53
488	60
488	65
488	116
488	212
488	217
488	314
488	332
488	357
488	360
488	362
488	371
488	410
488	419
488	432
488	447
488	457
488	458
488	466
488	477
488	485
488	486
488	490
488	497
488	498
488	499
489	36
489	42
489	56
489	66
489	79
489	87
489	108
489	114
489	148
489	287
489	332
489	351
489	418
489	425
489	445
489	448
489	453
489	462
489	466
489	470
489	472
489	474
489	478
489	479
489	484
489	493
489	494
489	495
490	60
490	85
490	94
490	106
490	116
490	212
490	217
490	235
490	314
490	332
490	357
490	360
490	371
490	374
490	410
490	419
490	432
490	447
490	457
490	458
490	466
490	477
490	485
490	486
490	488
490	497
490	498
490	499
491	31
491	47
491	77
491	123
491	155
491	158
491	188
491	190
491	213
491	280
491	290
491	370
491	405
491	423
491	426
491	441
491	442
491	443
491	449
491	451
491	452
491	463
491	464
491	473
491	476
491	487
491	496
491	500
492	3
492	9
492	10
492	73
492	93
492	136
492	173
492	179
492	187
492	200
492	262
492	345
492	353
492	406
492	407
492	429
492	430
492	435
492	446
492	455
492	460
492	468
492	471
492	475
492	480
492	482
492	483
492	499
493	36
493	37
493	66
493	79
493	87
493	90
493	114
493	148
493	287
493	351
493	418
493	425
493	445
493	447
493	448
493	453
493	462
493	463
493	470
493	472
493	473
493	474
493	478
493	479
493	484
493	489
493	494
493	495
494	36
494	37
494	42
494	66
494	79
494	87
494	90
494	108
494	114
494	148
494	287
494	351
494	372
494	392
494	418
494	425
494	445
494	448
494	453
494	462
494	470
494	472
494	474
494	478
494	479
494	484
494	489
494	493
494	495
495	37
495	42
495	66
495	79
495	87
495	90
495	108
495	114
495	148
495	172
495	287
495	351
495	418
495	425
495	445
495	448
495	453
495	462
495	469
495	470
495	472
495	474
495	475
495	478
495	479
495	484
495	489
495	493
495	494
496	3
496	77
496	155
496	158
496	188
496	190
496	280
496	283
496	290
496	349
496	370
496	400
496	405
496	423
496	426
496	434
496	441
496	442
496	443
496	449
496	451
496	453
496	463
496	464
496	473
496	476
496	487
496	491
496	500
497	39
497	53
497	60
497	85
497	94
497	106
497	116
497	212
497	217
497	314
497	332
497	357
497	360
497	371
497	410
497	414
497	419
497	432
497	447
497	457
497	458
497	466
497	477
497	485
497	486
497	488
497	490
497	498
497	499
498	39
498	53
498	60
498	94
498	106
498	116
498	138
498	212
498	217
498	304
498	314
498	332
498	357
498	360
498	371
498	410
498	419
498	432
498	447
498	457
498	458
498	466
498	467
498	477
498	485
498	486
498	488
498	490
498	497
498	499
499	39
499	60
499	85
499	94
499	101
499	106
499	116
499	212
499	217
499	314
499	332
499	357
499	360
499	371
499	395
499	410
499	419
499	432
499	447
499	457
499	458
499	466
499	477
499	485
499	486
499	488
499	490
499	492
499	497
499	498
500	31
500	77
500	155
500	158
500	165
500	188
500	190
500	220
500	280
500	283
500	290
500	349
500	370
500	400
500	405
500	423
500	426
500	427
500	441
500	442
500	443
500	449
500	451
500	463
500	464
500	473
500	476
500	487
500	491
500	496
