1	275
1	291
1	404
1	423
1	500
2	200
2	377
2	463
2	478
2	485
3	18
3	281
3	419
3	446
3	492
4	86
4	267
4	336
4	381
4	431
5	263
5	311
5	433
5	446
5	486
6	208
6	298
6	453
6	492
6	498
7	172
7	310
7	457
7	472
7	474
8	94
8	453
8	457
8	461
8	482
9	321
9	399
9	422
9	435
9	440
10	320
10	326
10	448
10	490
10	492
11	143
11	211
11	328
11	391
11	482
12	64
12	172
12	383
12	413
12	423
13	123
13	206
13	296
13	323
13	488
14	59
14	158
14	465
14	469
14	498
15	329
15	371
15	422
15	428
15	451
16	41
16	97
16	249
16	405
16	475
17	114
17	221
17	339
17	465
17	491
18	3
18	262
18	416
18	426
18	484
19	90
19	189
19	267
19	439
19	487
20	279
20	460
20	490
20	492
20	498
21	94
21	458
21	473
21	480
21	493
22	70
22	432
22	468
22	479
22	495
23	68
23	313
23	405
23	488
23	498
24	45
24	65
24	259
24	298
24	497
25	101
25	271
25	406
25	473
25	480
26	386
26	421
26	451
26	474
26	500
27	267
27	301
27	379
27	380
27	439
28	190
28	366
28	412
28	472
28	474
29	272
29	291
29	367
29	420
29	475
30	201
30	257
30	260
30	303
30	470
31	52
31	215
31	264
31	358
31	425
32	56
32	354
32	393
32	418
32	463
33	98
33	420
33	451
33	465
33	474
34	251
34	321
34	336
34	354
34	431
35	212
35	418
35	483
35	484
35	498
36	174
36	239
36	427
36	445
36	466
37	213
37	290
37	405
37	487
37	496
38	137
38	330
38	338
38	374
38	455
39	224
39	257
39	325
39	358
39	389
40	168
40	334
40	360
40	410
40	443
41	16
41	162
41	231
41	406
41	462
42	227
42	258
42	370
42	407
42	441
43	129
43	441
43	446
43	452
43	488
44	62
44	287
44	318
44	440
44	481
45	24
45	136
45	308
45	390
45	410
46	317
46	476
46	477
46	480
46	485
47	136
47	354
47	374
47	476
47	493
48	354
48	358
48	437
48	454
48	495
49	80
49	205
49	288
49	409
49	457
50	57
50	95
50	469
50	485
50	490
51	135
51	313
51	394
51	457
51	484
52	31
52	166
52	328
52	357
52	379
53	213
53	311
53	444
53	447
53	497
54	342
54	444
54	447
54	479
54	492
55	425
55	468
55	471
55	491
55	495
56	32
56	85
56	450
56	467
56	489
57	50
57	91
57	379
57	492
57	498
58	114
58	133
58	288
58	419
58	475
59	14
59	356
59	462
59	494
59	500
60	131
60	191
60	229
60	405
60	475
61	234
61	388
61	444
61	446
61	447
62	44
62	108
62	416
62	481
62	499
63	221
63	276
63	290
63	320
63	348
64	12
64	105
64	157
64	163
64	219
65	24
65	295
65	429
65	477
65	493
66	199
66	210
66	279
66	315
66	467
67	113
67	175
67	252
67	331
67	380
68	23
68	112
68	309
68	461
68	495
69	257
69	293
69	418
69	445
69	476
70	22
70	397
70	439
70	487
70	491
71	317
71	341
71	387
71	411
71	424
72	182
72	382
72	409
72	461
72	477
73	225
73	293
73	382
73	415
73	452
74	212
74	268
74	380
74	400
74	445
75	207
75	349
75	436
75	469
75	498
76	81
76	125
76	421
76	472
76	474
77	242
77	350
77	358
77	388
77	390
78	145
78	286
78	426
78	475
78	485
79	155
79	348
79	360
79	459
79	473
80	49
80	168
80	448
80	461
80	497
81	76
81	323
81	394
81	452
81	478
82	306
82	374
82	375
82	384
82	490
83	110
83	269
83	343
83	467
83	469
84	295
84	412
84	421
84	451
84	472
85	56
85	203
85	341
85	372
85	496
86	4
86	289
86	357
86	378
86	441
87	232
87	377
87	414
87	446
87	497
88	298
88	359
88	376
88	479
88	495
89	207
89	227
89	268
89	271
89	352
90	19
90	181
90	363
90	439
90	441
91	57
91	129
91	358
91	471
91	498
92	152
92	460
92	471
92	485
92	490
93	168
93	400
93	409
93	417
93	461
94	8
94	21
94	168
94	375
94	478
95	50
95	273
95	417
95	457
95	500
96	135
96	262
96	366
96	419
96	462
97	16
97	218
97	303
97	441
97	446
98	33
98	261
98	424
98	454
98	479
99	217
99	224
99	379
99	408
99	435
100	112
100	305
100	466
100	494
100	498
101	25
101	123
101	241
101	480
101	498
102	197
102	332
102	353
102	397
102	436
103	154
103	224
103	389
103	444
103	496
104	311
104	333
104	444
104	448
104	460
105	64
105	182
105	340
105	387
105	479
106	285
106	364
106	442
106	449
106	464
107	145
107	268
107	456
107	457
107	460
108	62
108	272
108	394
108	457
108	489
109	339
109	397
109	435
109	439
109	469
110	83
110	173
110	291
110	327
110	443
111	121
111	228
111	330
111	416
111	449
111	480
112	68
112	100
112	186
112	388
112	433
112	457
113	67
113	333
113	430
113	433
113	486
113	497
114	17
114	58
114	209
114	294
114	396
114	462
115	164
115	349
115	365
115	385
115	432
115	482
116	177
116	314
116	425
116	478
116	479
116	495
117	216
117	252
117	398
117	408
117	428
117	494
118	314
118	364
118	387
118	411
118	418
118	469
119	178
119	247
119	280
119	300
119	378
119	443
120	156
120	224
120	325
120	387
120	409
120	417
121	111
121	188
121	282
121	307
121	411
121	424
122	185
122	350
122	351
122	391
122	425
122	496
123	13
123	101
123	357
123	427
123	444
123	446
124	283
124	306
124	309
124	373
124	374
124	412
125	76
125	197
125	400
125	451
125	483
125	492
126	225
126	303
126	317
126	374
126	426
126	499
127	189
127	426
127	470
127	472
127	474
127	490
128	253
128	324
128	347
128	418
128	463
128	481
129	43
129	91
129	239
129	274
129	383
129	439
130	342
130	421
130	444
130	447
130	454
130	494
131	60
131	369
131	434
131	466
131	492
131	498
132	261
132	297
132	319
132	438
132	460
132	498
133	58
133	156
133	262
133	313
133	349
133	467
134	150
134	170
134	206
134	230
134	393
134	457
135	51
135	96
135	174
135	281
135	302
135	392
136	45
136	47
136	372
136	426
136	470
136	475
137	38
137	375
137	405
137	410
137	470
137	495
138	151
138	265
138	319
138	460
138	479
138	492
139	161
139	376
139	424
139	437
139	453
139	461
140	276
140	291
140	384
140	416
140	489
140	496
141	226
141	231
141	325
141	386
141	451
141	482
142	153
142	354
142	357
142	407
142	467
142	495
143	11
143	229
143	338
143	346
143	473
143	480
144	152
144	223
144	362
144	390
144	398
144	454
145	78
145	107
145	404
145	449
145	450
145	464
146	179
146	199
146	288
146	295
146	300
146	443
147	164
147	277
147	366
147	461
147	475
147	492
148	172
148	221
148	229
148	426
148	463
148	497
149	214
149	399
149	442
149	477
149	480
149	485
150	134
150	192
150	238
150	464
150	466
150	484
151	138
151	182
151	249
151	255
151	334
151	379
152	92
152	144
152	362
152	368
152	390
152	489
153	142
153	199
153	238
153	297
153	354
153	492
154	103
154	176
154	349
154	393
154	467
154	494
155	79
155	192
155	361
155	428
155	473
155	492
156	120
156	133
156	201
156	260
156	261
156	369
157	64
157	180
157	215
157	379
157	411
157	425
158	14
158	219
158	285
158	456
158	466
158	484
159	248
159	314
159	351
159	404
159	481
159	484
160	382
160	403
160	417
160	436
160	453
160	482
161	139
161	185
161	192
161	255
161	467
161	488
162	41
162	345
162	416
162	423
162	462
162	476
162	484
163	64
163	380
163	387
163	411
163	424
163	439
163	495
164	115
164	147
164	266
164	362
164	371
164	393
164	441
165	248
165	436
165	442
165	449
165	455
165	464
165	494
166	52
166	284
166	333
166	444
166	447
166	461
166	469
167	196
167	297
167	352
167	380
167	432
167	436
167	482
168	40
168	80
168	93
168	94
168	243
168	457
168	484
169	279
169	329
169	400
169	408
169	462
169	483
169	484
170	134
170	269
170	354
170	424
170	432
170	453
170	467
171	231
171	280
171	336
171	342
171	428
171	441
171	452
172	7
172	12
172	148
172	350
172	396
172	414
172	471
173	110
173	288
173	334
173	359
173	380
173	443
173	493
174	36
174	135
174	373
174	395
174	415
174	444
174	452
175	67
175	235
175	265
175	391
175	410
175	427
175	483
176	154
176	192
176	345
176	393
176	411
176	438
176	467
177	116
177	348
177	381
177	409
177	454
177	479
177	495
178	119
178	181
178	215
178	334
178	443
178	472
178	491
179	146
179	195
179	260
179	285
179	298
179	465
179	488
180	157
180	215
180	288
180	430
180	485
180	490
180	493
181	90
181	178
181	363
181	383
181	384
181	439
181	487
182	72
182	105
182	151
182	243
182	255
182	320
182	379
183	294
183	326
183	334
183	355
183	388
183	402
183	496
184	258
184	353
184	421
184	451
184	474
184	478
184	489
185	122
185	161
185	355
185	392
185	393
185	407
185	467
186	112
186	292
186	355
186	394
186	457
186	493
186	495
187	235
187	327
187	360
187	361
187	409
187	416
187	480
188	121
188	194
188	294
188	355
188	405
188	420
188	485
189	19
189	127
189	261
189	436
189	451
189	472
189	474
190	28
190	261
190	312
190	345
190	359
190	473
190	500
191	60
191	250
191	347
191	349
191	362
191	442
191	449
192	150
192	155
192	161
192	176
192	427
192	481
192	482
193	385
193	449
193	481
193	486
193	494
193	499
193	500
194	188
194	202
194	278
194	412
194	450
194	494
194	496
195	179
195	283
195	285
195	448
195	486
195	488
195	497
196	167
196	202
196	374
196	375
196	412
196	475
196	482
197	102
197	125
197	240
197	314
197	367
197	438
197	484
198	330
198	332
198	333
198	360
198	473
198	480
198	491
199	66
199	146
199	153
199	215
199	279
199	358
199	393
200	2
200	230
200	264
200	450
200	464
200	472
200	488
201	30
201	156
201	227
201	235
201	359
201	477
201	498
202	194
202	196
202	250
202	278
202	287
202	306
202	410
203	85
203	222
203	240
203	326
203	448
203	492
203	497
204	251
204	310
204	364
204	432
204	479
204	495
204	496
205	49
205	248
205	272
205	427
205	450
205	452
205	464
206	13
206	134
206	331
206	384
206	430
206	441
206	444
207	75
207	89
207	331
207	396
207	462
207	483
207	484
208	6
208	250
208	461
208	470
208	471
208	487
208	491
209	114
209	303
209	350
209	400
209	401
209	416
209	462
210	66
210	365
210	368
210	377
210	453
210	479
210	495
211	11
211	278
211	338
211	376
211	388
211	403
211	496
212	35
212	74
212	307
212	314
212	395
212	424
212	436
213	37
213	53
213	290
213	416
213	454
213	473
213	489
213	496
214	149
214	215
214	275
214	424
214	468
214	481
214	499
214	500
215	31
215	157
215	178
215	180
215	199
215	214
215	255
215	379
216	117
216	241
216	330
216	342
216	360
216	393
216	413
216	416
217	99
217	343
217	392
217	422
217	428
217	455
217	460
217	467
218	97
218	225
218	253
218	255
218	352
218	372
218	426
218	475
219	64
219	158
219	259
219	395
219	435
219	460
219	466
219	482
220	265
220	324
220	393
220	421
220	443
220	466
220	492
220	498
221	17
221	63
221	148
221	256
221	329
221	335
221	372
221	475
222	203
222	360
222	403
222	432
222	437
222	453
222	480
222	495
223	144
223	238
223	247
223	308
223	388
223	390
223	420
223	435
224	39
224	99
224	103
224	120
224	277
224	396
224	417
224	438
225	73
225	126
225	218
225	329
225	436
225	458
225	475
225	482
226	141
226	269
226	273
226	353
226	436
226	448
226	473
226	481
227	42
227	89
227	201
227	276
227	301
227	318
227	327
227	412
228	111
228	237
228	240
228	407
228	414
228	434
228	497
228	498
229	60
229	143
229	148
229	303
229	329
229	458
229	463
229	466
230	134
230	200
230	236
230	250
230	364
230	425
230	447
230	496
231	41
231	141
231	171
231	314
231	315
231	358
231	441
231	478
232	87
232	304
232	373
232	395
232	406
232	420
232	452
232	477
233	282
233	325
233	402
233	436
233	443
233	469
233	481
233	482
234	61
234	348
234	382
234	391
234	469
234	480
234	488
234	489
235	175
235	187
235	201
235	261
235	299
235	345
235	359
235	405
236	230
236	315
236	321
236	404
236	414
236	431
236	489
236	497
237	228
237	466
237	470
237	471
237	475
237	487
237	491
237	494
238	150
238	153
238	223
238	279
238	282
238	467
238	468
238	500
239	36
239	129
239	265
239	366
239	380
239	413
239	445
239	464
240	197
240	203
240	228
240	241
240	291
240	365
240	369
240	495
241	101
241	216
241	240
241	348
241	416
241	480
241	487
241	494
242	77
242	271
242	290
242	355
242	367
242	402
242	420
242	467
243	168
243	182
243	269
243	298
243	403
243	425
243	469
243	482
244	273
244	330
244	375
244	421
244	451
244	468
244	472
244	474
245	262
245	273
245	325
245	383
245	389
245	417
245	460
245	488
246	278
246	320
246	324
246	336
246	338
246	492
246	494
246	498
247	119
247	223
247	324
247	367
247	388
247	398
247	420
247	448
248	159
248	165
248	205
248	413
248	439
248	442
248	450
248	468
249	16
249	151
249	413
249	420
249	438
249	483
249	484
249	497
250	191
250	202
250	208
250	230
250	253
250	449
250	450
250	464
251	34
251	204
251	328
251	364
251	380
251	382
251	425
251	476
252	67
252	117
252	287
252	339
252	411
252	444
252	465
252	486
253	128
253	218
253	250
253	303
253	329
253	347
253	475
253	499
254	282
254	297
254	332
254	343
254	345
254	386
254	389
254	415
255	151
255	161
255	182
255	215
255	218
255	379
255	445
255	470
256	221
256	317
256	389
256	448
256	468
256	470
256	487
256	491
257	30
257	39
257	69
257	326
257	369
257	408
257	448
257	497
258	42
258	184
258	362
258	365
258	417
258	451
258	472
258	474
259	24
259	219
259	414
259	460
259	466
259	477
259	492
259	496
260	30
260	156
260	179
260	268
260	308
260	312
260	359
260	408
260	464
261	98
261	132
261	156
261	189
261	190
261	235
261	265
261	312
261	345
262	18
262	96
262	133
262	245
262	311
262	313
262	370
262	419
262	475
263	5
263	422
263	431
263	442
263	445
263	449
263	450
263	464
263	489
264	31
264	200
264	401
264	442
264	449
264	450
264	464
264	468
264	496
265	138
265	175
265	220
265	239
265	261
265	293
265	377
265	427
265	458
266	164
266	318
266	326
266	362
266	366
266	374
266	456
266	458
266	479
267	4
267	19
267	27
267	296
267	363
267	383
267	402
267	439
267	492
268	74
268	89
268	107
268	260
268	331
268	333
268	427
268	445
268	486
269	83
269	170
269	226
269	243
269	320
269	461
269	469
269	482
269	488
270	301
270	316
270	379
270	399
270	429
270	436
270	477
270	490
270	493
271	25
271	89
271	242
271	301
271	318
271	362
271	386
271	415
271	463
272	29
272	108
272	205
272	284
272	328
272	367
272	440
272	494
272	500
273	95
273	226
273	244
273	245
273	325
273	383
273	389
273	417
273	447
274	129
274	357
274	363
274	383
274	386
274	415
274	435
274	439
274	454
275	1
275	214
275	336
275	433
275	452
275	459
275	483
275	494
275	499
276	63
276	140
276	227
276	294
276	338
276	348
276	442
276	486
276	496
277	147
277	224
277	307
277	310
277	362
277	366
277	398
277	417
277	468
278	194
278	202
278	211
278	246
278	306
278	375
278	378
278	403
278	412
279	20
279	66
279	169
279	199
279	238
279	354
279	366
279	457
279	490
280	119
280	171
280	305
280	331
280	345
280	381
280	430
280	473
280	478
281	3
281	135
281	313
281	325
281	341
281	357
281	419
281	462
281	484
282	121
282	233
282	238
282	254
282	355
282	365
282	382
282	386
282	389
283	124
283	195
283	296
283	348
283	359
283	410
283	433
283	456
283	497
284	166
284	272
284	317
284	395
284	415
284	425
284	459
284	499
284	500
285	106
285	158
285	179
285	195
285	392
285	422
285	435
285	465
285	480
286	78
286	428
286	442
286	443
286	458
286	468
286	473
286	487
286	491
287	44
287	202
287	252
287	316
287	321
287	392
287	408
287	419
287	422
287	465
288	49
288	58
288	146
288	173
288	180
288	300
288	334
288	393
288	443
288	483
289	86
289	316
289	317
289	441
289	459
289	468
289	471
289	489
289	494
289	499
290	37
290	63
290	213
290	242
290	348
290	357
290	365
290	491
290	496
290	499
291	1
291	29
291	110
291	140
291	240
291	364
291	434
291	448
291	456
291	486
292	186
292	295
292	307
292	316
292	355
292	394
292	409
292	431
292	449
292	461
293	69
293	73
293	265
293	331
293	414
293	427
293	445
293	472
293	489
293	499
294	114
294	183
294	188
294	276
294	390
294	402
294	415
294	420
294	464
294	471
295	65
295	84
295	146
295	292
295	386
295	392
295	394
295	409
295	457
295	461
296	13
296	267
296	283
296	335
296	356
296	411
296	459
296	477
296	485
296	493
297	132
297	153
297	167
297	254
297	353
297	362
297	445
297	452
297	469
297	482
298	6
298	24
298	88
298	179
298	243
298	385
298	396
298	408
298	435
298	465
299	235
299	332
299	339
299	392
299	398
299	428
299	435
299	436
299	443
299	465
300	119
300	146
300	288
300	334
300	346
300	404
300	443
300	456
300	481
300	498
301	27
301	227
301	270
301	271
301	329
301	352
301	368
301	398
301	467
301	488
302	135
302	307
302	370
302	373
302	393
302	430
302	441
302	446
302	455
302	489
303	30
303	97
303	126
303	209
303	229
303	253
303	402
303	426
303	475
303	477
304	232
304	317
304	323
304	395
304	401
304	415
304	431
304	452
304	472
304	498
305	100
305	280
305	381
305	383
305	399
305	401
305	406
305	431
305	447
305	463
306	82
306	124
306	202
306	278
306	361
306	381
306	400
306	412
306	444
306	478
307	121
307	212
307	277
307	292
307	302
307	316
307	387
307	411
307	424
307	457
308	45
308	223
308	260
308	377
308	414
308	433
308	456
308	469
308	473
308	486
309	68
309	124
309	337
309	399
309	400
309	412
309	429
309	488
309	490
309	493
310	7
310	204
310	277
310	377
310	440
310	468
310	470
310	471
310	487
310	491
311	5
311	53
311	104
311	262
311	319
311	328
311	342
311	444
311	447
311	466
312	190
312	260
312	261
312	340
312	345
312	359
312	432
312	444
312	475
312	495
313	23
313	51
313	133
313	262
313	281
313	323
313	336
313	419
313	434
313	447
314	116
314	118
314	159
314	197
314	212
314	231
314	326
314	353
314	387
314	424
315	66
315	231
315	236
315	341
315	343
315	364
315	382
315	451
315	483
315	489
316	270
316	287
316	289
316	292
316	307
316	440
316	451
316	481
316	494
316	500
317	46
317	71
317	126
317	256
317	284
317	289
317	304
317	404
317	438
317	494
317	499
318	44
318	227
318	266
318	271
318	360
318	366
318	368
318	398
318	400
318	450
318	497
319	132
319	138
319	311
319	320
319	385
319	440
319	484
319	486
319	492
319	498
319	499
320	10
320	63
320	182
320	246
320	269
320	319
320	345
320	354
320	460
320	466
320	467
321	9
321	34
321	236
321	287
321	328
321	361
321	382
321	391
321	425
321	487
321	489
322	351
322	363
322	440
322	447
322	463
322	465
322	468
322	481
322	494
322	499
322	500
323	13
323	81
323	304
323	313
323	373
323	395
323	415
323	442
323	452
323	481
323	498
324	128
324	220
324	246
324	247
324	335
324	404
324	460
324	465
324	479
324	492
324	498
325	39
325	120
325	141
325	233
325	245
325	273
325	281
325	389
325	412
325	417
325	426
326	10
326	183
326	203
326	257
326	266
326	314
326	369
326	421
326	433
326	448
326	486
327	110
327	187
327	227
327	352
327	356
327	366
327	368
327	398
327	415
327	435
327	500
328	11
328	52
328	251
328	272
328	311
328	321
328	341
328	353
328	382
328	451
328	474
329	15
329	169
329	221
329	225
329	229
329	253
329	301
329	372
329	435
329	437
329	475
330	38
330	111
330	198
330	216
330	244
330	339
330	361
330	416
330	480
330	493
330	499
331	67
331	206
331	207
331	268
331	280
331	293
331	368
331	380
331	427
331	445
331	484
332	102
332	198
332	254
332	299
332	350
332	396
332	438
332	445
332	462
332	476
332	484
333	104
333	113
333	166
333	198
333	268
333	342
333	383
333	430
333	444
333	447
333	491
334	40
334	151
334	173
334	178
334	183
334	288
334	300
334	341
334	351
334	429
334	443
335	221
335	296
335	324
335	337
335	342
335	344
335	421
335	476
335	477
335	490
335	493
336	4
336	34
336	171
336	246
336	275
336	313
336	377
336	433
336	453
336	478
336	491
337	309
337	335
337	372
337	426
337	429
337	440
337	443
337	476
337	477
337	485
337	493
338	38
338	143
338	211
338	246
338	276
338	390
338	425
338	440
338	483
338	489
338	496
339	17
339	109
339	252
339	299
339	330
339	370
339	385
339	408
339	435
339	491
339	492
340	105
340	312
340	403
340	410
340	414
340	434
340	442
340	456
340	471
340	486
340	497
341	71
341	85
341	281
341	315
341	328
341	334
341	352
341	364
341	379
341	482
341	489
342	54
342	130
342	171
342	216
342	311
342	333
342	335
342	401
342	444
342	445
342	447
343	83
343	217
343	254
343	315
343	352
343	353
343	365
343	395
343	397
343	431
343	439
344	335
344	372
344	384
344	407
344	420
344	441
344	443
344	455
344	463
344	480
344	488
345	162
345	176
345	190
345	235
345	254
345	261
345	280
345	312
345	320
345	359
345	486
346	143
346	300
346	361
346	376
346	392
346	416
346	424
346	470
346	473
346	480
346	499
347	128
347	191
347	253
347	371
347	377
347	401
347	418
347	428
347	431
347	473
347	478
348	63
348	79
348	177
348	234
348	241
348	276
348	283
348	290
348	381
348	391
348	476
349	75
349	115
349	133
349	154
349	191
349	384
349	386
349	436
349	441
349	469
349	482
350	77
350	122
350	172
350	209
350	332
350	423
350	438
350	457
350	476
350	478
350	483
350	493
351	122
351	159
351	322
351	334
351	367
351	429
351	431
351	459
351	479
351	494
351	499
351	500
352	89
352	167
352	218
352	301
352	327
352	341
352	343
352	366
352	368
352	370
352	398
352	498
353	102
353	184
353	226
353	297
353	314
353	328
353	343
353	397
353	403
353	413
353	426
353	452
354	32
354	34
354	47
354	48
354	142
354	153
354	170
354	279
354	320
354	415
354	456
354	467
355	183
355	185
355	186
355	188
355	242
355	282
355	292
355	356
355	367
355	390
355	402
355	466
356	59
356	296
356	327
356	355
356	365
356	429
356	466
356	471
356	476
356	477
356	490
356	493
357	52
357	86
357	123
357	142
357	274
357	281
357	290
357	378
357	405
357	430
357	488
357	500
358	31
358	39
358	48
358	77
358	91
358	199
358	231
358	377
358	381
358	431
358	463
358	478
359	88
359	173
359	190
359	201
359	235
359	260
359	283
359	312
359	345
359	399
359	474
359	489
360	40
360	79
360	187
360	198
360	216
360	222
360	318
360	382
360	416
360	423
360	473
360	474
361	155
361	187
361	306
361	321
361	330
361	346
361	373
361	461
361	464
361	473
361	480
361	500
362	144
362	152
362	164
362	191
362	258
362	266
362	271
362	277
362	297
362	455
362	459
362	483
363	90
363	181
363	267
363	274
363	322
363	383
363	413
363	432
363	439
363	454
363	483
363	497
364	106
364	118
364	204
364	230
364	251
364	291
364	315
364	341
364	427
364	481
364	489
364	496
365	115
365	210
365	240
365	258
365	282
365	290
365	343
365	356
365	403
365	429
365	469
365	482
366	28
366	96
366	147
366	239
366	266
366	277
366	279
366	318
366	327
366	352
366	453
366	466
367	29
367	197
367	242
367	247
367	272
367	351
367	355
367	388
367	402
367	462
367	464
367	474
368	152
368	210
368	301
368	318
368	327
368	331
368	352
368	389
368	398
368	420
368	474
368	480
369	131
369	156
369	240
369	257
369	326
369	370
369	404
369	434
369	486
369	493
369	497
369	498
370	42
370	262
370	302
370	339
370	352
370	369
370	378
370	430
370	446
370	462
370	488
370	491
371	15
371	164
371	347
371	380
371	406
371	458
371	468
371	470
371	471
371	478
371	487
371	491
372	85
372	136
372	218
372	221
372	329
372	337
372	344
372	425
372	426
372	455
372	464
372	475
373	124
373	174
373	232
373	302
373	323
373	361
373	395
373	415
373	424
373	430
373	452
373	482
374	38
374	47
374	82
374	124
374	126
374	196
374	266
374	375
374	412
374	450
374	454
374	492
375	82
375	94
375	137
375	196
375	244
375	278
375	374
375	410
375	412
375	423
375	456
375	494
376	88
376	139
376	211
376	346
376	392
376	437
376	449
376	453
376	454
376	467
376	470
376	495
377	2
377	87
377	210
377	265
377	308
377	310
377	336
377	347
377	358
377	419
377	463
377	478
378	86
378	119
378	278
378	357
378	370
378	394
378	402
378	430
378	440
378	455
378	486
378	488
379	27
379	52
379	57
379	99
379	151
379	157
379	182
379	215
379	255
379	270
379	341
379	486
379	497
380	27
380	67
380	74
380	163
380	167
380	173
380	239
380	251
380	331
380	371
380	423
380	427
380	445
381	4
381	177
381	280
381	305
381	306
381	348
381	358
381	401
381	410
381	418
381	463
381	480
381	497
382	72
382	73
382	160
382	234
382	251
382	282
382	315
382	321
382	328
382	360
382	423
382	489
382	496
383	12
383	129
383	181
383	245
383	267
383	273
383	274
383	305
383	333
383	363
383	439
383	444
383	485
384	82
384	140
384	181
384	206
384	344
384	349
384	405
384	407
384	428
384	446
384	455
384	459
384	488
385	115
385	193
385	298
385	319
385	339
385	392
385	398
385	408
385	422
385	435
385	438
385	469
385	483
386	26
386	141
386	254
386	271
386	274
386	282
386	295
386	349
386	397
386	403
386	485
386	492
386	493
387	71
387	105
387	118
387	120
387	163
387	307
387	314
387	411
387	412
387	424
387	435
387	460
387	463
388	61
388	77
388	112
388	183
388	211
388	223
388	247
388	367
388	389
388	402
388	420
388	490
388	492
389	39
389	103
389	245
389	254
389	256
389	273
389	282
389	325
389	368
389	388
389	417
389	432
389	439
390	45
390	77
390	144
390	152
390	223
390	294
390	338
390	355
390	402
390	409
390	420
390	427
390	489
391	11
391	122
391	175
391	234
391	321
391	348
391	425
391	429
391	465
391	470
391	475
391	485
391	489
392	135
392	185
392	217
392	285
392	287
392	295
392	299
392	346
392	376
392	385
392	428
392	435
392	493
393	32
393	134
393	154
393	164
393	176
393	185
393	199
393	216
393	220
393	288
393	302
393	462
393	467
394	51
394	81
394	108
394	186
394	292
394	295
394	378
394	399
394	445
394	446
394	449
394	457
394	461
395	174
395	212
395	219
395	232
395	284
395	304
395	323
395	343
395	373
395	399
395	415
395	435
395	452
395	496
396	114
396	172
396	207
396	224
396	298
396	332
396	403
396	406
396	413
396	438
396	462
396	474
396	490
396	496
397	70
397	102
397	109
397	343
397	353
397	386
397	398
397	399
397	403
397	415
397	422
397	436
397	460
397	480
398	117
398	144
398	247
398	277
398	299
398	301
398	318
398	327
398	352
398	368
398	385
398	397
398	437
398	487
399	9
399	149
399	270
399	305
399	309
399	359
399	394
399	395
399	397
399	407
399	476
399	485
399	490
399	493
400	74
400	93
400	125
400	169
400	209
400	306
400	309
400	318
400	413
400	419
400	423
400	446
400	483
400	484
401	209
401	264
401	304
401	305
401	342
401	347
401	381
401	418
401	419
401	431
401	463
401	478
401	492
401	497
402	183
402	233
402	242
402	267
402	294
402	303
402	355
402	367
402	378
402	388
402	390
402	447
402	471
402	476
403	160
403	211
403	222
403	243
403	278
403	340
403	353
403	365
403	386
403	396
403	397
403	412
403	469
403	476
404	1
404	145
404	159
404	236
404	300
404	317
404	324
404	369
404	459
404	472
404	480
404	487
404	499
404	500
405	16
405	23
405	37
405	60
405	137
405	188
405	235
405	357
405	384
405	441
405	455
405	459
405	487
405	488
406	25
406	41
406	232
406	305
406	371
406	396
406	410
406	456
406	458
406	468
406	470
406	471
406	487
406	491
407	42
407	142
407	185
407	228
407	344
407	384
407	399
407	430
407	446
407	454
407	455
407	458
407	477
407	488
408	99
408	117
408	169
408	257
408	260
408	287
408	298
408	339
408	385
408	426
408	428
408	458
408	471
408	495
409	49
409	72
409	93
409	120
409	177
409	187
409	292
409	295
409	390
409	426
409	427
409	457
409	458
409	461
410	40
410	45
410	137
410	175
410	202
410	283
410	340
410	375
410	381
410	406
410	433
410	434
410	449
410	486
410	497
411	71
411	118
411	121
411	157
411	163
411	176
411	252
411	296
411	307
411	387
411	424
411	440
411	459
411	462
411	500
412	28
412	84
412	124
412	194
412	196
412	227
412	278
412	306
412	309
412	325
412	374
412	375
412	387
412	403
412	472
413	12
413	216
413	239
413	248
413	249
413	353
413	363
413	396
413	400
413	423
413	438
413	445
413	454
413	483
413	491
414	87
414	172
414	228
414	236
414	259
414	293
414	308
414	340
414	428
414	442
414	448
414	456
414	485
414	486
414	488
415	73
415	174
415	254
415	271
415	274
415	284
415	294
415	304
415	323
415	327
415	354
415	373
415	395
415	397
415	452
416	18
416	62
416	111
416	140
416	162
416	187
416	209
416	213
416	216
416	241
416	330
416	346
416	360
416	451
416	473
417	93
417	95
417	120
417	160
417	224
417	245
417	258
417	273
417	277
417	325
417	389
417	421
417	437
417	467
417	493
418	32
418	35
418	69
418	118
418	128
418	347
418	381
418	401
418	431
418	438
418	442
418	462
418	463
418	465
418	478
419	3
419	58
419	96
419	262
419	281
419	287
419	313
419	377
419	400
419	401
419	424
419	429
419	437
419	463
419	496
420	29
420	33
420	188
420	223
420	232
420	242
420	247
420	249
420	294
420	344
420	368
420	388
420	390
420	464
420	484
421	26
421	76
421	84
421	130
421	184
421	220
421	244
421	326
421	335
421	417
421	429
421	451
421	472
421	474
421	487
422	9
422	15
422	217
422	263
422	285
422	287
422	385
422	397
422	427
422	428
422	452
422	461
422	465
422	479
422	491
422	493
423	1
423	12
423	162
423	350
423	360
423	375
423	380
423	382
423	400
423	413
423	434
423	438
423	439
423	451
423	483
423	484
424	71
424	98
424	121
424	139
424	163
424	170
424	212
424	214
424	307
424	314
424	346
424	373
424	387
424	411
424	419
424	487
425	31
425	55
425	116
425	122
425	157
425	230
425	243
425	251
425	284
425	321
425	338
425	372
425	391
425	465
425	489
425	496
426	18
426	78
426	126
426	127
426	136
426	148
426	218
426	303
426	325
426	337
426	353
426	372
426	408
426	409
426	475
426	490
427	36
427	123
427	175
427	192
427	205
427	265
427	268
427	293
427	331
427	364
427	380
427	390
427	409
427	422
427	445
427	473
428	15
428	117
428	155
428	171
428	217
428	286
428	299
428	347
428	384
428	392
428	408
428	414
428	422
428	434
428	465
428	474
429	65
429	270
429	309
429	334
429	337
429	351
429	356
429	365
429	391
429	419
429	421
429	430
429	433
429	476
429	485
429	488
429	490
430	113
430	180
430	206
430	280
430	302
430	333
430	357
430	370
430	373
430	378
430	407
430	429
430	446
430	455
430	456
430	458
430	488
431	4
431	34
431	236
431	263
431	292
431	304
431	305
431	343
431	347
431	351
431	358
431	401
431	418
431	433
431	463
431	478
431	499
432	22
432	115
432	167
432	170
432	204
432	222
432	312
432	363
432	389
432	437
432	443
432	453
432	454
432	455
432	456
432	479
432	495
433	5
433	112
433	113
433	275
433	283
433	308
433	326
433	336
433	410
433	429
433	431
433	448
433	452
433	456
433	457
433	486
433	495
434	131
434	228
434	291
434	313
434	340
434	369
434	410
434	423
434	428
434	448
434	450
434	456
434	467
434	472
434	479
434	486
434	497
434	500
435	9
435	99
435	109
435	219
435	223
435	274
435	285
435	298
435	299
435	327
435	329
435	339
435	385
435	387
435	392
435	395
435	465
435	497
436	75
436	102
436	160
436	165
436	167
436	189
436	212
436	225
436	226
436	233
436	270
436	299
436	349
436	397
436	477
436	482
436	486
436	491
437	48
437	139
437	222
437	329
437	376
437	398
437	417
437	419
437	432
437	447
437	453
437	454
437	462
437	469
437	479
437	493
437	495
437	500
438	132
438	176
438	197
438	224
438	249
438	317
438	332
438	350
438	385
438	396
438	413
438	418
438	423
438	445
438	470
438	483
438	484
438	500
439	19
439	27
439	70
439	90
439	109
439	129
439	163
439	181
439	248
439	267
439	274
439	343
439	363
439	383
439	389
439	423
439	477
439	491
440	9
440	44
440	272
440	310
440	316
440	319
440	322
440	337
440	338
440	378
440	411
440	459
440	477
440	481
440	494
440	495
440	499
440	500
441	42
441	43
441	86
441	90
441	97
441	164
441	171
441	206
441	231
441	289
441	302
441	344
441	349
441	405
441	450
441	455
441	483
441	494
442	106
442	149
442	165
442	191
442	248
442	263
442	264
442	276
442	286
442	323
442	340
442	414
442	418
442	449
442	450
442	464
442	468
442	483
443	40
443	110
443	119
443	146
443	173
443	178
443	220
443	233
443	286
443	288
443	299
443	300
443	334
443	337
443	344
443	432
443	472
443	474
444	53
444	54
444	61
444	103
444	104
444	123
444	130
444	166
444	174
444	206
444	252
444	306
444	311
444	312
444	333
444	342
444	383
444	447
444	455
445	36
445	69
445	74
445	239
445	255
445	263
445	268
445	293
445	297
445	331
445	332
445	342
445	380
445	394
445	413
445	427
445	438
445	474
445	484
446	3
446	5
446	43
446	61
446	87
446	97
446	123
446	302
446	370
446	384
446	394
446	400
446	407
446	430
446	455
446	463
446	479
446	488
446	499
447	53
447	54
447	61
447	130
447	166
447	230
447	273
447	305
447	311
447	313
447	322
447	333
447	342
447	402
447	437
447	444
447	466
447	475
447	489
448	10
448	80
448	104
448	195
448	203
448	226
448	247
448	256
448	257
448	291
448	326
448	414
448	433
448	434
448	456
448	473
448	478
448	482
448	497
449	106
449	111
449	145
449	165
449	191
449	193
449	250
449	263
449	264
449	292
449	376
449	394
449	410
449	442
449	450
449	464
449	470
449	496
449	498
450	56
450	145
450	194
450	200
450	205
450	248
450	250
450	263
450	264
450	318
450	374
450	434
450	441
450	442
450	449
450	455
450	459
450	464
450	500
451	15
451	26
451	33
451	84
451	125
451	141
451	184
451	189
451	244
451	258
451	315
451	316
451	328
451	416
451	421
451	423
451	466
451	472
451	492
452	43
452	73
452	81
452	171
452	174
452	205
452	232
452	275
452	297
452	304
452	323
452	353
452	373
452	395
452	415
452	422
452	433
452	466
452	485
453	6
453	8
453	139
453	160
453	170
453	210
453	222
453	336
453	366
453	376
453	432
453	437
453	454
453	479
453	483
453	485
453	491
453	495
453	499
454	48
454	98
454	130
454	144
454	177
454	213
454	274
454	363
454	374
454	376
454	407
454	413
454	432
454	437
454	453
454	458
454	471
454	479
454	495
455	38
455	165
455	217
455	302
455	344
455	362
455	372
455	378
455	384
455	405
455	407
455	430
455	432
455	441
455	444
455	446
455	450
455	459
455	488
455	500
456	107
456	158
456	266
456	283
456	291
456	300
456	308
456	340
456	354
456	375
456	406
456	414
456	430
456	432
456	433
456	434
456	448
456	472
456	474
456	497
457	7
457	8
457	49
457	51
457	95
457	107
457	108
457	112
457	134
457	168
457	186
457	279
457	295
457	307
457	350
457	394
457	409
457	433
457	461
457	493
458	21
458	225
458	229
458	265
458	266
458	286
458	371
458	406
458	407
458	408
458	409
458	430
458	454
458	468
458	470
458	471
458	487
458	491
459	79
459	275
459	284
459	289
459	296
459	351
459	362
459	384
459	404
459	405
459	411
459	440
459	450
459	455
459	464
459	469
459	481
459	494
459	499
459	500
460	20
460	92
460	104
460	107
460	132
460	138
460	217
460	219
460	245
460	259
460	320
460	324
460	387
460	397
460	466
460	485
460	492
460	495
460	496
460	498
461	8
461	68
461	72
461	80
461	93
461	139
461	147
461	166
461	208
461	269
461	292
461	295
461	361
461	394
461	409
461	422
461	457
461	462
461	469
461	475
462	41
462	59
462	96
462	114
462	162
462	169
462	207
462	209
462	281
462	332
462	367
462	370
462	393
462	396
462	411
462	418
462	437
462	461
462	483
462	484
463	2
463	32
463	128
463	148
463	229
463	271
463	305
463	322
463	344
463	358
463	377
463	381
463	387
463	401
463	418
463	419
463	431
463	446
463	465
463	478
464	106
464	145
464	150
464	165
464	200
464	205
464	239
464	250
464	260
464	263
464	264
464	294
464	361
464	367
464	372
464	420
464	442
464	449
464	450
464	459
464	500
465	14
465	17
465	33
465	179
465	252
465	285
465	287
465	298
465	299
465	322
465	324
465	391
465	418
465	422
465	425
465	428
465	435
465	463
465	468
465	476
465	479
466	36
466	100
466	131
466	150
466	158
466	219
466	220
466	229
466	237
466	259
466	311
466	320
466	355
466	356
466	366
466	447
466	451
466	452
466	460
466	492
466	498
467	56
467	66
467	83
467	133
467	142
467	154
467	161
467	170
467	176
467	185
467	217
467	238
467	242
467	301
467	320
467	354
467	376
467	393
467	417
467	434
467	490
467	494
468	22
468	55
468	214
468	238
468	244
468	248
468	256
468	264
468	277
468	286
468	289
468	310
468	322
468	371
468	406
468	442
468	458
468	465
468	470
468	471
468	487
468	491
469	14
469	50
469	75
469	83
469	109
469	118
469	166
469	233
469	234
469	243
469	269
469	297
469	308
469	349
469	365
469	385
469	403
469	437
469	459
469	461
469	482
469	495
470	30
470	127
470	136
470	137
470	208
470	237
470	255
470	256
470	310
470	346
470	371
470	376
470	391
470	406
470	438
470	449
470	458
470	468
470	471
470	487
470	490
470	491
471	55
471	91
471	92
471	172
471	208
471	237
471	289
471	294
471	310
471	340
471	356
471	371
471	402
471	406
471	408
471	454
471	458
471	468
471	470
471	476
471	487
471	491
472	7
472	28
472	76
472	84
472	127
472	178
472	189
472	200
472	244
472	258
472	293
472	304
472	404
472	412
472	421
472	434
472	443
472	451
472	456
472	474
472	490
472	498
473	21
473	25
473	79
473	143
473	155
473	190
473	198
473	213
473	226
473	280
473	286
473	308
473	346
473	347
473	360
473	361
473	416
473	427
473	448
473	480
473	481
473	487
474	7
474	26
474	28
474	33
474	76
474	127
474	184
474	189
474	244
474	258
474	328
474	359
474	360
474	367
474	368
474	396
474	421
474	428
474	443
474	445
474	456
474	472
474	496
475	16
475	29
475	58
475	60
475	78
475	136
475	147
475	196
475	218
475	221
475	225
475	237
475	253
475	262
475	303
475	312
475	329
475	372
475	391
475	426
475	447
475	461
475	494
476	46
476	47
476	69
476	162
476	251
476	332
476	335
476	337
476	348
476	350
476	356
476	399
476	402
476	403
476	429
476	465
476	471
476	477
476	481
476	485
476	490
476	493
476	498
477	46
477	65
477	72
477	149
477	201
477	232
477	259
477	270
477	296
477	303
477	335
477	337
477	356
477	407
477	436
477	439
477	440
477	476
477	485
477	486
477	487
477	490
477	493
478	2
478	81
478	94
478	116
478	184
478	231
478	280
478	306
478	336
478	347
478	350
478	358
478	371
478	377
478	401
478	418
478	431
478	448
478	463
478	479
478	491
478	497
478	499
479	22
479	54
479	88
479	98
479	105
479	116
479	138
479	177
479	204
479	210
479	266
479	324
479	351
479	422
479	432
479	434
479	437
479	446
479	453
479	454
479	465
479	478
479	495
480	21
480	25
480	46
480	101
480	111
480	143
480	149
480	187
480	198
480	222
480	234
480	241
480	285
480	330
480	344
480	346
480	361
480	368
480	381
480	397
480	404
480	473
480	497
480	500
481	44
481	62
481	128
481	159
481	192
481	193
481	214
481	226
481	233
481	300
481	316
481	322
481	323
481	364
481	440
481	459
481	473
481	476
481	483
481	488
481	493
481	494
481	499
481	500
482	8
482	11
482	115
482	141
482	160
482	167
482	192
482	196
482	219
482	225
482	233
482	243
482	269
482	297
482	341
482	349
482	365
482	373
482	436
482	448
482	469
482	489
482	490
482	496
483	35
483	125
483	169
483	175
483	207
483	249
483	275
483	288
483	315
483	338
483	350
483	362
483	363
483	385
483	400
483	413
483	423
483	438
483	441
483	442
483	453
483	462
483	481
483	484
484	18
484	35
484	51
484	150
484	158
484	159
484	162
484	168
484	169
484	197
484	207
484	249
484	281
484	319
484	331
484	332
484	400
484	420
484	423
484	438
484	445
484	462
484	483
484	490
485	2
485	46
485	50
485	78
485	92
485	149
485	180
485	188
485	296
485	337
485	383
485	386
485	391
485	399
485	414
485	429
485	452
485	453
485	460
485	476
485	477
485	486
485	490
485	493
485	499
486	5
486	113
486	193
486	195
486	252
486	268
486	276
486	291
486	308
486	319
486	326
486	340
486	345
486	369
486	378
486	379
486	410
486	414
486	433
486	434
486	436
486	477
486	485
486	497
486	499
487	19
487	37
487	70
487	181
487	208
487	237
487	241
487	256
487	286
487	310
487	321
487	371
487	398
487	404
487	405
487	406
487	421
487	424
487	458
487	468
487	470
487	471
487	473
487	477
487	489
487	491
488	13
488	23
488	43
488	161
488	179
488	195
488	200
488	234
488	245
488	269
488	301
488	309
488	344
488	357
488	370
488	378
488	384
488	405
488	407
488	414
488	429
488	430
488	446
488	455
488	481
488	490
489	56
489	108
489	140
489	152
489	184
489	213
489	234
489	236
489	263
489	289
489	293
489	302
489	315
489	321
489	338
489	341
489	359
489	364
489	382
489	390
489	391
489	425
489	447
489	482
489	487
489	496
490	10
490	20
490	50
490	82
490	92
490	127
490	180
490	270
490	279
490	309
490	335
490	356
490	388
490	396
490	399
490	426
490	429
490	467
490	470
490	472
490	476
490	477
490	482
490	484
490	485
490	488
490	493
491	17
491	55
491	70
491	178
491	198
491	208
491	237
491	256
491	286
491	290
491	310
491	333
491	336
491	339
491	370
491	371
491	406
491	413
491	422
491	436
491	439
491	453
491	458
491	468
491	470
491	471
491	478
491	487
492	3
492	6
492	10
492	20
492	54
492	57
492	125
492	131
492	138
492	147
492	153
492	155
492	203
492	220
492	246
492	259
492	267
492	319
492	324
492	339
492	374
492	386
492	388
492	401
492	451
492	460
492	466
492	498
493	21
493	47
493	65
493	173
493	180
493	186
493	270
493	296
493	309
493	330
493	335
493	337
493	350
493	356
493	369
493	386
493	392
493	399
493	417
493	422
493	437
493	457
493	476
493	477
493	481
493	485
493	490
493	498
494	59
494	100
494	117
494	130
494	154
494	165
494	193
494	194
494	237
494	241
494	246
494	272
494	275
494	289
494	316
494	317
494	322
494	351
494	375
494	440
494	441
494	459
494	467
494	475
494	481
494	495
494	499
494	500
495	22
495	48
495	55
495	68
495	88
495	116
495	137
495	142
495	163
495	177
495	186
495	204
495	210
495	222
495	240
495	312
495	376
495	408
495	432
495	433
495	437
495	440
495	453
495	454
495	460
495	469
495	479
495	494
496	37
496	85
496	103
496	122
496	140
496	183
496	194
496	204
496	211
496	213
496	230
496	259
496	264
496	276
496	290
496	338
496	364
496	382
496	395
496	396
496	419
496	425
496	449
496	460
496	474
496	482
496	489
496	497
496	499
497	24
497	53
497	80
497	87
497	113
497	148
497	195
497	203
497	228
497	236
497	249
497	257
497	283
497	318
497	340
497	363
497	369
497	379
497	381
497	401
497	410
497	434
497	435
497	448
497	456
497	478
497	480
497	486
497	496
497	499
498	6
498	14
498	20
498	23
498	35
498	57
498	75
498	91
498	100
498	101
498	131
498	132
498	201
498	220
498	228
498	246
498	300
498	304
498	319
498	323
498	324
498	352
498	369
498	449
498	460
498	466
498	472
498	476
498	492
498	493
499	62
499	126
499	193
499	214
499	253
499	275
499	284
499	289
499	290
499	293
499	317
499	319
499	322
499	330
499	346
499	351
499	404
499	431
499	440
499	446
499	453
499	459
499	478
499	481
499	485
499	486
499	494
499	496
499	497
499	500
500	1
500	26
500	59
500	95
500	190
500	193
500	214
500	238
500	272
500	284
500	316
500	322
500	327
500	351
500	357
500	361
500	404
500	411
500	434
500	437
500	438
500	440
500	450
500	455
500	459
500	464
500	480
500	481
500	494
500	499
