1	400
1	404
1	489
1	490
1	499
2	63
2	271
2	445
2	454
2	481
3	399
3	431
3	468
3	477
3	488
4	379
4	391
4	405
4	418
4	419
5	380
5	459
5	462
5	473
5	491
6	139
6	289
6	445
6	454
6	481
7	333
7	393
7	472
7	496
7	500
8	77
8	279
8	319
8	349
8	361
9	285
9	453
9	468
9	474
9	477
10	311
10	459
10	463
10	473
10	491
11	262
11	335
11	479
11	496
11	500
12	346
12	424
12	444
12	464
12	470
13	132
13	194
13	347
13	399
13	414
14	376
14	398
14	468
14	474
14	488
15	351
15	370
15	440
15	454
15	481
16	412
16	434
16	438
16	441
16	443
17	217
17	370
17	440
17	454
17	481
18	292
18	312
18	372
18	397
18	416
19	240
19	254
19	384
19	415
19	488
20	356
20	417
20	445
20	454
20	481
21	191
21	250
21	374
21	410
21	429
22	150
22	322
22	372
22	397
22	416
23	282
23	330
23	429
23	451
23	457
24	256
24	369
24	474
24	477
24	488
25	42
25	104
25	298
25	382
25	389
26	211
26	294
26	340
26	384
26	415
27	94
27	306
27	396
27	410
27	453
28	119
28	379
28	405
28	411
28	418
29	220
29	298
29	362
29	389
29	391
30	182
30	212
30	231
30	248
30	281
31	384
31	405
31	411
31	418
31	419
32	278
32	489
32	490
32	495
32	499
33	355
33	431
33	468
33	480
33	488
34	448
34	461
34	463
34	473
34	491
35	300
35	321
35	429
35	451
35	457
36	234
36	294
36	340
36	384
36	415
37	130
37	369
37	388
37	403
37	406
38	172
38	208
38	263
38	308
38	381
39	273
39	319
39	347
39	371
39	414
40	430
40	449
40	456
40	475
40	494
41	106
41	254
41	275
41	294
41	415
42	25
42	298
42	362
42	382
42	389
43	294
43	340
43	384
43	415
43	484
44	289
44	440
44	445
44	454
44	481
45	333
45	460
45	472
45	496
45	500
46	461
46	463
46	473
46	476
46	491
47	239
47	341
47	372
47	397
47	416
48	119
48	343
48	407
48	439
48	467
49	413
49	449
49	456
49	482
49	494
50	128
50	306
50	365
50	396
50	410
51	268
51	329
51	362
51	382
51	389
52	288
52	305
52	356
52	370
52	481
53	310
53	407
53	422
53	439
53	467
54	413
54	433
54	475
54	482
54	494
55	459
55	478
55	486
55	487
55	497
56	363
56	413
56	442
56	456
56	494
57	131
57	228
57	259
57	301
57	325
58	401
58	460
58	472
58	496
58	500
59	334
59	359
59	375
59	407
59	467
60	272
60	410
60	423
60	442
60	450
61	146
61	272
61	423
61	442
61	471
62	388
62	407
62	422
62	439
62	467
63	2
63	356
63	440
63	445
63	481
64	385
64	480
64	481
64	487
64	497
65	88
65	478
65	486
65	487
65	497
66	276
66	366
66	433
66	475
66	482
67	392
67	420
67	423
67	442
67	450
68	466
68	485
68	492
68	493
68	498
69	354
69	420
69	423
69	442
69	471
70	224
70	253
70	304
70	489
70	499
71	382
71	452
71	458
71	480
71	497
72	305
72	351
72	356
72	445
72	481
73	205
73	419
73	472
73	496
73	500
74	130
74	190
74	295
74	369
74	403
75	99
75	130
75	169
75	223
75	403
76	250
76	306
76	365
76	374
76	410
77	8
77	179
77	200
77	373
77	490
78	268
78	329
78	362
78	382
78	389
79	284
79	292
79	341
79	397
79	416
80	229
80	427
80	444
80	475
80	494
81	234
81	404
81	422
81	495
81	499
82	126
82	131
82	228
82	301
82	325
83	135
83	367
83	394
83	421
83	426
84	391
84	411
84	418
84	419
84	467
85	307
85	320
85	339
85	360
85	378
86	321
86	330
86	429
86	451
86	457
87	221
87	318
87	417
87	436
87	464
88	65
88	480
88	486
88	487
88	497
89	123
89	369
89	403
89	406
89	470
90	115
90	220
90	298
90	382
90	389
91	277
91	409
91	459
91	461
91	476
91	491
92	129
92	131
92	200
92	259
92	301
92	325
93	323
93	383
93	391
93	405
93	418
93	419
94	27
94	191
94	274
94	365
94	396
94	410
95	161
95	203
95	273
95	371
95	414
95	469
96	186
96	192
96	231
96	248
96	281
96	392
97	240
97	254
97	340
97	384
97	415
97	476
98	207
98	302
98	393
98	472
98	496
98	500
99	75
99	136
99	148
99	214
99	223
99	403
100	139
100	370
100	440
100	445
100	454
100	481
101	106
101	240
101	254
101	340
101	384
101	415
102	385
102	435
102	485
102	492
102	493
102	498
103	150
103	312
103	322
103	341
103	372
103	416
104	25
104	262
104	408
104	479
104	496
104	500
105	238
105	367
105	386
105	394
105	421
105	426
106	41
106	101
106	294
106	340
106	415
106	450
107	128
107	181
107	365
107	374
107	396
107	410
108	345
108	424
108	436
108	444
108	464
108	470
109	317
109	426
109	453
109	474
109	477
109	488
110	203
110	233
110	347
110	399
110	414
110	474
111	279
111	458
111	489
111	490
111	495
111	499
112	204
112	206
112	359
112	422
112	439
112	467
113	275
113	393
113	472
113	479
113	496
113	500
114	334
114	388
114	407
114	422
114	439
114	467
115	90
115	329
115	362
115	382
115	389
115	487
116	466
116	483
116	484
116	485
116	493
116	498
117	200
117	244
117	247
117	349
117	361
117	373
118	242
118	258
118	368
118	474
118	477
118	488
119	28
119	48
119	310
119	422
119	439
119	467
120	272
120	375
120	420
120	450
120	471
120	477
121	421
121	462
121	483
121	485
121	493
121	498
122	435
122	465
122	484
122	492
122	493
122	498
123	89
123	196
123	369
123	403
123	406
123	464
124	395
124	412
124	434
124	438
124	441
124	443
125	279
125	390
125	404
125	428
125	489
125	495
126	82
126	129
126	228
126	259
126	301
126	325
127	400
127	428
127	447
127	489
127	490
127	499
128	50
128	107
128	191
128	374
128	396
128	410
129	92
129	126
129	259
129	301
129	315
129	325
130	37
130	74
130	75
130	214
130	406
130	408
131	57
131	82
131	92
131	228
131	301
131	325
132	13
132	194
132	371
132	397
132	399
132	414
133	247
133	280
133	319
133	349
133	361
133	373
134	195
134	367
134	386
134	394
134	421
134	426
135	83
135	386
135	394
135	421
135	426
135	465
136	99
136	214
136	253
136	383
136	403
136	406
137	165
137	339
137	345
137	352
137	368
137	378
138	313
138	375
138	392
138	442
138	450
138	471
139	6
139	100
139	288
139	445
139	454
139	481
140	282
140	433
140	456
140	475
140	482
140	494
141	290
141	424
141	444
141	464
141	469
141	470
142	195
142	238
142	285
142	394
142	421
142	426
143	310
143	358
143	388
143	422
143	439
143	467
144	284
144	320
144	390
144	460
144	479
144	496
145	344
145	350
145	377
145	429
145	451
145	457
146	61
146	354
146	392
146	423
146	450
146	471
147	265
147	283
147	428
147	489
147	490
147	495
148	99
148	398
148	468
148	474
148	477
148	488
149	317
149	398
149	431
149	468
149	474
149	488
150	22
150	103
150	322
150	372
150	397
150	416
151	199
151	296
151	433
151	475
151	482
151	494
152	194
152	383
152	405
152	411
152	418
152	419
153	219
153	252
153	291
153	313
153	343
153	381
154	335
154	483
154	484
154	492
154	493
154	498
155	300
155	350
155	429
155	451
155	457
155	498
156	288
156	289
156	351
156	440
156	454
156	481
157	314
157	427
157	449
157	456
157	475
157	482
158	367
158	386
158	394
158	420
158	421
158	426
159	339
159	352
159	360
159	368
159	378
159	462
160	355
160	453
160	468
160	474
160	477
160	488
161	95
161	233
161	293
161	347
161	399
161	414
162	173
162	238
162	386
162	394
162	421
162	426
163	325
163	458
163	478
163	486
163	487
163	497
164	218
164	375
164	392
164	420
164	450
164	471
165	137
165	173
165	352
165	368
165	378
165	498
166	192
166	212
166	248
166	251
166	281
166	302
167	188
167	238
167	367
167	386
167	421
167	426
168	402
168	446
168	454
168	478
168	480
168	497
169	75
169	196
169	253
169	369
169	403
169	406
170	283
170	448
170	489
170	490
170	495
170	499
171	256
171	323
171	453
171	468
171	474
171	477
171	488
172	38
172	208
172	291
172	308
172	313
172	381
172	495
173	162
173	165
173	320
173	326
173	352
173	360
173	378
174	176
174	267
174	354
174	375
174	392
174	420
174	450
175	237
175	360
175	387
175	417
175	464
175	469
175	470
176	174
176	272
176	324
176	423
176	442
176	450
176	471
177	402
177	446
177	452
177	480
177	486
177	487
177	497
178	346
178	458
178	478
178	480
178	486
178	487
178	497
179	77
179	247
179	255
179	319
179	361
179	373
179	472
180	225
180	350
180	353
180	377
180	429
180	451
180	457
181	107
181	306
181	365
181	371
181	374
181	396
181	410
182	30
182	212
182	231
182	248
182	251
182	281
182	498
183	232
183	302
183	401
183	460
183	479
183	496
183	500
184	307
184	326
184	352
184	355
184	360
184	368
184	378
185	236
185	333
185	395
185	434
185	438
185	441
185	443
186	96
186	192
186	212
186	231
186	248
186	251
186	281
187	437
187	448
187	461
187	463
187	473
187	476
187	491
188	167
188	238
188	367
188	394
188	421
188	426
188	492
189	337
189	359
189	437
189	448
189	473
189	476
189	491
190	74
190	196
190	253
190	369
190	403
190	406
190	487
191	21
191	94
191	128
191	365
191	374
191	396
191	410
192	96
192	166
192	186
192	212
192	251
192	259
192	281
193	216
193	357
193	413
193	444
193	464
193	469
193	470
194	13
194	132
194	152
194	293
194	371
194	399
194	414
195	134
195	142
195	367
195	386
195	394
195	421
195	426
196	123
196	169
196	190
196	349
196	369
196	403
196	406
197	318
197	357
197	390
197	424
197	436
197	469
197	470
198	318
198	332
198	412
198	434
198	438
198	441
198	443
199	151
199	366
199	449
199	456
199	460
199	482
199	494
200	77
200	92
200	117
200	244
200	349
200	361
200	373
201	332
201	412
201	434
201	438
201	440
201	441
201	443
202	208
202	219
202	252
202	263
202	308
202	313
202	381
203	95
203	110
203	293
203	371
203	399
203	414
203	433
204	112
204	359
204	388
204	407
204	411
204	439
204	467
205	73
205	393
205	460
205	479
205	496
205	499
205	500
206	112
206	334
206	388
206	422
206	439
206	445
206	467
207	98
207	376
207	404
207	447
207	490
207	495
207	499
208	38
208	172
208	202
208	219
208	291
208	308
208	381
209	336
209	400
209	406
209	489
209	490
209	495
209	499
210	257
210	331
210	379
210	383
210	391
210	405
210	411
211	26
211	240
211	294
211	327
211	340
211	384
211	415
212	30
212	166
212	182
212	186
212	192
212	251
212	500
213	216
213	387
213	414
213	417
213	424
213	464
213	469
214	99
214	130
214	136
214	223
214	369
214	403
214	406
215	267
215	428
215	447
215	489
215	490
215	495
215	499
216	193
216	213
216	417
216	436
216	466
216	469
216	470
217	17
217	331
217	379
217	383
217	391
217	411
217	419
218	164
218	324
218	420
218	423
218	450
218	456
218	471
219	153
219	202
219	208
219	252
219	263
219	313
219	381
220	29
220	90
220	268
220	329
220	362
220	382
220	389
221	87
221	483
221	484
221	485
221	492
221	493
221	498
222	236
222	395
222	412
222	434
222	438
222	441
222	443
223	75
223	99
223	214
223	253
223	403
223	406
223	471
224	70
224	376
224	400
224	447
224	490
224	495
224	499
225	180
225	321
225	330
225	344
225	451
225	457
225	479
226	364
226	446
226	452
226	480
226	486
226	487
226	497
227	446
227	458
227	478
227	486
227	487
227	496
227	497
228	57
228	82
228	126
228	131
228	259
228	301
228	325
229	80
229	296
229	321
229	342
229	427
229	430
229	482
229	494
230	287
230	314
230	337
230	409
230	437
230	473
230	476
230	491
231	30
231	96
231	182
231	186
231	248
231	251
231	281
231	473
232	183
232	275
232	401
232	408
232	455
232	460
232	479
232	500
233	110
233	161
233	273
233	293
233	371
233	394
233	399
233	414
234	36
234	81
234	404
234	428
234	489
234	490
234	495
234	499
235	239
235	246
235	266
235	292
235	312
235	341
235	397
235	416
236	185
236	222
236	395
236	412
236	434
236	438
236	441
236	443
237	175
237	387
237	417
237	436
237	444
237	464
237	469
237	477
238	105
238	142
238	162
238	167
238	188
238	386
238	421
238	426
239	47
239	235
239	246
239	312
239	322
239	341
239	397
239	416
240	19
240	97
240	101
240	211
240	254
240	375
240	384
240	415
241	430
241	433
241	449
241	456
241	467
241	475
241	482
241	494
242	118
242	323
242	350
242	431
242	453
242	474
242	477
242	488
243	310
243	358
243	359
243	388
243	401
243	407
243	422
243	467
244	117
244	200
244	247
244	255
244	319
244	349
244	361
244	373
245	314
245	448
245	459
245	463
245	473
245	476
245	485
245	491
246	235
246	239
246	292
246	322
246	341
246	372
246	397
246	416
247	117
247	133
247	179
247	244
247	255
247	319
247	349
247	361
248	30
248	96
248	166
248	182
248	186
248	231
248	281
248	299
249	339
249	452
249	458
249	478
249	480
249	486
249	487
249	497
250	21
250	76
250	306
250	332
250	365
250	374
250	396
250	410
251	166
251	182
251	186
251	192
251	212
251	231
251	262
251	281
252	153
252	202
252	219
252	263
252	291
252	308
252	313
252	381
253	70
253	136
253	169
253	190
253	223
253	369
253	403
253	406
254	19
254	41
254	97
254	101
254	240
254	340
254	384
254	415
255	179
255	244
255	247
255	319
255	349
255	361
255	373
255	435
256	24
256	171
256	317
256	453
256	474
256	475
256	477
256	488
257	210
257	379
257	383
257	391
257	403
257	405
257	418
257	419
258	118
258	276
258	323
258	355
258	431
258	474
258	477
258	488
259	57
259	92
259	126
259	129
259	192
259	228
259	301
259	325
260	274
260	395
260	412
260	434
260	438
260	441
260	443
260	468
261	267
261	354
261	392
261	400
261	420
261	442
261	450
261	471
262	11
262	104
262	251
262	390
262	408
262	479
262	496
262	500
263	38
263	202
263	219
263	252
263	291
263	313
263	381
263	407
264	385
264	402
264	458
264	478
264	480
264	486
264	487
264	497
265	147
265	304
265	447
265	449
265	489
265	490
265	495
265	499
266	235
266	400
266	428
266	447
266	489
266	490
266	495
266	499
267	174
267	215
267	261
267	324
267	392
267	423
267	442
267	471
268	51
268	78
268	220
268	317
268	329
268	362
268	382
268	389
269	361
269	462
269	465
269	483
269	484
269	485
269	492
269	493
269	498
270	335
270	390
270	393
270	401
270	460
270	472
270	479
270	496
270	500
271	2
271	288
271	305
271	370
271	440
271	445
271	454
271	481
271	492
272	60
272	61
272	120
272	176
272	420
272	423
272	442
272	461
272	471
273	39
273	95
273	233
273	293
273	347
273	365
273	371
273	399
273	414
274	94
274	260
274	303
274	395
274	412
274	434
274	438
274	441
274	443
275	41
275	113
275	232
275	401
275	460
275	472
275	479
275	496
275	500
276	66
276	258
276	316
276	413
276	427
276	430
276	433
276	475
276	494
277	91
277	309
277	409
277	437
277	442
277	459
277	463
277	476
277	491
278	32
278	304
278	376
278	400
278	415
278	447
278	490
278	495
278	499
279	8
279	111
279	125
279	376
279	404
279	447
279	489
279	495
279	499
280	133
280	402
280	452
280	458
280	478
280	480
280	486
280	487
280	497
281	30
281	96
281	166
281	182
281	186
281	192
281	231
281	248
281	251
282	23
282	140
282	300
282	350
282	353
282	377
282	429
282	451
282	457
283	147
283	170
283	400
283	447
283	452
283	489
283	490
283	495
283	499
284	79
284	144
284	335
284	390
284	460
284	472
284	479
284	496
284	500
285	9
285	142
285	398
285	431
285	453
285	468
285	474
285	477
285	488
286	316
286	324
286	427
286	430
286	433
286	449
286	475
286	482
286	494
287	230
287	455
287	465
287	466
287	483
287	484
287	492
287	493
287	498
288	52
288	139
288	156
288	271
288	351
288	356
288	406
288	440
288	454
289	6
289	44
289	156
289	351
289	430
289	440
289	445
289	454
289	481
290	141
290	318
290	346
290	417
290	424
290	464
290	468
290	469
290	470
291	153
291	172
291	208
291	252
291	263
291	308
291	313
291	337
291	381
292	18
292	79
292	235
292	246
292	312
292	322
292	372
292	389
292	416
293	161
293	194
293	203
293	233
293	273
293	347
293	371
293	399
293	414
294	26
294	36
294	41
294	43
294	106
294	211
294	384
294	415
294	479
295	74
295	455
295	462
295	483
295	484
295	485
295	492
295	493
295	498
296	151
296	229
296	363
296	413
296	424
296	427
296	430
296	449
296	494
297	327
297	428
297	446
297	452
297	458
297	478
297	486
297	487
297	497
298	25
298	29
298	42
298	90
298	329
298	362
298	382
298	389
298	427
299	248
299	323
299	398
299	431
299	453
299	468
299	474
299	477
299	488
300	35
300	155
300	282
300	330
300	344
300	377
300	429
300	451
300	457
301	57
301	82
301	92
301	126
301	129
301	131
301	228
301	259
301	325
302	98
302	166
302	183
302	390
302	460
302	472
302	479
302	496
302	500
303	274
303	332
303	395
303	412
303	434
303	438
303	441
303	443
303	471
304	70
304	265
304	278
304	336
304	418
304	428
304	489
304	490
304	499
305	52
305	72
305	271
305	356
305	438
305	440
305	445
305	454
305	481
306	27
306	50
306	76
306	181
306	250
306	365
306	374
306	396
306	410
307	85
307	184
307	320
307	326
307	339
307	360
307	368
307	378
307	436
308	38
308	172
308	202
308	208
308	252
308	291
308	313
308	381
308	415
309	277
309	314
309	380
309	409
309	448
309	459
309	461
309	463
309	476
309	491
310	53
310	119
310	143
310	243
310	334
310	358
310	407
310	439
310	467
310	497
311	10
311	341
311	409
311	437
311	448
311	459
311	461
311	473
311	476
311	491
312	18
312	103
312	235
312	239
312	292
312	322
312	341
312	372
312	373
312	416
313	138
313	153
313	172
313	202
313	219
313	252
313	263
313	291
313	308
313	381
314	157
314	230
314	245
314	309
314	448
314	459
314	461
314	463
314	476
314	491
315	129
315	435
315	462
315	465
315	466
315	484
315	485
315	492
315	493
315	498
316	276
316	286
316	357
316	413
316	427
316	433
316	449
316	475
316	482
316	494
317	109
317	149
317	256
317	268
317	323
317	431
317	453
317	474
317	477
317	488
318	87
318	197
318	198
318	290
318	345
318	387
318	436
318	444
318	469
318	470
319	8
319	39
319	133
319	179
319	244
319	247
319	255
319	349
319	361
319	373
320	85
320	144
320	173
320	307
320	326
320	339
320	352
320	360
320	368
320	378
321	35
321	86
321	225
321	229
321	350
321	353
321	377
321	429
321	451
321	457
322	22
322	103
322	150
322	239
322	246
322	292
322	312
322	397
322	416
322	417
323	93
323	171
323	242
323	258
323	299
323	317
323	453
323	468
323	477
323	488
324	176
324	218
324	267
324	286
324	354
324	392
324	423
324	442
324	450
324	471
325	57
325	82
325	92
325	126
325	129
325	131
325	163
325	228
325	259
325	301
326	173
326	184
326	307
326	320
326	339
326	352
326	360
326	368
326	378
326	428
327	211
327	297
327	385
327	446
327	452
327	478
327	480
327	486
327	487
327	497
328	380
328	437
328	438
328	448
328	459
328	461
328	463
328	473
328	476
328	491
329	51
329	78
329	115
329	220
329	268
329	298
329	362
329	382
329	389
329	395
330	23
330	86
330	225
330	300
330	344
330	353
330	402
330	429
330	451
330	457
331	210
331	217
331	359
331	379
331	383
331	391
331	405
331	411
331	418
331	419
332	198
332	201
332	250
332	303
332	395
332	412
332	434
332	438
332	441
332	443
333	7
333	45
333	185
333	393
333	408
333	460
333	472
333	479
333	496
333	500
334	59
334	114
334	206
334	310
334	358
334	359
334	370
334	422
334	439
334	467
335	11
335	154
335	270
335	284
335	401
335	408
335	472
335	479
335	496
335	500
336	209
336	304
336	400
336	419
336	428
336	447
336	489
336	490
336	495
336	499
337	189
337	230
337	291
337	437
337	459
337	461
337	463
337	473
337	476
337	491
338	455
338	462
338	465
338	466
338	483
338	484
338	485
338	488
338	492
338	493
338	498
339	85
339	137
339	159
339	249
339	307
339	320
339	326
339	352
339	360
339	368
339	453
340	26
340	36
340	43
340	97
340	101
340	106
340	211
340	254
340	384
340	415
340	500
341	47
341	79
341	103
341	235
341	239
341	246
341	311
341	312
341	372
341	397
341	416
342	229
342	363
342	366
342	413
342	427
342	430
342	456
342	475
342	482
342	494
342	495
343	48
343	153
343	432
343	435
343	455
343	466
343	483
343	484
343	485
343	492
343	498
344	145
344	225
344	300
344	330
344	353
344	377
344	404
344	429
344	451
344	457
344	481
345	108
345	137
345	318
345	346
345	357
345	417
345	424
345	436
345	444
345	469
345	470
346	12
346	178
346	290
346	345
346	387
346	424
346	436
346	444
346	464
346	469
346	470
347	13
347	39
347	110
347	161
347	273
347	293
347	371
347	399
347	414
347	452
347	486
348	372
348	455
348	462
348	465
348	466
348	483
348	484
348	485
348	492
348	493
348	498
349	8
349	117
349	133
349	196
349	200
349	244
349	247
349	255
349	319
349	361
349	373
350	145
350	155
350	180
350	242
350	282
350	321
350	353
350	377
350	429
350	451
350	457
351	15
351	72
351	156
351	288
351	289
351	370
351	440
351	445
351	454
351	481
351	494
352	137
352	159
352	165
352	173
352	184
352	320
352	326
352	339
352	360
352	378
352	494
353	180
353	282
353	321
353	330
353	344
353	350
353	377
353	429
353	451
353	457
353	491
354	69
354	146
354	174
354	261
354	324
354	374
354	375
354	420
354	423
354	442
354	471
355	33
355	160
355	184
355	258
355	398
355	431
355	453
355	468
355	474
355	477
355	488
356	20
356	52
356	63
356	72
356	288
356	305
356	370
356	440
356	445
356	481
356	488
357	193
357	197
357	316
357	345
357	417
357	424
357	436
357	444
357	464
357	469
357	470
358	143
358	243
358	310
358	334
358	359
358	388
358	407
358	422
358	439
358	467
358	496
359	59
359	112
359	189
359	204
359	243
359	331
359	334
359	358
359	388
359	422
359	439
359	467
360	85
360	159
360	173
360	175
360	184
360	307
360	320
360	326
360	339
360	352
360	368
360	378
361	8
361	117
361	133
361	179
361	200
361	244
361	247
361	255
361	269
361	319
361	349
361	373
362	29
362	42
362	51
362	78
362	115
362	220
362	268
362	298
362	329
362	377
362	382
362	389
363	56
363	296
363	342
363	366
363	413
363	427
363	449
363	456
363	472
363	475
363	482
363	494
364	226
364	402
364	425
364	446
364	452
364	458
364	478
364	480
364	486
364	487
364	491
364	497
365	50
365	76
365	94
365	107
365	181
365	191
365	250
365	273
365	306
365	374
365	396
365	410
366	66
366	199
366	342
366	363
366	430
366	433
366	449
366	456
366	475
366	482
366	490
366	494
367	83
367	105
367	134
367	158
367	167
367	188
367	195
367	380
367	386
367	394
367	421
367	426
368	118
368	137
368	159
368	165
368	184
368	307
368	320
368	326
368	339
368	360
368	378
368	430
369	24
369	37
369	74
369	89
369	123
369	169
369	190
369	196
369	214
369	253
369	373
369	406
370	15
370	17
370	52
370	100
370	271
370	334
370	351
370	356
370	440
370	445
370	454
370	481
371	39
371	95
371	132
371	181
371	194
371	203
371	233
371	273
371	293
371	347
371	399
371	414
372	18
372	22
372	47
372	103
372	150
372	246
372	292
372	312
372	341
372	348
372	397
372	416
373	77
373	117
373	133
373	179
373	200
373	244
373	255
373	312
373	319
373	349
373	361
373	369
374	21
374	76
374	107
374	128
374	181
374	191
374	250
374	306
374	354
374	365
374	396
374	410
375	59
375	120
375	138
375	164
375	174
375	240
375	354
375	392
375	420
375	442
375	450
375	471
376	14
376	207
376	224
376	278
376	279
376	400
376	401
376	428
376	447
376	489
376	490
376	495
376	499
377	145
377	180
377	282
377	300
377	321
377	344
377	350
377	353
377	362
377	405
377	429
377	451
377	457
378	85
378	137
378	159
378	165
378	173
378	184
378	307
378	320
378	326
378	352
378	360
378	368
378	457
379	4
379	28
379	210
379	217
379	257
379	331
379	383
379	391
379	405
379	411
379	418
379	419
379	425
380	5
380	309
380	328
380	367
380	409
380	437
380	448
380	459
380	461
380	463
380	473
380	476
380	491
381	38
381	153
381	172
381	202
381	208
381	219
381	252
381	263
381	291
381	308
381	313
381	398
381	412
382	25
382	42
382	51
382	71
382	78
382	90
382	115
382	220
382	268
382	298
382	329
382	362
382	389
383	93
383	136
383	152
383	210
383	217
383	257
383	331
383	379
383	391
383	405
383	411
383	418
383	419
384	19
384	26
384	31
384	36
384	43
384	97
384	101
384	211
384	240
384	254
384	294
384	340
384	415
385	64
385	102
385	264
385	327
385	402
385	446
385	452
385	458
385	478
385	480
385	486
385	487
385	497
386	105
386	134
386	135
386	158
386	162
386	167
386	195
386	238
386	367
386	394
386	421
386	426
386	486
387	175
387	213
387	237
387	318
387	346
387	424
387	431
387	432
387	436
387	444
387	464
387	469
387	470
388	37
388	62
388	114
388	143
388	204
388	206
388	243
388	358
388	359
388	407
388	422
388	439
388	467
389	25
389	29
389	42
389	51
389	78
389	90
389	115
389	220
389	268
389	292
389	298
389	329
389	362
389	382
390	125
390	144
390	197
390	262
390	270
390	284
390	302
390	393
390	401
390	408
390	472
390	479
390	496
390	500
391	4
391	29
391	84
391	93
391	210
391	217
391	257
391	331
391	379
391	383
391	405
391	411
391	418
391	419
392	67
392	96
392	138
392	146
392	164
392	174
392	261
392	267
392	324
392	375
392	420
392	442
392	450
392	471
393	7
393	98
393	113
393	205
393	270
393	333
393	390
393	408
393	434
393	460
393	472
393	479
393	496
393	500
394	83
394	105
394	134
394	135
394	142
394	158
394	162
394	188
394	195
394	233
394	367
394	386
394	421
394	426
395	124
395	185
395	222
395	236
395	260
395	274
395	303
395	329
395	332
395	412
395	434
395	438
395	441
395	443
396	27
396	50
396	94
396	107
396	128
396	181
396	191
396	250
396	306
396	365
396	374
396	410
396	469
396	481
397	18
397	22
397	47
397	79
397	132
397	150
397	235
397	239
397	246
397	322
397	341
397	372
397	416
397	435
398	14
398	148
398	149
398	285
398	299
398	355
398	381
398	422
398	431
398	453
398	468
398	474
398	477
398	488
399	3
399	13
399	110
399	132
399	161
399	194
399	203
399	233
399	273
399	293
399	347
399	371
399	414
399	473
400	1
400	127
400	209
400	224
400	261
400	266
400	278
400	283
400	336
400	376
400	404
400	489
400	490
400	495
400	499
401	58
401	183
401	232
401	243
401	270
401	275
401	335
401	376
401	390
401	408
401	460
401	472
401	479
401	496
401	500
402	168
402	177
402	264
402	280
402	330
402	364
402	385
402	446
402	452
402	458
402	478
402	480
402	486
402	487
402	497
403	37
403	74
403	75
403	89
403	99
403	123
403	136
403	169
403	190
403	196
403	214
403	223
403	253
403	257
403	406
404	1
404	81
404	125
404	207
404	234
404	279
404	344
404	400
404	428
404	447
404	461
404	489
404	490
404	495
404	499
405	4
405	28
405	31
405	93
405	152
405	210
405	257
405	331
405	377
405	379
405	383
405	391
405	411
405	418
405	419
406	37
406	89
406	123
406	130
406	136
406	169
406	190
406	196
406	209
406	214
406	223
406	253
406	288
406	369
406	403
407	48
407	53
407	59
407	62
407	114
407	204
407	243
407	263
407	310
407	358
407	388
407	422
407	439
407	467
407	496
408	104
408	130
408	232
408	262
408	333
408	335
408	390
408	393
408	401
408	431
408	460
408	472
408	479
408	496
408	500
409	91
409	230
409	277
409	309
409	311
409	380
409	437
409	439
409	448
409	459
409	461
409	463
409	473
409	476
409	491
410	21
410	27
410	50
410	60
410	76
410	94
410	107
410	128
410	181
410	191
410	250
410	306
410	365
410	374
410	396
411	28
411	31
411	84
411	152
411	204
411	210
411	217
411	331
411	379
411	383
411	391
411	405
411	418
411	419
411	493
412	16
412	124
412	198
412	201
412	222
412	236
412	260
412	274
412	303
412	332
412	381
412	395
412	434
412	438
412	441
412	443
413	49
413	54
413	56
413	193
413	276
413	296
413	316
413	342
413	363
413	427
413	430
413	433
413	449
413	456
413	475
413	494
414	13
414	39
414	95
414	110
414	132
414	161
414	194
414	203
414	213
414	233
414	273
414	293
414	347
414	371
414	399
414	495
415	19
415	26
415	36
415	41
415	43
415	97
415	101
415	106
415	211
415	240
415	254
415	278
415	294
415	308
415	340
415	384
416	18
416	22
416	47
416	79
416	103
416	150
416	235
416	239
416	246
416	292
416	312
416	322
416	341
416	372
416	397
416	441
417	20
417	87
417	175
417	213
417	216
417	237
417	290
417	322
417	345
417	357
417	424
417	436
417	444
417	464
417	469
417	470
418	4
418	28
418	31
418	84
418	93
418	152
418	257
418	304
418	331
418	379
418	383
418	391
418	405
418	411
418	419
418	483
419	4
419	31
419	73
419	84
419	93
419	152
419	217
419	257
419	331
419	336
419	379
419	383
419	391
419	405
419	411
419	418
420	67
420	69
420	120
420	158
420	164
420	174
420	218
420	261
420	272
420	354
420	375
420	392
420	423
420	450
420	451
420	471
421	83
421	105
421	121
421	134
421	135
421	142
421	158
421	162
421	167
421	188
421	195
421	238
421	367
421	386
421	394
421	426
422	53
422	62
422	81
422	112
422	114
422	119
422	143
422	206
422	243
422	334
422	358
422	359
422	388
422	398
422	407
422	439
422	467
423	60
423	61
423	67
423	69
423	146
423	176
423	218
423	267
423	272
423	324
423	354
423	420
423	442
423	450
423	465
423	471
423	500
424	12
424	108
424	141
424	197
424	213
424	290
424	296
424	345
424	346
424	357
424	387
424	417
424	436
424	444
424	464
424	469
424	470
425	364
425	379
425	432
425	435
425	455
425	462
425	465
425	466
425	483
425	484
425	485
425	492
425	493
425	498
426	83
426	105
426	109
426	134
426	135
426	142
426	158
426	162
426	167
426	188
426	195
426	238
426	367
426	386
426	394
426	421
426	446
427	80
427	157
427	229
427	276
427	286
427	296
427	298
427	316
427	342
427	363
427	413
427	430
427	433
427	456
427	475
427	482
427	494
428	125
428	127
428	147
428	215
428	234
428	266
428	297
428	304
428	326
428	336
428	376
428	404
428	447
428	489
428	490
428	495
428	499
429	21
429	23
429	35
429	86
429	145
429	155
429	180
429	282
429	300
429	321
429	330
429	344
429	350
429	353
429	377
429	451
429	457
430	40
430	229
430	241
430	276
430	286
430	289
430	296
430	342
430	366
430	368
430	413
430	427
430	449
430	456
430	475
430	482
430	494
431	3
431	33
431	149
431	242
431	258
431	285
431	299
431	317
431	355
431	387
431	398
431	408
431	453
431	468
431	474
431	477
431	488
432	343
432	387
432	425
432	435
432	455
432	462
432	465
432	466
432	483
432	484
432	485
432	492
432	493
432	498
433	54
433	66
433	140
433	151
433	203
433	241
433	276
433	286
433	316
433	366
433	413
433	427
433	449
433	456
433	480
433	482
433	494
434	16
434	124
434	185
434	198
434	201
434	222
434	236
434	260
434	274
434	303
434	332
434	393
434	395
434	412
434	438
434	441
434	443
435	102
435	122
435	255
435	315
435	343
435	397
435	425
435	432
435	455
435	462
435	465
435	466
435	483
435	484
435	485
435	492
435	493
435	498
436	87
436	108
436	197
436	216
436	237
436	307
436	318
436	345
436	346
436	357
436	387
436	417
436	424
436	444
436	458
436	464
436	469
436	470
437	187
437	189
437	230
437	277
437	311
437	328
437	337
437	380
437	409
437	446
437	448
437	449
437	459
437	461
437	463
437	473
437	476
437	491
438	16
438	124
438	185
438	198
438	201
438	222
438	236
438	260
438	274
438	303
438	305
438	328
438	332
438	395
438	412
438	434
438	441
438	443
439	48
439	53
439	62
439	112
439	114
439	119
439	143
439	204
439	206
439	310
439	334
439	358
439	359
439	388
439	407
439	409
439	422
439	467
440	15
440	17
440	44
440	63
440	100
440	156
440	201
440	271
440	288
440	289
440	305
440	351
440	356
440	370
440	445
440	454
440	481
440	489
441	16
441	124
441	185
441	198
441	201
441	222
441	236
441	260
441	274
441	303
441	332
441	395
441	412
441	416
441	434
441	438
441	443
441	466
442	56
442	60
442	61
442	67
442	69
442	138
442	176
442	261
442	267
442	272
442	277
442	324
442	354
442	375
442	392
442	423
442	450
442	471
443	16
443	124
443	185
443	198
443	201
443	222
443	236
443	260
443	274
443	303
443	332
443	395
443	412
443	434
443	438
443	441
443	478
443	482
444	12
444	80
444	108
444	141
444	193
444	237
444	318
444	345
444	346
444	357
444	387
444	417
444	424
444	436
444	464
444	469
444	470
444	493
445	2
445	6
445	20
445	44
445	63
445	72
445	100
445	139
445	206
445	271
445	289
445	305
445	351
445	356
445	370
445	440
445	454
445	481
446	168
446	177
446	226
446	227
446	297
446	327
446	364
446	385
446	402
446	426
446	437
446	452
446	458
446	478
446	480
446	486
446	487
446	497
447	127
447	207
447	215
447	224
447	265
447	266
447	278
447	279
447	283
447	336
447	376
447	404
447	428
447	460
447	489
447	490
447	492
447	495
447	499
448	34
448	170
448	187
448	189
448	245
448	309
448	311
448	314
448	328
448	380
448	409
448	437
448	459
448	461
448	463
448	473
448	476
448	491
448	492
449	40
449	49
449	157
449	199
449	241
449	265
449	286
449	296
449	316
449	363
449	366
449	413
449	430
449	433
449	437
449	456
449	475
449	482
449	494
450	60
450	67
450	106
450	120
450	138
450	146
450	164
450	174
450	176
450	218
450	261
450	324
450	375
450	392
450	420
450	423
450	442
450	471
450	476
451	23
451	35
451	86
451	145
451	155
451	180
451	225
451	282
451	300
451	321
451	330
451	344
451	350
451	353
451	377
451	420
451	429
451	457
451	480
452	71
452	177
452	226
452	249
452	280
452	283
452	297
452	327
452	347
452	364
452	385
452	402
452	446
452	458
452	478
452	480
452	486
452	487
452	497
453	9
453	27
453	109
453	160
453	171
453	242
453	256
453	285
453	299
453	317
453	323
453	339
453	355
453	398
453	431
453	468
453	474
453	477
453	488
454	2
454	6
454	15
454	17
454	20
454	44
454	100
454	139
454	156
454	168
454	271
454	288
454	289
454	305
454	351
454	370
454	440
454	445
454	481
455	232
455	287
455	295
455	338
455	343
455	348
455	425
455	432
455	435
455	462
455	465
455	466
455	482
455	483
455	484
455	485
455	492
455	493
455	498
456	40
456	49
456	56
456	140
456	157
456	199
456	218
456	241
456	342
456	363
456	366
456	413
456	427
456	430
456	433
456	449
456	475
456	482
456	494
457	23
457	35
457	86
457	145
457	155
457	180
457	225
457	282
457	300
457	321
457	330
457	344
457	350
457	353
457	377
457	378
457	429
457	451
457	473
458	71
458	111
458	163
458	178
458	227
458	249
458	264
458	280
458	297
458	364
458	385
458	402
458	436
458	446
458	452
458	478
458	480
458	486
458	487
458	497
459	5
459	10
459	55
459	91
459	245
459	277
459	309
459	311
459	314
459	328
459	337
459	380
459	409
459	437
459	448
459	461
459	470
459	473
459	476
459	491
460	45
460	58
460	144
460	183
460	199
460	205
460	232
460	270
460	275
460	284
460	302
460	333
460	393
460	401
460	408
460	447
460	472
460	479
460	496
460	500
461	34
461	46
461	91
461	187
461	272
461	309
461	311
461	314
461	328
461	337
461	380
461	404
461	409
461	437
461	448
461	459
461	463
461	473
461	476
461	491
462	5
462	121
462	159
462	269
462	295
462	315
462	338
462	348
462	425
462	432
462	435
462	455
462	465
462	466
462	483
462	484
462	485
462	492
462	493
462	498
463	10
463	34
463	46
463	187
463	245
463	277
463	309
463	314
463	328
463	337
463	380
463	409
463	437
463	448
463	461
463	468
463	473
463	476
463	478
463	491
464	12
464	87
464	108
464	123
464	141
464	175
464	193
464	213
464	237
464	290
464	346
464	357
464	387
464	417
464	424
464	436
464	444
464	469
464	470
464	484
465	122
465	135
465	269
465	287
465	315
465	338
465	348
465	423
465	425
465	432
465	435
465	455
465	462
465	466
465	483
465	484
465	485
465	492
465	493
465	498
466	68
466	116
466	216
466	287
466	315
466	338
466	343
466	348
466	425
466	432
466	435
466	441
466	455
466	462
466	465
466	483
466	484
466	485
466	492
466	493
466	498
467	48
467	53
467	59
467	62
467	84
467	112
467	114
467	119
467	143
467	204
467	206
467	241
467	243
467	310
467	334
467	358
467	359
467	388
467	407
467	422
467	439
468	3
468	9
468	14
468	33
468	148
468	149
468	160
468	171
468	260
468	285
468	290
468	299
468	323
468	355
468	398
468	431
468	453
468	463
468	474
468	477
468	488
469	95
469	141
469	175
469	193
469	197
469	213
469	216
469	237
469	290
469	318
469	345
469	346
469	357
469	387
469	396
469	417
469	424
469	436
469	444
469	464
469	470
470	12
470	89
470	108
470	141
470	175
470	193
470	197
470	216
470	290
470	318
470	345
470	346
470	357
470	387
470	417
470	424
470	436
470	444
470	459
470	464
470	469
470	471
471	61
471	69
471	120
471	138
471	146
471	164
471	176
471	218
471	223
471	261
471	267
471	272
471	303
471	324
471	354
471	375
471	392
471	420
471	423
471	442
471	450
471	470
472	7
472	45
472	58
472	73
472	98
472	113
472	179
472	270
472	275
472	284
472	302
472	333
472	335
472	363
472	390
472	393
472	401
472	408
472	460
472	479
472	496
472	500
473	5
473	10
473	34
473	46
473	187
473	189
473	230
473	231
473	245
473	311
473	328
473	337
473	380
473	399
473	409
473	437
473	448
473	457
473	459
473	461
473	463
473	476
473	491
474	9
474	14
474	24
474	109
474	110
474	118
474	148
474	149
474	160
474	171
474	242
474	256
474	258
474	285
474	299
474	317
474	355
474	398
474	431
474	453
474	468
474	488
474	489
475	40
475	54
475	66
475	80
475	140
475	151
475	157
475	241
475	256
475	276
475	286
475	316
475	342
475	363
475	366
475	413
475	427
475	430
475	449
475	456
475	482
475	483
475	494
476	46
476	91
476	97
476	187
476	189
476	230
476	245
476	277
476	309
476	311
476	314
476	328
476	337
476	380
476	409
476	437
476	448
476	450
476	459
476	461
476	463
476	473
476	491
477	3
477	9
477	24
477	109
477	118
477	120
477	148
477	160
477	171
477	237
477	242
477	256
477	258
477	285
477	299
477	317
477	323
477	355
477	398
477	431
477	453
477	468
477	488
478	55
478	65
478	163
478	168
478	178
478	227
478	249
478	264
478	280
478	297
478	327
478	364
478	385
478	402
478	443
478	446
478	452
478	458
478	463
478	480
478	486
478	487
478	497
479	11
479	104
479	113
479	144
479	183
479	205
479	225
479	232
479	262
479	270
479	275
479	284
479	294
479	302
479	333
479	335
479	390
479	393
479	401
479	408
479	460
479	472
479	496
479	500
480	33
480	64
480	71
480	88
480	168
480	177
480	178
480	226
480	249
480	264
480	280
480	327
480	364
480	385
480	402
480	433
480	446
480	451
480	452
480	458
480	478
480	486
480	487
480	497
481	2
481	6
481	15
481	17
481	20
481	44
481	52
481	63
481	64
481	72
481	100
481	139
481	156
481	271
481	289
481	305
481	344
481	351
481	356
481	370
481	396
481	440
481	445
481	454
482	49
482	54
482	66
482	140
482	151
482	157
482	199
482	229
482	241
482	286
482	316
482	342
482	363
482	366
482	427
482	430
482	433
482	443
482	449
482	455
482	456
482	475
482	494
482	499
483	116
483	121
483	154
483	221
483	269
483	287
483	295
483	338
483	343
483	348
483	418
483	425
483	432
483	435
483	455
483	462
483	465
483	466
483	475
483	484
483	485
483	492
483	493
483	498
484	43
484	116
484	122
484	154
484	221
484	269
484	287
484	295
484	315
484	338
484	343
484	348
484	425
484	432
484	435
484	455
484	462
484	464
484	465
484	466
484	483
484	485
484	492
484	493
484	498
485	68
485	102
485	116
485	121
485	221
485	245
485	269
485	295
485	315
485	338
485	343
485	348
485	425
485	432
485	435
485	455
485	462
485	465
485	466
485	483
485	484
485	491
485	492
485	493
485	498
486	55
486	65
486	88
486	163
486	177
486	178
486	226
486	227
486	249
486	264
486	280
486	297
486	327
486	347
486	364
486	385
486	386
486	402
486	446
486	452
486	458
486	478
486	480
486	487
486	497
487	55
487	64
487	65
487	88
487	115
487	163
487	177
487	178
487	190
487	226
487	227
487	249
487	264
487	280
487	297
487	327
487	364
487	385
487	402
487	446
487	452
487	458
487	478
487	480
487	486
487	497
488	3
488	14
488	19
488	24
488	33
488	109
488	118
488	148
488	149
488	160
488	171
488	242
488	256
488	258
488	285
488	299
488	317
488	323
488	338
488	355
488	356
488	398
488	431
488	453
488	468
488	474
488	477
489	1
489	32
489	70
489	111
489	125
489	127
489	147
489	170
489	209
489	215
489	234
489	265
489	266
489	279
489	283
489	304
489	336
489	376
489	400
489	404
489	428
489	440
489	447
489	474
489	490
489	495
489	499
490	1
490	32
490	77
490	111
490	127
490	147
490	170
490	207
490	209
490	215
490	224
490	234
490	265
490	266
490	278
490	283
490	304
490	336
490	366
490	376
490	400
490	404
490	428
490	447
490	489
490	495
490	499
491	5
491	10
491	34
491	46
491	91
491	187
491	189
491	230
491	245
491	277
491	309
491	311
491	314
491	328
491	337
491	353
491	364
491	380
491	409
491	437
491	448
491	459
491	461
491	463
491	473
491	476
491	485
492	68
492	102
492	122
492	154
492	188
492	221
492	269
492	271
492	287
492	295
492	315
492	338
492	343
492	348
492	425
492	432
492	435
492	447
492	448
492	455
492	462
492	465
492	466
492	483
492	484
492	485
492	493
492	498
493	68
493	102
493	116
493	121
493	122
493	154
493	221
493	269
493	287
493	295
493	315
493	338
493	348
493	411
493	425
493	432
493	435
493	444
493	455
493	462
493	465
493	466
493	483
493	484
493	485
493	492
493	497
493	498
494	40
494	49
494	54
494	56
494	80
494	140
494	151
494	199
494	229
494	241
494	276
494	286
494	296
494	316
494	342
494	351
494	352
494	363
494	366
494	413
494	427
494	430
494	433
494	449
494	456
494	475
494	482
494	497
495	32
495	81
495	111
495	125
495	147
495	170
495	172
495	207
495	209
495	215
495	224
495	234
495	265
495	266
495	278
495	279
495	283
495	336
495	342
495	376
495	400
495	404
495	414
495	428
495	447
495	489
495	490
495	499
496	7
496	11
496	45
496	58
496	73
496	98
496	104
496	113
496	144
496	183
496	205
496	227
496	262
496	270
496	275
496	284
496	302
496	333
496	335
496	358
496	390
496	393
496	401
496	407
496	408
496	460
496	472
496	479
496	500
497	55
497	64
497	65
497	71
497	88
497	163
497	168
497	177
497	178
497	226
497	227
497	249
497	264
497	280
497	297
497	310
497	327
497	364
497	385
497	402
497	446
497	452
497	458
497	478
497	480
497	486
497	487
497	493
497	494
498	68
498	102
498	116
498	121
498	122
498	154
498	155
498	165
498	182
498	221
498	269
498	287
498	295
498	315
498	338
498	343
498	348
498	425
498	432
498	435
498	455
498	462
498	465
498	466
498	483
498	484
498	485
498	492
498	493
499	1
499	32
499	70
499	81
499	111
499	127
499	170
499	205
499	207
499	209
499	215
499	224
499	234
499	265
499	266
499	278
499	279
499	283
499	304
499	336
499	376
499	400
499	404
499	428
499	447
499	482
499	489
499	490
499	495
500	7
500	11
500	45
500	58
500	73
500	98
500	104
500	113
500	183
500	205
500	212
500	232
500	262
500	270
500	275
500	284
500	302
500	333
500	335
500	340
500	390
500	393
500	401
500	408
500	423
500	460
500	472
500	479
500	496
