1	57
1	208
1	272
1	407
1	461
2	364
2	440
2	487
2	497
2	498
3	212
3	227
3	359
3	458
3	486
4	197
4	203
4	441
4	480
4	500
5	349
5	381
5	435
5	463
5	480
6	67
6	121
6	299
6	476
6	494
7	122
7	305
7	407
7	471
7	495
8	173
8	246
8	275
8	413
8	478
9	187
9	188
9	452
9	472
9	489
10	310
10	368
10	405
10	411
10	431
11	53
11	225
11	226
11	381
11	429
12	289
12	384
12	438
12	446
12	482
13	132
13	227
13	299
13	458
13	486
14	67
14	256
14	321
14	340
14	348
15	115
15	223
15	377
15	432
15	460
16	151
16	390
16	465
16	485
16	492
17	303
17	320
17	422
17	474
17	481
18	112
18	256
18	278
18	295
18	406
19	28
19	43
19	353
19	421
19	434
20	22
20	410
20	412
20	446
20	467
21	90
21	286
21	377
21	462
21	471
22	20
22	60
22	480
22	481
22	491
23	292
23	433
23	469
23	476
23	490
24	421
24	454
24	468
24	491
24	500
25	113
25	205
25	271
25	311
25	481
26	237
26	314
26	332
26	384
26	437
27	145
27	206
27	278
27	305
27	413
28	19
28	351
28	403
28	406
28	445
29	145
29	269
29	309
29	470
29	486
30	239
30	252
30	352
30	442
30	450
31	135
31	343
31	370
31	430
31	440
32	207
32	329
32	443
32	479
32	487
33	190
33	336
33	425
33	447
33	449
34	37
34	242
34	364
34	430
34	439
35	411
35	448
35	466
35	468
35	478
36	187
36	193
36	331
36	432
36	499
37	34
37	224
37	239
37	344
37	361
38	155
38	292
38	335
38	481
38	497
39	198
39	330
39	450
39	456
39	484
40	207
40	262
40	398
40	462
40	488
41	77
41	221
41	232
41	332
41	334
42	267
42	282
42	320
42	367
42	497
43	19
43	174
43	270
43	361
43	384
44	191
44	204
44	344
44	359
44	419
45	347
45	408
45	419
45	463
45	491
46	186
46	246
46	273
46	437
46	443
47	168
47	308
47	338
47	401
47	439
48	329
48	464
48	484
48	494
48	498
49	225
49	369
49	415
49	487
49	495
50	298
50	355
50	403
50	416
50	451
51	132
51	193
51	233
51	430
51	497
52	159
52	276
52	422
52	453
52	481
53	11
53	300
53	325
53	444
53	495
54	127
54	177
54	345
54	397
54	418
55	97
55	123
55	327
55	493
55	495
56	177
56	217
56	232
56	324
56	473
57	1
57	113
57	245
57	331
57	402
58	232
58	419
58	439
58	446
58	489
59	217
59	264
59	405
59	447
59	460
60	22
60	95
60	285
60	422
60	481
61	112
61	115
61	228
61	360
61	399
62	424
62	466
62	476
62	477
62	478
63	223
63	259
63	270
63	412
63	440
64	247
64	297
64	298
64	323
64	409
65	369
65	452
65	462
65	487
65	495
66	152
66	241
66	358
66	374
66	414
67	6
67	14
67	159
67	437
67	463
68	74
68	225
68	478
68	481
68	500
69	350
69	378
69	399
69	482
69	496
70	189
70	191
70	414
70	431
70	493
71	74
71	170
71	223
71	239
71	259
72	280
72	337
72	409
72	435
72	436
73	241
73	385
73	453
73	457
73	468
74	68
74	71
74	455
74	465
74	480
75	82
75	127
75	145
75	366
75	477
76	272
76	294
76	371
76	419
76	426
77	41
77	260
77	334
77	430
77	432
78	138
78	143
78	276
78	376
78	481
79	230
79	255
79	448
79	466
79	478
80	139
80	232
80	288
80	450
80	472
81	140
81	409
81	422
81	479
81	481
82	75
82	383
82	408
82	469
82	490
83	93
83	298
83	401
83	416
83	475
84	184
84	345
84	375
84	378
84	389
85	169
85	216
85	365
85	483
85	490
86	394
86	455
86	471
86	484
86	498
87	106
87	246
87	305
87	381
87	444
88	202
88	314
88	354
88	405
88	447
89	92
89	100
89	255
89	480
89	499
90	21
90	360
90	369
90	376
90	485
91	292
91	322
91	424
91	470
91	498
92	89
92	464
92	476
92	484
92	498
93	83
93	205
93	240
93	328
93	422
94	200
94	312
94	472
94	485
94	492
95	60
95	324
95	474
95	479
95	496
96	252
96	350
96	395
96	427
96	456
97	55
97	160
97	319
97	442
97	443
98	138
98	192
98	367
98	426
98	428
98	461
99	250
99	330
99	413
99	441
99	491
99	496
100	89
100	196
100	355
100	379
100	406
100	475
101	349
101	352
101	379
101	422
101	436
101	451
102	197
102	357
102	361
102	369
102	458
102	486
103	260
103	303
103	359
103	395
103	405
103	477
104	184
104	191
104	403
104	406
104	464
104	467
105	266
105	312
105	387
105	436
105	483
105	488
106	87
106	424
106	448
106	466
106	478
106	492
107	113
107	188
107	367
107	438
107	478
107	497
108	253
108	282
108	442
108	463
108	464
108	498
109	180
109	446
109	464
109	473
109	484
109	498
110	282
110	294
110	354
110	358
110	452
110	491
111	261
111	376
111	390
111	444
111	487
111	493
112	18
112	61
112	190
112	196
112	398
112	474
113	25
113	57
113	107
113	244
113	370
113	416
114	151
114	169
114	321
114	358
114	377
114	477
115	15
115	61
115	181
115	403
115	416
115	417
116	117
116	149
116	302
116	383
116	487
116	493
117	116
117	147
117	194
117	422
117	481
117	489
118	171
118	236
118	350
118	438
118	453
118	457
119	283
119	303
119	323
119	339
119	405
119	489
120	235
120	250
120	259
120	437
120	452
120	494
121	6
121	458
121	467
121	468
121	475
121	476
122	7
122	289
122	436
122	447
122	456
122	493
123	55
123	135
123	137
123	365
123	388
123	429
124	238
124	281
124	338
124	339
124	397
124	440
125	249
125	286
125	330
125	455
125	480
125	499
126	231
126	278
126	366
126	464
126	473
126	487
127	54
127	75
127	181
127	343
127	428
127	479
128	214
128	364
128	375
128	400
128	440
128	449
129	208
129	230
129	322
129	424
129	440
129	496
130	226
130	325
130	411
130	425
130	447
130	476
131	270
131	311
131	331
131	336
131	379
131	458
132	13
132	51
132	243
132	472
132	485
132	492
133	225
133	392
133	400
133	440
133	445
133	495
134	291
134	307
134	363
134	388
134	396
134	443
135	31
135	123
135	293
135	444
135	483
135	499
136	339
136	426
136	427
136	482
136	488
136	490
137	123
137	169
137	254
137	345
137	438
137	477
138	78
138	98
138	352
138	385
138	441
138	461
139	80
139	273
139	346
139	353
139	463
139	469
140	81
140	347
140	433
140	463
140	469
140	490
141	161
141	215
141	301
141	351
141	355
141	433
142	248
142	264
142	269
142	388
142	453
142	462
143	78
143	238
143	288
143	381
143	418
143	483
144	256
144	323
144	388
144	399
144	427
144	494
145	27
145	29
145	75
145	325
145	361
145	444
146	352
146	375
146	384
146	431
146	457
146	493
147	117
147	267
147	274
147	276
147	460
147	481
148	238
148	257
148	364
148	397
148	418
148	467
149	116
149	152
149	186
149	376
149	490
149	496
150	155
150	168
150	282
150	356
150	393
150	430
151	16
151	114
151	384
151	436
151	493
151	495
152	66
152	149
152	313
152	342
152	419
152	445
153	160
153	299
153	406
153	412
153	433
153	437
154	190
154	249
154	358
154	373
154	391
154	495
155	38
155	150
155	241
155	359
155	367
155	467
156	211
156	273
156	332
156	359
156	377
156	396
157	167
157	191
157	402
157	432
157	459
157	482
158	245
158	267
158	364
158	399
158	457
158	463
159	52
159	67
159	293
159	356
159	366
159	439
160	97
160	153
160	313
160	319
160	367
160	410
161	141
161	169
161	191
161	406
161	451
161	499
162	366
162	377
162	451
162	454
162	479
162	500
163	287
163	369
163	399
163	455
163	460
163	462
164	211
164	360
164	442
164	483
164	484
164	498
165	356
165	357
165	358
165	483
165	493
165	496
165	499
166	254
166	366
166	382
166	391
166	431
166	459
166	485
167	157
167	188
167	390
167	406
167	451
167	471
167	487
168	47
168	150
168	232
168	285
168	464
168	484
168	498
169	85
169	114
169	137
169	161
169	346
169	368
169	474
170	71
170	215
170	223
170	231
170	312
170	406
170	475
171	118
171	220
171	286
171	436
171	438
171	442
171	488
172	278
172	324
172	328
172	418
172	460
172	468
172	473
173	8
173	400
173	419
173	445
173	482
173	497
173	500
174	43
174	214
174	232
174	334
174	342
174	395
174	411
175	344
175	371
175	413
175	432
175	448
175	466
175	478
176	209
176	234
176	355
176	400
176	482
176	486
176	488
177	54
177	56
177	397
177	403
177	418
177	447
177	487
178	219
178	277
178	391
178	459
178	460
178	470
178	492
179	208
179	237
179	307
179	380
179	458
179	486
179	489
180	109
180	405
180	415
180	432
180	447
180	459
180	460
181	115
181	127
181	215
181	403
181	412
181	490
181	500
182	197
182	206
182	349
182	383
182	398
182	399
182	493
183	199
183	237
183	257
183	303
183	322
183	395
183	430
184	84
184	104
184	247
184	277
184	438
184	482
184	488
185	246
185	264
185	265
185	411
185	425
185	444
185	498
186	46
186	149
186	227
186	318
186	381
186	444
186	485
187	9
187	36
187	402
187	445
187	454
187	470
187	473
188	9
188	107
188	167
188	305
188	318
188	381
188	466
189	70
189	203
189	222
189	355
189	387
189	426
189	461
190	33
190	112
190	154
190	373
190	378
190	385
190	475
191	44
191	70
191	104
191	157
191	161
191	412
191	497
192	98
192	319
192	353
192	364
192	396
192	452
192	484
193	36
193	51
193	328
193	330
193	361
193	449
193	473
194	117
194	203
194	240
194	384
194	414
194	426
194	495
195	220
195	229
195	338
195	386
195	421
195	423
195	434
196	100
196	112
196	217
196	246
196	358
196	364
196	432
197	4
197	102
197	182
197	216
197	417
197	441
197	443
198	39
198	262
198	393
198	443
198	479
198	493
198	500
199	183
199	203
199	260
199	421
199	434
199	436
199	463
200	94
200	205
200	273
200	297
200	370
200	372
200	476
201	222
201	313
201	417
201	448
201	452
201	466
201	478
202	88
202	253
202	293
202	298
202	328
202	333
202	477
203	4
203	189
203	194
203	199
203	238
203	375
203	427
204	44
204	292
204	349
204	472
204	475
204	485
204	492
205	25
205	93
205	200
205	240
205	334
205	460
205	471
206	27
206	182
206	442
206	451
206	484
206	498
206	499
207	32
207	40
207	416
207	428
207	460
207	471
207	489
208	1
208	129
208	179
208	302
208	436
208	486
208	487
209	176
209	330
209	345
209	363
209	425
209	482
209	488
210	279
210	372
210	408
210	455
210	469
210	490
210	491
211	156
211	164
211	286
211	356
211	365
211	436
211	475
212	3
212	450
212	474
212	487
212	491
212	496
212	498
213	296
213	320
213	356
213	359
213	365
213	448
213	486
213	499
214	128
214	174
214	227
214	229
214	231
214	352
214	428
214	473
215	141
215	170
215	181
215	319
215	321
215	437
215	484
215	500
216	85
216	197
216	295
216	383
216	429
216	449
216	456
216	467
217	56
217	59
217	196
217	303
217	355
217	451
217	462
217	475
218	308
218	330
218	450
218	467
218	475
218	483
218	494
218	496
219	178
219	313
219	369
219	415
219	429
219	436
219	438
219	490
220	171
220	195
220	337
220	398
220	408
220	443
220	493
220	495
221	41
221	259
221	319
221	403
221	412
221	467
221	487
221	498
222	189
222	201
222	246
222	305
222	325
222	371
222	444
222	459
223	15
223	63
223	71
223	170
223	386
223	392
223	452
223	500
224	37
224	235
224	359
224	361
224	377
224	423
224	459
224	490
225	11
225	49
225	68
225	133
225	282
225	363
225	455
225	459
226	11
226	130
226	274
226	389
226	465
226	472
226	485
226	492
227	3
227	13
227	186
227	214
227	286
227	331
227	380
227	458
228	61
228	341
228	401
228	419
228	420
228	459
228	462
228	475
229	195
229	214
229	328
229	361
229	391
229	440
229	454
229	473
230	79
230	129
230	251
230	285
230	338
230	424
230	434
230	474
231	126
231	170
231	214
231	235
231	278
231	284
231	361
231	441
232	41
232	56
232	58
232	80
232	168
232	174
232	473
232	480
233	51
233	367
233	368
233	442
233	457
233	464
233	484
233	498
234	176
234	318
234	441
234	453
234	456
234	457
234	468
234	476
235	120
235	224
235	231
235	290
235	332
235	344
235	377
235	456
236	118
236	266
236	279
236	351
236	387
236	478
236	480
236	483
237	26
237	179
237	183
237	299
237	314
237	319
237	464
237	486
238	124
238	143
238	148
238	203
238	278
238	288
238	482
238	483
239	30
239	37
239	71
239	266
239	472
239	485
239	491
239	492
240	93
240	194
240	205
240	253
240	283
240	324
240	405
240	422
241	66
241	73
241	155
241	279
241	348
241	353
241	439
241	479
242	34
242	245
242	291
242	325
242	344
242	346
242	359
242	377
243	132
243	285
243	406
243	415
243	419
243	433
243	469
243	490
244	113
244	258
244	282
244	428
244	445
244	448
244	468
244	497
245	57
245	158
245	242
245	300
245	333
245	457
245	468
245	494
246	8
246	46
246	87
246	185
246	196
246	222
246	437
246	444
247	64
247	184
247	272
247	338
247	363
247	403
247	408
247	452
248	142
248	300
248	356
248	437
248	438
248	453
248	456
248	476
249	125
249	154
249	276
249	287
249	303
249	320
249	461
249	481
250	99
250	120
250	351
250	368
250	389
250	424
250	468
250	494
251	230
251	292
251	295
251	424
251	447
251	453
251	458
251	487
252	30
252	96
252	305
252	312
252	350
252	362
252	455
252	458
252	488
253	108
253	202
253	240
253	315
253	339
253	454
253	457
253	468
253	473
254	137
254	166
254	279
254	298
254	302
254	319
254	371
254	391
254	476
255	79
255	89
255	318
255	385
255	461
255	465
255	472
255	485
255	492
256	14
256	18
256	144
256	292
256	295
256	417
256	424
256	491
256	493
257	148
257	183
257	373
257	386
257	395
257	421
257	447
257	451
257	494
258	244
258	357
258	420
258	450
258	454
258	467
258	474
258	491
258	496
259	63
259	71
259	120
259	221
259	322
259	336
259	410
259	412
259	486
260	77
260	103
260	199
260	268
260	367
260	386
260	414
260	434
260	481
261	111
261	264
261	313
261	380
261	396
261	459
261	460
261	482
261	497
262	40
262	198
262	304
262	387
262	409
262	429
262	435
262	453
262	480
263	318
263	355
263	366
263	373
263	401
263	433
263	452
263	461
263	462
264	59
264	142
264	185
264	261
264	369
264	373
264	415
264	455
264	469
265	185
265	276
265	290
265	336
265	425
265	431
265	447
265	482
265	486
266	105
266	236
266	239
266	377
266	382
266	409
266	490
266	499
266	500
267	42
267	147
267	158
267	323
267	324
267	353
267	396
267	452
267	476
268	260
268	281
268	363
268	389
268	427
268	438
268	475
268	480
268	488
269	29
269	142
269	300
269	402
269	412
269	417
269	460
269	470
269	481
270	43
270	63
270	131
270	289
270	298
270	347
270	379
270	380
270	486
271	25
271	283
271	289
271	299
271	301
271	334
271	436
271	439
271	452
272	1
272	76
272	247
272	362
272	414
272	426
272	431
272	470
272	476
273	46
273	139
273	156
273	200
273	307
273	397
273	452
273	454
273	489
274	147
274	226
274	376
274	426
274	433
274	469
274	478
274	490
274	499
275	8
275	281
275	288
275	289
275	397
275	418
275	433
275	454
275	490
276	52
276	78
276	147
276	249
276	265
276	327
276	455
276	466
276	481
277	178
277	184
277	294
277	299
277	371
277	380
277	423
277	477
277	497
278	18
278	27
278	126
278	172
278	231
278	238
278	458
278	473
278	485
279	210
279	236
279	241
279	254
279	413
279	448
279	466
279	478
279	483
280	72
280	398
280	429
280	435
280	465
280	466
280	479
280	483
280	499
281	124
281	268
281	275
281	301
281	345
281	397
281	411
281	418
281	445
282	42
282	108
282	110
282	150
282	225
282	244
282	367
282	375
282	399
283	119
283	240
283	271
283	300
283	306
283	348
283	370
283	383
283	439
284	231
284	311
284	323
284	332
284	340
284	400
284	440
284	445
284	497
285	60
285	168
285	230
285	243
285	295
285	322
285	424
285	425
285	485
286	21
286	125
286	171
286	211
286	227
286	372
286	479
286	480
286	499
287	163
287	249
287	301
287	320
287	382
287	409
287	422
287	481
287	492
288	80
288	143
288	238
288	275
288	296
288	370
288	414
288	418
288	471
289	12
289	122
289	270
289	271
289	275
289	334
289	374
289	452
289	489
290	235
290	265
290	393
290	411
290	425
290	442
290	447
290	449
290	484
291	134
291	242
291	352
291	449
291	450
291	458
291	459
291	491
291	496
292	23
292	38
292	91
292	204
292	251
292	256
292	334
292	424
292	493
293	135
293	159
293	202
293	392
293	423
293	463
293	473
293	478
293	495
294	76
294	110
294	277
294	338
294	354
294	355
294	374
294	402
294	475
295	18
295	216
295	251
295	256
295	285
295	322
295	413
295	477
295	484
296	213
296	288
296	341
296	350
296	383
296	408
296	427
296	435
296	483
297	64
297	200
297	340
297	348
297	350
297	361
297	363
297	402
297	491
298	50
298	64
298	83
298	202
298	254
298	270
298	333
298	371
298	392
299	6
299	13
299	153
299	237
299	271
299	277
299	346
299	382
299	463
300	53
300	245
300	248
300	269
300	283
300	415
300	417
300	420
300	443
300	500
301	141
301	271
301	281
301	287
301	314
301	347
301	379
301	458
301	486
301	500
302	116
302	208
302	254
302	309
302	322
302	343
302	463
302	471
302	490
302	495
303	17
303	103
303	119
303	183
303	217
303	249
303	381
303	386
303	421
303	434
304	262
304	383
304	387
304	410
304	418
304	449
304	456
304	470
304	471
304	491
305	7
305	27
305	87
305	188
305	222
305	252
305	318
305	428
305	474
305	499
306	283
306	362
306	398
306	413
306	439
306	448
306	456
306	466
306	478
307	134
307	179
307	273
307	353
307	397
307	439
307	470
307	482
307	489
307	494
308	47
308	218
308	351
308	382
308	392
308	423
308	444
308	463
308	472
308	477
309	29
309	302
309	316
309	349
309	380
309	384
309	450
309	455
309	471
309	495
310	10
310	340
310	352
310	442
310	444
310	454
310	457
310	464
310	484
310	498
311	25
311	131
311	284
311	312
311	335
311	364
311	371
311	492
311	497
311	498
312	94
312	105
312	170
312	252
312	311
312	341
312	378
312	427
312	438
312	446
313	152
313	160
313	201
313	219
313	261
313	372
313	432
313	455
313	470
313	485
314	26
314	88
314	237
314	301
314	357
314	405
314	422
314	483
314	486
314	492
315	253
315	334
315	357
315	368
315	388
315	394
315	421
315	445
315	492
315	494
316	309
316	333
316	354
316	384
316	398
316	436
316	451
316	461
316	471
316	476
317	323
317	348
317	360
317	365
317	391
317	417
317	443
317	454
317	479
317	500
318	186
318	188
318	234
318	255
318	263
318	305
318	328
318	381
318	444
318	496
319	97
319	160
319	192
319	215
319	221
319	237
319	254
319	351
319	387
319	479
320	17
320	42
320	213
320	249
320	287
320	341
320	422
320	463
320	481
320	500
321	14
321	114
321	215
321	360
321	371
321	382
321	423
321	446
321	488
321	499
322	91
322	129
322	183
322	259
322	285
322	295
322	302
322	396
322	424
322	488
323	64
323	119
323	144
323	267
323	284
323	317
323	338
323	363
323	448
323	451
324	56
324	95
324	172
324	240
324	267
324	361
324	377
324	473
324	491
324	496
325	53
325	130
325	145
325	222
325	242
325	334
325	381
325	444
325	480
325	492
326	404
326	439
326	463
326	465
326	469
326	472
326	485
326	491
326	492
326	497
327	55
327	276
327	329
327	337
327	375
327	416
327	454
327	456
327	471
327	487
328	93
328	172
328	193
328	202
328	229
328	318
328	347
328	473
328	488
328	500
329	32
329	48
329	327
329	335
329	343
329	441
329	461
329	479
329	497
329	500
330	39
330	99
330	125
330	193
330	209
330	218
330	443
330	474
330	488
330	496
331	36
331	57
331	131
331	227
331	414
331	427
331	432
331	460
331	470
331	489
332	26
332	41
332	156
332	235
332	284
332	344
332	359
332	377
332	444
332	447
333	202
333	245
333	298
333	316
333	391
333	423
333	463
333	466
333	471
333	473
334	41
334	77
334	174
334	205
334	271
334	289
334	292
334	315
334	325
334	451
334	473
335	38
335	311
335	329
335	413
335	418
335	427
335	430
335	440
335	468
335	485
335	497
336	33
336	131
336	259
336	265
336	358
336	405
336	411
336	414
336	425
336	447
336	454
337	72
337	220
337	327
337	392
337	471
337	481
337	483
337	487
337	494
337	495
337	497
338	47
338	124
338	195
338	230
338	247
338	294
338	323
338	439
338	452
338	474
338	489
339	119
339	124
339	136
339	253
339	340
339	394
339	399
339	403
339	492
339	494
339	495
340	14
340	284
340	297
340	310
340	339
340	388
340	394
340	399
340	453
340	476
340	477
341	228
341	296
341	312
341	320
341	409
341	474
341	480
341	483
341	486
341	490
341	499
342	152
342	174
342	349
342	404
342	408
342	419
342	420
342	433
342	469
342	474
342	490
343	31
343	127
343	302
343	329
343	404
343	417
343	420
343	457
343	473
343	479
343	500
344	37
344	44
344	175
344	235
344	242
344	332
344	388
344	411
344	417
344	434
344	467
345	54
345	84
345	137
345	209
345	281
345	380
345	439
345	446
345	482
345	488
345	491
346	139
346	169
346	242
346	299
346	353
346	365
346	382
346	392
346	442
346	463
346	466
347	45
347	140
347	270
347	301
347	328
347	357
347	378
347	380
347	415
347	471
347	486
348	14
348	241
348	283
348	297
348	317
348	374
348	393
348	396
348	410
348	433
348	489
349	5
349	101
349	182
349	204
349	309
349	342
349	425
349	436
349	441
349	487
349	495
350	69
350	96
350	118
350	252
350	296
350	297
350	458
350	465
350	482
350	488
350	497
351	28
351	141
351	236
351	250
351	308
351	319
351	394
351	406
351	412
351	435
351	494
352	30
352	101
352	138
352	146
352	214
352	291
352	310
352	442
352	464
352	484
352	498
353	19
353	139
353	192
353	241
353	267
353	307
353	346
353	363
353	370
353	411
353	495
354	88
354	110
354	294
354	316
354	358
354	362
354	373
354	375
354	420
354	462
354	479
355	50
355	100
355	141
355	176
355	189
355	217
355	263
355	294
355	360
355	401
355	420
356	150
356	159
356	165
356	211
356	213
356	248
356	429
356	435
356	439
356	446
356	499
357	102
357	165
357	258
357	314
357	315
357	347
357	368
357	379
357	410
357	442
357	486
358	66
358	110
358	114
358	154
358	165
358	196
358	336
358	354
358	362
358	462
358	495
358	500
359	3
359	44
359	103
359	155
359	156
359	213
359	224
359	242
359	332
359	377
359	386
359	412
360	61
360	90
360	164
360	317
360	321
360	355
360	362
360	461
360	462
360	465
360	473
360	475
361	37
361	43
361	102
361	145
361	193
361	224
361	229
361	231
361	297
361	324
361	423
361	473
362	252
362	272
362	306
362	354
362	358
362	360
362	401
362	424
362	462
362	463
362	475
362	492
363	134
363	209
363	225
363	247
363	268
363	297
363	323
363	353
363	390
363	407
363	487
363	489
364	2
364	34
364	128
364	148
364	158
364	192
364	196
364	311
364	430
364	445
364	458
364	497
365	85
365	123
365	211
365	213
365	317
365	346
365	430
365	438
365	472
365	475
365	480
365	483
366	75
366	126
366	159
366	162
366	166
366	263
366	382
366	391
366	423
366	435
366	448
366	479
367	42
367	98
367	107
367	155
367	160
367	233
367	260
367	282
367	394
367	400
367	445
367	475
368	10
368	169
368	233
368	250
368	315
368	357
368	417
368	425
368	453
368	468
368	476
368	494
369	49
369	65
369	90
369	102
369	163
369	219
369	264
369	389
369	430
369	432
369	470
369	494
370	31
370	113
370	200
370	283
370	288
370	353
370	387
370	396
370	439
370	449
370	471
370	489
371	76
371	175
371	222
371	254
371	277
371	298
371	311
371	321
371	445
371	462
371	463
371	477
372	200
372	210
372	286
372	313
372	379
372	404
372	447
372	465
372	472
372	485
372	492
373	154
373	190
373	257
373	263
373	264
373	354
373	394
373	459
373	461
373	462
373	475
373	485
374	66
374	289
374	294
374	348
374	396
374	412
374	420
374	422
374	451
374	452
374	462
374	489
375	84
375	128
375	146
375	203
375	282
375	327
375	354
375	385
375	407
375	431
375	461
375	471
376	78
376	90
376	111
376	149
376	274
376	408
376	419
376	458
376	469
376	490
376	499
376	500
377	15
377	21
377	114
377	156
377	162
377	224
377	235
377	242
377	266
377	324
377	332
377	359
377	472
378	69
378	84
378	190
378	312
378	347
378	422
378	438
378	446
378	460
378	482
378	488
378	493
378	498
379	100
379	101
379	131
379	270
379	301
379	357
379	372
379	393
379	434
379	458
379	460
379	486
379	490
380	179
380	227
380	261
380	270
380	277
380	309
380	345
380	347
380	415
380	448
380	458
380	486
380	496
381	5
381	11
381	87
381	143
381	186
381	188
381	303
381	318
381	325
381	444
381	459
381	484
381	497
382	166
382	266
382	287
382	299
382	308
382	321
382	346
382	366
382	387
382	404
382	467
382	477
382	484
383	82
383	116
383	182
383	216
383	283
383	296
383	304
383	409
383	410
383	449
383	467
383	474
383	496
384	12
384	26
384	43
384	146
384	151
384	194
384	309
384	316
384	385
384	407
384	414
384	461
384	484
385	73
385	138
385	190
385	255
385	375
385	384
385	398
385	407
385	431
385	440
385	461
385	470
385	488
386	195
386	223
386	257
386	260
386	303
386	359
386	395
386	414
386	421
386	434
386	440
386	464
386	490
387	105
387	189
387	236
387	262
387	304
387	319
387	370
387	382
387	409
387	424
387	480
387	483
387	499
388	123
388	134
388	142
388	144
388	315
388	340
388	344
388	431
388	437
388	457
388	465
388	483
388	494
389	84
389	226
389	250
389	268
389	369
389	427
389	436
389	446
389	482
389	488
389	490
389	495
389	496
390	16
390	111
390	167
390	363
390	400
390	408
390	439
390	448
390	450
390	451
390	487
390	493
390	495
391	154
391	166
391	178
391	229
391	254
391	317
391	333
391	366
391	392
391	432
391	449
391	463
391	477
392	133
392	223
392	293
392	298
392	308
392	337
392	346
392	391
392	394
392	435
392	458
392	477
392	491
393	150
393	198
393	290
393	348
393	379
393	398
393	417
393	423
393	428
393	441
393	443
393	479
393	500
394	86
394	315
394	339
394	340
394	351
394	367
394	373
394	392
394	437
394	457
394	476
394	486
394	491
395	96
395	103
395	174
395	183
395	257
395	386
395	401
395	417
395	421
395	429
395	434
395	465
395	494
396	134
396	156
396	192
396	261
396	267
396	322
396	348
396	370
396	374
396	448
396	457
396	483
396	489
397	54
397	124
397	148
397	177
397	273
397	275
397	281
397	307
397	411
397	418
397	431
397	442
397	456
398	40
398	112
398	182
398	220
398	280
398	306
398	316
398	385
398	393
398	416
398	424
398	436
398	487
399	61
399	69
399	144
399	158
399	163
399	182
399	282
399	339
399	340
399	437
399	468
399	477
399	493
399	494
400	128
400	133
400	173
400	176
400	284
400	367
400	390
400	430
400	438
400	440
400	446
400	462
400	464
400	465
401	47
401	83
401	228
401	263
401	355
401	362
401	395
401	446
401	455
401	456
401	462
401	475
401	489
401	492
402	57
402	157
402	187
402	269
402	294
402	297
402	415
402	418
402	421
402	425
402	455
402	459
402	478
402	493
403	28
403	50
403	104
403	115
403	177
403	181
403	221
403	247
403	339
403	406
403	412
403	470
403	495
403	496
404	326
404	342
404	343
404	372
404	382
404	412
404	457
404	465
404	472
404	479
404	485
404	489
404	492
405	10
405	59
405	88
405	103
405	119
405	180
405	240
405	314
405	336
405	411
405	425
405	433
405	442
405	447
406	18
406	28
406	100
406	104
406	153
406	161
406	167
406	170
406	243
406	351
406	403
406	428
406	468
406	493
407	1
407	7
407	363
407	375
407	384
407	385
407	414
407	415
407	431
407	446
407	461
407	467
407	472
407	490
408	45
408	82
408	210
408	220
408	247
408	296
408	342
408	376
408	390
408	433
408	469
408	483
408	486
408	488
408	490
409	64
409	72
409	81
409	262
409	266
409	287
409	341
409	383
409	387
409	410
409	429
409	431
409	437
409	483
409	499
410	20
410	160
410	259
410	304
410	348
410	357
410	383
410	409
410	421
410	449
410	455
410	456
410	467
410	474
410	491
411	10
411	35
411	130
411	174
411	185
411	281
411	290
411	336
411	344
411	353
411	397
411	405
411	447
411	473
411	480
412	20
412	63
412	153
412	181
412	191
412	221
412	259
412	269
412	351
412	359
412	374
412	403
412	404
412	471
412	493
413	8
413	27
413	99
413	175
413	279
413	295
413	306
413	335
413	430
413	448
413	466
413	478
413	488
413	493
414	66
414	70
414	194
414	260
414	272
414	288
414	331
414	336
414	384
414	386
414	407
414	426
414	431
414	461
414	488
415	49
415	180
415	219
415	243
415	264
415	300
415	347
415	380
415	402
415	407
415	450
415	455
415	459
415	470
415	492
416	50
416	83
416	113
416	115
416	207
416	327
416	398
416	437
416	441
416	451
416	456
416	462
416	466
416	493
416	495
417	115
417	197
417	201
417	256
417	269
417	300
417	317
417	343
417	344
417	368
417	393
417	395
417	420
417	454
417	500
418	54
418	143
418	148
418	172
418	177
418	275
418	281
418	288
418	304
418	335
418	397
418	402
418	442
418	473
418	498
419	44
419	45
419	58
419	76
419	152
419	173
419	228
419	243
419	342
419	376
419	433
419	434
419	455
419	469
419	490
420	228
420	258
420	300
420	342
420	343
420	354
420	355
420	374
420	417
420	428
420	443
420	453
420	454
420	479
420	481
420	500
421	19
421	24
421	195
421	199
421	257
421	303
421	315
421	386
421	395
421	402
421	410
421	434
421	449
421	459
421	485
421	494
422	17
422	52
422	60
422	81
422	93
422	101
422	117
422	240
422	287
422	314
422	320
422	374
422	378
422	450
422	460
422	481
423	195
423	224
423	277
423	293
423	308
423	321
423	333
423	361
423	366
423	393
423	434
423	441
423	443
423	449
423	463
423	477
424	62
424	91
424	106
424	129
424	230
424	250
424	251
424	256
424	285
424	292
424	322
424	362
424	387
424	398
424	434
424	499
425	33
425	130
425	185
425	209
425	265
425	285
425	290
425	336
425	349
425	368
425	402
425	405
425	447
425	467
425	478
425	492
426	76
426	98
426	136
426	189
426	194
426	272
426	274
426	414
426	429
426	431
426	435
426	440
426	455
426	461
426	474
426	486
427	96
427	136
427	144
427	203
427	268
427	296
427	312
427	331
427	335
427	389
427	438
427	446
427	448
427	461
427	471
427	482
428	98
428	127
428	207
428	214
428	244
428	305
428	393
428	406
428	420
428	441
428	443
428	454
428	479
428	482
428	487
428	500
429	11
429	123
429	216
429	219
429	262
429	280
429	356
429	395
429	409
429	426
429	435
429	468
429	480
429	483
429	496
429	499
430	31
430	34
430	51
430	77
430	150
430	183
430	335
430	364
430	365
430	369
430	400
430	413
430	445
430	465
430	496
430	497
431	10
431	70
431	146
431	166
431	265
431	272
431	375
431	385
431	388
431	397
431	407
431	409
431	414
431	426
431	461
431	466
431	482
432	15
432	36
432	77
432	157
432	175
432	180
432	196
432	313
432	331
432	369
432	391
432	450
432	460
432	470
432	493
432	498
432	499
433	23
433	140
433	141
433	153
433	243
433	263
433	274
433	275
433	342
433	348
433	405
433	408
433	419
433	454
433	469
433	472
433	490
434	19
434	195
434	199
434	230
434	260
434	303
434	344
434	379
434	386
434	395
434	419
434	421
434	423
434	424
434	444
434	485
434	494
435	5
435	72
435	262
435	280
435	296
435	351
435	356
435	366
435	392
435	426
435	429
435	445
435	469
435	480
435	488
435	496
435	499
436	72
436	101
436	105
436	122
436	151
436	171
436	199
436	208
436	211
436	219
436	271
436	316
436	349
436	389
436	398
436	451
436	493
437	26
437	46
437	67
437	120
437	153
437	215
437	246
437	248
437	388
437	394
437	399
437	409
437	416
437	457
437	468
437	476
437	481
437	494
438	12
438	107
438	118
438	137
438	171
438	184
438	219
438	248
438	268
438	312
438	365
438	378
438	400
438	427
438	446
438	447
438	462
438	467
439	34
439	47
439	58
439	159
439	241
439	271
439	283
439	306
439	307
439	326
439	338
439	345
439	356
439	370
439	390
439	469
439	489
439	497
440	2
440	31
440	63
440	124
440	128
440	129
440	133
440	229
440	284
440	335
440	385
440	386
440	400
440	426
440	444
440	445
440	480
440	497
441	4
441	99
441	138
441	197
441	231
441	234
441	329
441	349
441	393
441	416
441	423
441	428
441	443
441	454
441	479
441	488
441	497
441	500
442	30
442	97
442	108
442	164
442	171
442	206
442	233
442	290
442	310
442	346
442	352
442	357
442	397
442	405
442	418
442	464
442	481
442	484
442	498
443	32
443	46
443	97
443	134
443	197
443	198
443	220
443	300
443	317
443	330
443	393
443	420
443	423
443	428
443	441
443	454
443	460
443	463
443	497
444	53
444	87
444	111
444	135
444	145
444	185
444	186
444	222
444	246
444	308
444	310
444	318
444	325
444	332
444	381
444	434
444	440
444	451
444	466
445	28
445	133
445	152
445	173
445	187
445	244
445	281
445	284
445	315
445	364
445	367
445	371
445	430
445	435
445	440
445	452
445	481
445	497
445	499
446	12
446	20
446	58
446	109
446	312
446	321
446	345
446	356
446	378
446	389
446	400
446	401
446	407
446	427
446	438
446	469
446	482
446	486
446	488
447	33
447	59
447	88
447	122
447	130
447	177
447	180
447	251
447	257
447	265
447	290
447	332
447	336
447	372
447	405
447	411
447	425
447	438
447	499
448	35
448	79
448	106
448	175
448	201
448	213
448	244
448	279
448	306
448	323
448	366
448	380
448	390
448	396
448	413
448	427
448	466
448	467
448	469
448	478
449	33
449	128
449	193
449	216
449	290
449	291
449	304
449	370
449	383
449	391
449	410
449	421
449	423
449	450
449	456
449	467
449	480
449	491
449	496
449	497
450	30
450	39
450	80
450	212
450	218
450	258
450	291
450	309
450	390
450	415
450	422
450	432
450	449
450	456
450	468
450	474
450	477
450	484
450	491
450	496
451	50
451	101
451	161
451	162
451	167
451	206
451	217
451	257
451	316
451	323
451	334
451	374
451	390
451	416
451	436
451	444
451	471
451	487
451	493
451	498
452	9
452	65
452	110
452	120
452	192
452	201
452	223
452	247
452	263
452	267
452	271
452	273
452	289
452	338
452	374
452	445
452	461
452	469
452	489
452	500
453	52
453	73
453	118
453	142
453	234
453	248
453	251
453	262
453	340
453	368
453	420
453	457
453	458
453	468
453	472
453	476
453	484
453	485
453	494
453	499
454	24
454	162
454	187
454	229
454	253
454	258
454	273
454	275
454	310
454	317
454	327
454	336
454	417
454	420
454	428
454	433
454	441
454	443
454	476
454	479
454	500
455	74
455	86
455	125
455	163
455	210
455	225
455	252
455	264
455	276
455	309
455	313
455	401
455	402
455	410
455	415
455	419
455	426
455	459
455	460
455	470
455	492
456	39
456	96
456	122
456	216
456	234
456	235
456	248
456	304
456	306
456	327
456	397
456	401
456	410
456	416
456	449
456	450
456	467
456	473
456	474
456	491
456	496
457	73
457	118
457	146
457	158
457	233
457	234
457	245
457	253
457	310
457	343
457	388
457	394
457	396
457	404
457	437
457	453
457	471
457	474
457	476
457	478
457	498
458	3
458	13
458	102
458	121
458	131
458	179
458	227
458	251
458	252
458	278
458	291
458	301
458	350
458	364
458	376
458	379
458	380
458	392
458	453
458	468
458	486
459	157
459	166
459	178
459	180
459	222
459	224
459	225
459	228
459	261
459	291
459	373
459	381
459	402
459	415
459	421
459	455
459	460
459	470
459	476
459	477
459	497
460	15
460	59
460	147
460	163
460	172
460	178
460	180
460	205
460	207
460	261
460	269
460	331
460	378
460	379
460	422
460	432
460	443
460	455
460	459
460	470
460	494
461	1
461	98
461	138
461	189
461	249
461	255
461	263
461	316
461	329
461	360
461	373
461	375
461	384
461	385
461	407
461	414
461	426
461	427
461	431
461	452
461	462
461	477
462	21
462	40
462	65
462	142
462	163
462	217
462	228
462	263
462	354
462	358
462	360
462	362
462	371
462	373
462	374
462	400
462	401
462	416
462	438
462	461
462	475
462	482
463	5
463	45
463	67
463	108
463	139
463	140
463	158
463	199
463	293
463	299
463	302
463	308
463	320
463	326
463	333
463	346
463	362
463	371
463	391
463	423
463	443
463	477
464	48
464	92
464	104
464	108
464	109
464	126
464	168
464	233
464	237
464	310
464	352
464	386
464	400
464	442
464	469
464	477
464	478
464	480
464	481
464	484
464	487
464	498
465	16
465	74
465	226
465	255
465	280
465	326
465	350
465	360
465	372
465	388
465	395
465	400
465	404
465	430
465	472
465	474
465	481
465	485
465	489
465	492
466	35
466	62
466	79
466	106
466	175
466	188
466	201
466	276
466	279
466	280
466	306
466	333
466	346
466	413
466	416
466	431
466	444
466	448
466	470
466	472
466	478
466	495
467	20
467	104
467	121
467	148
467	155
467	216
467	218
467	221
467	258
467	344
467	382
467	383
467	407
467	410
467	425
467	438
467	448
467	449
467	456
467	474
467	487
467	491
467	496
468	24
468	35
468	73
468	121
468	172
468	234
468	244
468	245
468	250
468	253
468	335
468	368
468	399
468	406
468	429
468	437
468	450
468	453
468	458
468	476
468	478
468	494
468	498
469	23
469	82
469	139
469	140
469	210
469	243
469	264
469	274
469	326
469	342
469	376
469	408
469	419
469	433
469	435
469	439
469	446
469	448
469	452
469	464
469	487
469	490
469	500
470	29
470	91
470	178
470	187
470	269
470	272
470	304
470	307
470	313
470	331
470	369
470	385
470	403
470	415
470	432
470	455
470	459
470	460
470	466
470	477
470	484
470	488
470	497
471	7
471	21
471	86
471	167
471	205
471	207
471	288
471	302
471	304
471	309
471	316
471	327
471	333
471	337
471	347
471	370
471	375
471	412
471	427
471	451
471	457
471	493
471	495
472	9
472	80
472	94
472	132
472	204
472	226
472	239
472	255
472	308
472	326
472	365
472	372
472	377
472	404
472	407
472	433
472	453
472	465
472	466
472	476
472	485
472	490
472	492
473	56
473	109
473	126
473	172
473	187
473	193
473	214
473	229
473	232
473	253
473	278
473	293
473	324
473	328
473	333
473	334
473	343
473	360
473	361
473	411
473	418
473	456
473	486
474	17
474	95
474	112
474	169
474	212
474	230
474	258
474	305
474	330
474	338
474	341
474	342
474	383
474	410
474	426
474	450
474	456
474	457
474	465
474	467
474	489
474	491
474	496
475	83
475	100
475	121
475	170
475	190
475	204
475	211
475	217
475	218
475	228
475	268
475	294
475	360
475	362
475	365
475	367
475	373
475	401
475	462
475	487
475	492
475	494
475	500
476	6
476	23
476	62
476	92
476	121
476	130
476	200
476	234
476	248
476	254
476	267
476	272
476	316
476	340
476	368
476	394
476	437
476	453
476	454
476	457
476	459
476	468
476	472
476	494
477	62
477	75
477	103
477	114
477	137
477	202
477	277
477	295
477	308
477	340
477	371
477	382
477	391
477	392
477	399
477	423
477	450
477	459
477	461
477	463
477	464
477	470
477	489
477	494
478	8
478	35
478	62
478	68
478	79
478	106
478	107
478	175
478	201
478	236
478	274
478	279
478	293
478	306
478	402
478	413
478	425
478	448
478	457
478	464
478	466
478	468
478	479
478	497
479	32
479	81
479	95
479	127
479	162
479	198
479	241
479	280
479	286
479	317
479	319
479	329
479	343
479	354
479	366
479	393
479	404
479	420
479	428
479	441
479	454
479	478
479	498
479	499
479	500
480	4
480	5
480	22
480	74
480	89
480	125
480	232
480	236
480	262
480	268
480	286
480	325
480	341
480	365
480	387
480	411
480	429
480	435
480	440
480	449
480	464
480	482
480	483
480	489
480	499
481	17
481	22
481	25
481	38
481	52
481	60
481	68
481	78
481	81
481	117
481	147
481	249
481	260
481	269
481	276
481	287
481	320
481	337
481	420
481	422
481	437
481	442
481	445
481	464
481	465
482	12
482	69
482	136
482	157
482	173
482	176
482	184
482	209
482	238
482	261
482	265
482	307
482	345
482	350
482	378
482	389
482	427
482	428
482	431
482	446
482	462
482	480
482	488
482	491
482	495
483	85
483	105
483	135
483	143
483	164
483	165
483	218
483	236
483	238
483	279
483	280
483	296
483	314
483	337
483	341
483	365
483	387
483	388
483	396
483	408
483	409
483	429
483	480
483	485
483	489
484	39
484	48
484	86
484	92
484	109
484	164
484	168
484	192
484	206
484	215
484	233
484	290
484	295
484	310
484	352
484	381
484	382
484	384
484	442
484	450
484	453
484	464
484	470
484	485
484	498
484	500
485	16
485	90
485	94
485	132
485	166
485	186
485	204
485	226
485	239
485	255
485	278
485	285
485	313
485	326
485	335
485	372
485	373
485	404
485	421
485	434
485	453
485	465
485	472
485	483
485	484
485	492
486	3
486	13
486	29
486	102
486	176
486	179
486	208
486	213
486	237
486	259
486	265
486	270
486	301
486	314
486	341
486	347
486	357
486	379
486	380
486	394
486	408
486	426
486	446
486	458
486	473
486	498
487	2
487	32
487	49
487	65
487	111
487	116
487	126
487	167
487	177
487	208
487	212
487	221
487	251
487	327
487	337
487	349
487	363
487	390
487	398
487	428
487	451
487	464
487	467
487	469
487	475
487	493
487	495
488	40
488	105
488	136
488	171
488	176
488	184
488	209
488	252
488	268
488	321
488	322
488	328
488	330
488	345
488	350
488	378
488	385
488	389
488	408
488	413
488	414
488	435
488	441
488	446
488	470
488	482
488	498
489	9
489	58
489	117
489	119
489	179
489	207
489	273
489	289
489	307
489	331
489	338
489	348
489	363
489	370
489	374
489	396
489	401
489	404
489	439
489	452
489	465
489	474
489	477
489	480
489	483
489	491
489	494
490	23
490	82
490	85
490	136
490	140
490	149
490	181
490	210
490	219
490	224
490	243
490	266
490	274
490	275
490	302
490	341
490	342
490	376
490	379
490	386
490	389
490	407
490	408
490	419
490	433
490	469
490	472
491	22
491	24
491	45
491	99
491	110
491	210
491	212
491	239
491	256
491	258
491	291
491	297
491	304
491	324
491	326
491	345
491	392
491	394
491	410
491	449
491	450
491	456
491	467
491	474
491	482
491	489
491	496
492	16
492	94
492	106
492	132
492	178
492	204
492	226
492	239
492	255
492	287
492	311
492	314
492	315
492	325
492	326
492	339
492	362
492	372
492	401
492	404
492	415
492	425
492	455
492	465
492	472
492	475
492	485
493	55
493	70
493	111
493	116
493	122
493	146
493	151
493	165
493	182
493	198
493	220
493	256
493	292
493	378
493	390
493	399
493	402
493	406
493	412
493	413
493	416
493	432
493	436
493	451
493	471
493	487
493	495
494	6
494	48
494	120
494	144
494	218
494	245
494	250
494	257
494	307
494	315
494	337
494	339
494	351
494	368
494	369
494	388
494	395
494	399
494	421
494	434
494	437
494	453
494	460
494	468
494	475
494	476
494	477
494	489
495	7
495	49
495	53
495	55
495	65
495	133
495	151
495	154
495	194
495	220
495	293
495	302
495	309
495	337
495	339
495	349
495	353
495	358
495	389
495	390
495	403
495	416
495	466
495	471
495	482
495	487
495	493
495	496
496	69
496	95
496	99
496	129
496	149
496	165
496	212
496	218
496	258
496	291
496	318
496	324
496	330
496	380
496	383
496	389
496	403
496	429
496	430
496	435
496	449
496	450
496	456
496	467
496	474
496	491
496	495
496	499
497	2
497	38
497	42
497	51
497	107
497	173
497	191
497	244
497	261
497	277
497	284
497	311
497	326
497	329
497	335
497	337
497	350
497	364
497	381
497	430
497	439
497	440
497	441
497	443
497	445
497	449
497	459
497	470
497	478
498	2
498	48
498	86
498	91
498	92
498	108
498	109
498	164
498	168
498	185
498	206
498	212
498	221
498	233
498	310
498	311
498	352
498	378
498	418
498	432
498	442
498	451
498	457
498	464
498	468
498	479
498	484
498	486
498	488
499	36
499	89
499	125
499	135
499	161
499	165
499	206
499	213
499	266
499	274
499	280
499	286
499	305
499	321
499	341
499	356
499	376
499	387
499	409
499	424
499	429
499	432
499	435
499	445
499	447
499	453
499	479
499	480
499	496
500	4
500	24
500	68
500	162
500	173
500	181
500	198
500	215
500	223
500	266
500	300
500	301
500	317
500	320
500	328
500	329
500	343
500	358
500	376
500	393
500	417
500	420
500	428
500	441
500	452
500	454
500	469
500	475
500	479
500	484
