1	146
1	311
1	333
1	442
1	452
2	11
2	18
2	286
2	386
2	442
3	41
3	403
3	464
3	470
3	480
4	69
4	70
4	147
4	265
4	399
5	338
5	452
5	460
5	485
5	491
6	27
6	217
6	242
6	412
6	443
7	28
7	165
7	425
7	480
7	484
8	31
8	122
8	143
8	198
8	341
9	133
9	332
9	347
9	355
9	475
10	196
10	250
10	336
10	370
10	441
11	2
11	361
11	386
11	407
11	484
12	14
12	91
12	306
12	434
12	444
13	348
13	363
13	450
13	455
13	489
14	12
14	396
14	434
14	486
14	487
15	309
15	312
15	464
15	490
15	494
16	39
16	100
16	179
16	203
16	309
17	159
17	160
17	171
17	319
17	358
18	2
18	272
18	314
18	386
18	449
19	72
19	255
19	364
19	381
19	396
20	266
20	420
20	481
20	483
20	499
21	431
21	451
21	463
21	465
21	493
22	42
22	202
22	313
22	443
22	494
23	40
23	88
23	417
23	422
23	499
24	73
24	172
24	221
24	376
24	442
25	133
25	485
25	490
25	492
25	493
26	45
26	149
26	421
26	457
26	461
27	6
27	382
27	406
27	467
27	468
28	7
28	246
28	416
28	463
28	496
29	230
29	283
29	392
29	473
29	493
30	310
30	446
30	451
30	463
30	500
31	8
31	61
31	224
31	390
31	490
32	253
32	339
32	430
32	451
32	466
33	56
33	256
33	372
33	390
33	471
34	416
34	467
34	482
34	487
34	496
35	90
35	113
35	177
35	361
35	473
36	142
36	210
36	250
36	357
36	413
37	187
37	372
37	438
37	462
37	493
38	55
38	169
38	410
38	471
38	479
39	16
39	278
39	322
39	430
39	450
40	23
40	173
40	189
40	422
40	463
41	3
41	51
41	98
41	236
41	372
42	22
42	277
42	341
42	458
42	488
43	116
43	186
43	197
43	240
43	500
44	262
44	350
44	386
44	442
44	451
45	26
45	56
45	375
45	384
45	494
46	242
46	404
46	470
46	488
46	490
47	84
47	173
47	278
47	371
47	476
48	225
48	227
48	248
48	250
48	441
49	262
49	323
49	361
49	397
49	444
50	182
50	187
50	279
50	434
50	500
51	41
51	117
51	200
51	310
51	472
52	141
52	359
52	400
52	445
52	488
53	83
53	267
53	416
53	448
53	494
54	162
54	263
54	265
54	348
54	494
55	38
55	299
55	308
55	313
55	410
56	33
56	45
56	113
56	386
56	462
57	115
57	151
57	264
57	349
57	498
58	125
58	437
58	471
58	484
58	494
59	196
59	373
59	434
59	449
59	498
60	199
60	335
60	380
60	422
60	497
61	31
61	180
61	394
61	423
61	492
62	108
62	303
62	379
62	465
62	476
63	148
63	166
63	278
63	380
63	408
64	197
64	345
64	363
64	382
64	490
65	274
65	387
65	413
65	448
65	477
66	255
66	271
66	303
66	464
66	500
67	334
67	342
67	402
67	437
67	494
68	288
68	309
68	361
68	426
68	452
69	4
69	195
69	241
69	275
69	465
70	4
70	161
70	354
70	454
70	468
71	161
71	229
71	297
71	326
71	485
72	19
72	128
72	246
72	418
72	454
73	24
73	89
73	259
73	353
73	494
74	79
74	292
74	433
74	472
74	479
75	271
75	361
75	405
75	445
75	495
76	231
76	357
76	374
76	430
76	440
77	293
77	330
77	376
77	468
77	495
78	328
78	353
78	371
78	414
78	499
79	74
79	339
79	389
79	450
79	479
80	270
80	395
80	415
80	437
80	490
81	253
81	398
81	407
81	415
81	463
82	292
82	307
82	366
82	463
82	471
83	53
83	188
83	415
83	440
83	462
84	47
84	90
84	126
84	358
84	409
85	322
85	425
85	460
85	474
85	483
86	199
86	453
86	464
86	470
86	500
87	295
87	382
87	403
87	483
87	497
88	23
88	386
88	416
88	498
88	500
89	73
89	238
89	391
89	417
89	470
90	35
90	84
90	126
90	358
90	398
91	12
91	342
91	343
91	427
91	471
92	262
92	320
92	364
92	379
92	473
93	152
93	262
93	361
93	385
93	386
94	327
94	397
94	458
94	475
94	493
95	287
95	312
95	481
95	482
95	493
96	124
96	291
96	350
96	369
96	496
97	120
97	169
97	197
97	435
97	477
98	41
98	120
98	332
98	343
98	362
99	454
99	465
99	480
99	486
99	493
100	16
100	311
100	361
100	367
100	491
101	192
101	439
101	460
101	491
101	497
102	193
102	255
102	284
102	411
102	441
103	220
103	332
103	362
103	417
103	495
104	207
104	365
104	390
104	473
104	481
105	110
105	376
105	410
105	419
105	468
106	384
106	391
106	463
106	475
106	484
107	224
107	309
107	368
107	423
107	492
108	62
108	440
108	458
108	461
108	482
109	143
109	228
109	372
109	390
109	500
110	105
110	392
110	405
110	409
110	433
111	149
111	229
111	256
111	315
111	496
112	369
112	395
112	466
112	467
112	478
113	35
113	56
113	281
113	333
113	361
114	260
114	261
114	288
114	426
114	452
115	57
115	249
115	383
115	425
115	472
116	43
116	236
116	286
116	435
116	454
117	51
117	310
117	333
117	441
117	453
118	270
118	336
118	485
118	492
118	494
119	281
119	287
119	315
119	388
119	435
119	442
120	97
120	98
120	146
120	203
120	282
120	474
121	140
121	275
121	393
121	472
121	479
121	498
122	8
122	257
122	387
122	431
122	464
122	471
123	171
123	186
123	209
123	231
123	245
123	463
124	96
124	315
124	347
124	421
124	451
124	469
125	58
125	175
125	179
125	246
125	365
125	447
126	84
126	90
126	146
126	151
126	218
126	468
127	134
127	138
127	293
127	431
127	466
127	471
128	72
128	255
128	342
128	426
128	435
128	480
129	313
129	360
129	369
129	445
129	473
129	491
130	247
130	265
130	283
130	475
130	484
130	495
131	152
131	224
131	347
131	420
131	430
131	485
132	164
132	422
132	429
132	452
132	462
132	465
133	9
133	25
133	215
133	250
133	408
133	495
134	127
134	161
134	170
134	315
134	365
134	421
135	203
135	264
135	311
135	367
135	426
135	469
136	202
136	255
136	303
136	346
136	412
136	443
137	182
137	204
137	405
137	467
137	469
137	470
138	127
138	321
138	391
138	405
138	431
138	471
139	309
139	333
139	371
139	479
139	492
139	494
140	121
140	314
140	373
140	445
140	498
140	500
141	52
141	154
141	232
141	290
141	376
141	459
142	36
142	354
142	393
142	413
142	466
142	477
143	8
143	109
143	335
143	337
143	451
143	463
144	298
144	343
144	421
144	427
144	482
144	496
145	189
145	232
145	299
145	365
145	487
145	489
146	1
146	120
146	126
146	253
146	420
146	453
147	4
147	214
147	219
147	278
147	344
147	462
148	63
148	171
148	282
148	428
148	445
148	458
149	26
149	111
149	382
149	446
149	482
149	486
150	207
150	339
150	369
150	436
150	459
150	493
151	57
151	126
151	172
151	355
151	359
151	442
152	93
152	131
152	196
152	247
152	286
152	418
153	437
153	438
153	446
153	460
153	491
153	498
154	141
154	232
154	268
154	456
154	461
154	496
155	161
155	259
155	262
155	346
155	432
155	448
156	180
156	245
156	403
156	423
156	453
156	493
157	269
157	274
157	299
157	402
157	426
157	499
158	324
158	338
158	393
158	431
158	471
158	481
159	17
159	167
159	216
159	434
159	458
159	469
160	17
160	378
160	411
160	454
160	465
160	485
161	70
161	71
161	134
161	155
161	443
161	496
162	54
162	181
162	297
162	338
162	410
162	493
163	241
163	291
163	380
163	406
163	454
163	477
164	132
164	257
164	383
164	461
164	482
164	496
165	7
165	192
165	385
165	444
165	482
165	496
166	63
166	203
166	318
166	367
166	464
166	491
167	159
167	201
167	399
167	474
167	488
167	496
168	296
168	354
168	380
168	385
168	398
168	477
169	38
169	97
169	181
169	366
169	467
169	471
170	134
170	229
170	371
170	413
170	470
170	492
171	17
171	123
171	148
171	365
171	367
171	376
172	24
172	151
172	183
172	310
172	442
172	475
173	40
173	47
173	209
173	303
173	327
173	417
174	194
174	336
174	411
174	474
174	488
174	498
175	125
175	194
175	357
175	416
175	482
175	486
176	329
176	383
176	395
176	397
176	478
176	494
177	35
177	231
177	328
177	374
177	427
177	449
178	200
178	398
178	442
178	475
178	497
178	499
179	16
179	125
179	328
179	344
179	345
179	474
180	61
180	156
180	317
180	404
180	456
180	485
180	498
181	162
181	169
181	257
181	294
181	444
181	489
181	499
182	50
182	137
182	245
182	323
182	382
182	427
182	497
183	172
183	364
183	388
183	456
183	470
183	486
183	487
184	187
184	246
184	461
184	475
184	482
184	485
184	496
185	296
185	308
185	384
185	390
185	435
185	477
185	487
186	43
186	123
186	232
186	372
186	439
186	461
186	482
187	37
187	50
187	184
187	438
187	481
187	487
187	493
188	83
188	298
188	333
188	383
188	472
188	479
188	498
189	40
189	145
189	264
189	313
189	366
189	420
189	489
190	235
190	306
190	352
190	360
190	425
190	493
190	497
191	335
191	397
191	436
191	451
191	475
191	481
191	482
192	101
192	165
192	198
192	276
192	348
192	390
192	494
193	102
193	251
193	322
193	380
193	435
193	457
193	472
194	174
194	175
194	260
194	319
194	381
194	467
194	478
195	69
195	228
195	305
195	354
195	475
195	484
195	495
196	10
196	59
196	152
196	216
196	248
196	333
196	441
197	43
197	64
197	97
197	204
197	296
197	413
197	472
198	8
198	192
198	276
198	330
198	372
198	410
198	491
199	60
199	86
199	370
199	394
199	444
199	480
199	499
200	51
200	178
200	269
200	301
200	318
200	470
200	490
201	167
201	205
201	354
201	377
201	403
201	470
201	472
202	22
202	136
202	388
202	397
202	437
202	468
202	470
203	16
203	120
203	135
203	166
203	234
203	403
203	465
204	137
204	197
204	247
204	385
204	458
204	483
204	499
205	201
205	319
205	414
205	452
205	467
205	478
205	483
206	231
206	280
206	342
206	353
206	396
206	423
206	435
207	104
207	150
207	334
207	392
207	479
207	491
207	493
208	327
208	450
208	460
208	468
208	469
208	472
208	479
209	123
209	173
209	371
209	381
209	384
209	447
209	485
210	36
210	247
210	261
210	388
210	428
210	463
210	497
211	358
211	363
211	410
211	439
211	467
211	489
211	494
212	289
212	321
212	400
212	407
212	430
212	435
212	491
213	281
213	332
213	362
213	417
213	427
213	433
213	435
214	147
214	329
214	423
214	447
214	449
214	459
214	488
215	133
215	273
215	324
215	380
215	384
215	413
215	471
216	159
216	196
216	312
216	438
216	443
216	464
216	469
217	6
217	336
217	374
217	377
217	434
217	452
217	500
218	126
218	309
218	326
218	353
218	355
218	398
218	489
219	147
219	345
219	354
219	407
219	424
219	458
219	469
220	103
220	271
220	388
220	437
220	467
220	486
220	487
221	24
221	258
221	430
221	439
221	453
221	461
221	498
222	235
222	409
222	436
222	462
222	464
222	471
222	473
223	337
223	362
223	415
223	433
223	451
223	463
223	476
224	31
224	107
224	131
224	407
224	446
224	449
224	491
225	48
225	290
225	304
225	311
225	341
225	377
225	457
226	342
226	346
226	398
226	439
226	446
226	460
226	491
227	48
227	318
227	391
227	406
227	448
227	458
227	464
228	109
228	195
228	314
228	369
228	395
228	409
228	433
229	71
229	111
229	170
229	285
229	409
229	414
229	485
230	29
230	296
230	303
230	316
230	438
230	481
230	493
231	76
231	123
231	177
231	206
231	417
231	492
231	499
232	141
232	145
232	154
232	186
232	240
232	266
232	365
233	268
233	356
233	436
233	481
233	482
233	487
233	493
234	203
234	316
234	340
234	345
234	430
234	453
234	498
235	190
235	222
235	273
235	307
235	372
235	418
235	465
236	41
236	116
236	238
236	248
236	283
236	428
236	448
237	314
237	356
237	369
237	383
237	402
237	433
237	489
238	89
238	236
238	366
238	395
238	424
238	458
238	469
239	298
239	329
239	333
239	371
239	405
239	486
239	487
240	43
240	232
240	325
240	439
240	455
240	461
240	496
241	69
241	163
241	286
241	327
241	362
241	417
241	432
242	6
242	46
242	375
242	447
242	468
242	482
242	498
243	274
243	293
243	310
243	355
243	403
243	442
243	444
244	322
244	327
244	332
244	351
244	362
244	459
244	486
245	123
245	156
245	182
245	338
245	469
245	485
245	492
246	28
246	72
246	125
246	184
246	330
246	381
246	451
246	496
247	130
247	152
247	204
247	210
247	319
247	420
247	428
247	495
248	48
248	196
248	236
248	284
248	346
248	421
248	441
248	449
249	115
249	377
249	383
249	409
249	433
249	442
249	449
249	470
250	10
250	36
250	48
250	133
250	333
250	403
250	441
250	457
251	193
251	254
251	380
251	475
251	477
251	482
251	487
251	492
252	279
252	286
252	289
252	334
252	407
252	446
252	491
252	493
253	32
253	81
253	146
253	399
253	427
253	451
253	463
253	473
254	251
254	296
254	320
254	340
254	351
254	384
254	471
254	477
255	19
255	66
255	102
255	128
255	136
255	439
255	453
255	500
256	33
256	111
256	276
256	372
256	387
256	390
256	432
256	457
257	122
257	164
257	181
257	297
257	363
257	364
257	397
257	489
258	221
258	299
258	356
258	363
258	365
258	366
258	410
258	483
259	73
259	155
259	282
259	368
259	423
259	437
259	485
259	492
260	114
260	194
260	295
260	392
260	397
260	436
260	481
260	500
261	114
261	210
261	293
261	300
261	366
261	428
261	461
261	492
262	44
262	49
262	92
262	93
262	155
262	361
262	418
262	483
263	54
263	267
263	320
263	340
263	374
263	430
263	455
263	476
264	57
264	135
264	189
264	324
264	349
264	451
264	498
264	500
265	4
265	54
265	130
265	288
265	294
265	351
265	364
265	452
266	20
266	232
266	270
266	337
266	415
266	448
266	463
266	481
267	53
267	263
267	354
267	389
267	396
267	424
267	470
267	474
268	154
268	233
268	398
268	411
268	424
268	444
268	483
268	499
269	157
269	200
269	294
269	325
269	387
269	399
269	426
269	452
270	80
270	118
270	266
270	360
270	415
270	440
270	451
270	463
271	66
271	75
271	220
271	304
271	448
271	456
271	486
271	487
272	18
272	292
272	320
272	363
272	366
272	434
272	489
272	492
273	215
273	235
273	307
273	350
273	387
273	451
273	471
273	479
274	65
274	157
274	243
274	295
274	348
274	357
274	452
274	487
275	69
275	121
275	468
275	475
275	482
275	484
275	492
275	495
276	192
276	198
276	256
276	318
276	372
276	390
276	460
276	500
277	42
277	330
277	351
277	401
277	442
277	445
277	483
277	484
278	39
278	47
278	63
278	147
278	393
278	476
278	480
278	482
279	50
279	252
279	309
279	344
279	381
279	402
279	406
279	478
280	206
280	325
280	377
280	378
280	456
280	486
280	487
280	499
281	113
281	119
281	213
281	287
281	355
281	393
281	429
281	442
282	120
282	148
282	259
282	284
282	300
282	311
282	367
282	440
283	29
283	130
283	236
283	339
283	350
283	420
283	428
283	435
284	102
284	248
284	282
284	333
284	369
284	441
284	472
284	479
285	229
285	401
285	407
285	423
285	430
285	446
285	460
285	491
286	2
286	116
286	152
286	241
286	252
286	347
286	356
286	457
286	479
287	95
287	119
287	281
287	310
287	337
287	355
287	442
287	493
287	500
288	68
288	114
288	265
288	294
288	335
288	443
288	445
288	485
288	490
289	212
289	252
289	316
289	340
289	346
289	449
289	460
289	480
289	491
290	141
290	225
290	304
290	307
290	368
290	411
290	474
290	478
290	486
291	96
291	163
291	368
291	384
291	395
291	401
291	413
291	435
291	481
292	74
292	82
292	272
292	297
292	404
292	410
292	486
292	489
292	500
293	77
293	127
293	243
293	261
293	334
293	347
293	358
293	420
293	483
294	181
294	265
294	269
294	288
294	347
294	401
294	426
294	452
294	482
295	87
295	260
295	274
295	344
295	348
295	414
295	419
295	426
295	452
296	168
296	185
296	197
296	230
296	254
296	435
296	437
296	449
296	481
297	71
297	162
297	257
297	292
297	353
297	393
297	473
297	474
297	489
298	144
298	188
298	239
298	456
298	476
298	481
298	486
298	487
298	494
299	55
299	145
299	157
299	258
299	366
299	394
299	489
299	495
299	499
300	261
300	282
300	334
300	339
300	347
300	413
300	415
300	418
300	437
301	200
301	395
301	399
301	446
301	449
301	456
301	457
301	459
301	474
302	321
302	323
302	328
302	341
302	401
302	449
302	450
302	459
302	474
303	62
303	66
303	136
303	173
303	230
303	340
303	393
303	469
303	472
304	225
304	271
304	290
304	344
304	359
304	360
304	394
304	417
304	474
305	195
305	312
305	340
305	383
305	408
305	410
305	450
305	472
305	476
305	479
306	12
306	190
306	335
306	387
306	409
306	415
306	427
306	444
306	483
306	489
307	82
307	235
307	273
307	290
307	387
307	431
307	450
307	462
307	471
307	486
308	55
308	185
308	334
308	345
308	373
308	377
308	389
308	439
308	453
308	500
309	15
309	16
309	68
309	107
309	139
309	218
309	279
309	476
309	485
309	492
310	30
310	51
310	117
310	172
310	243
310	287
310	355
310	429
310	442
310	459
311	1
311	100
311	135
311	225
311	282
311	358
311	418
311	477
311	489
311	500
312	15
312	95
312	216
312	305
312	424
312	429
312	440
312	458
312	469
312	476
313	22
313	55
313	129
313	189
313	342
313	391
313	400
313	462
313	465
313	474
314	18
314	140
314	228
314	237
314	369
314	409
314	433
314	441
314	477
314	495
315	111
315	119
315	124
315	134
315	416
315	419
315	455
315	468
315	479
315	496
316	230
316	234
316	289
316	349
316	375
316	377
316	418
316	434
316	446
316	498
317	180
317	337
317	401
317	421
317	445
317	472
317	475
317	483
317	484
317	495
318	166
318	200
318	227
318	276
318	359
318	368
318	464
318	470
318	477
318	486
319	17
319	194
319	205
319	247
319	331
319	351
319	376
319	382
319	447
319	478
320	92
320	254
320	263
320	272
320	388
320	440
320	472
320	476
320	479
320	489
321	138
321	212
321	302
321	388
321	396
321	397
321	456
321	486
321	487
321	491
322	39
322	85
322	193
322	244
322	385
322	387
322	441
322	483
322	497
322	499
323	49
323	182
323	302
323	385
323	398
323	425
323	456
323	477
323	483
323	496
324	158
324	215
324	264
324	348
324	353
324	387
324	424
324	431
324	471
324	500
325	240
325	269
325	280
325	354
325	379
325	396
325	433
325	456
325	486
325	487
326	71
326	218
326	353
326	364
326	386
326	389
326	481
326	485
326	492
326	498
327	94
327	173
327	208
327	241
327	244
327	332
327	417
327	460
327	466
327	492
328	78
328	177
328	179
328	302
328	344
328	352
328	401
328	431
328	457
328	498
329	176
329	214
329	239
329	402
329	406
329	414
329	426
329	431
329	447
329	478
329	483
330	77
330	198
330	246
330	277
330	376
330	408
330	429
330	475
330	484
330	493
330	495
331	319
331	395
331	402
331	408
331	442
331	446
331	447
331	450
331	454
331	455
331	467
332	9
332	98
332	103
332	213
332	244
332	327
332	367
332	389
332	417
332	419
332	485
333	1
333	113
333	117
333	139
333	188
333	196
333	239
333	250
333	284
333	353
333	441
334	67
334	207
334	252
334	293
334	300
334	308
334	338
334	356
334	380
334	420
334	428
335	60
335	143
335	191
335	288
335	306
335	344
335	359
335	442
335	459
335	474
335	488
336	10
336	118
336	174
336	217
336	343
336	352
336	385
336	393
336	400
336	497
336	499
337	143
337	223
337	266
337	287
337	317
337	408
337	415
337	425
337	451
337	459
337	463
338	5
338	158
338	162
338	245
338	334
338	407
338	437
338	446
338	458
338	460
338	491
339	32
339	79
339	150
339	283
339	300
339	347
339	356
339	377
339	420
339	428
339	499
340	234
340	254
340	263
340	289
340	303
340	305
340	455
340	476
340	479
340	480
340	487
341	8
341	42
341	225
341	302
341	373
341	396
341	411
341	436
341	459
341	483
341	500
342	67
342	91
342	128
342	206
342	226
342	313
342	418
342	455
342	466
342	480
342	489
343	91
343	98
343	144
343	336
343	370
343	382
343	391
343	412
343	424
343	425
343	483
344	147
344	179
344	279
344	295
344	304
344	328
344	335
344	357
344	400
344	445
344	449
345	64
345	179
345	219
345	234
345	308
345	432
345	448
345	477
345	481
345	490
345	494
346	136
346	155
346	226
346	248
346	289
346	372
346	407
346	436
346	446
346	460
346	491
347	9
347	124
347	131
347	286
347	293
347	294
347	300
347	339
347	356
347	420
347	500
348	13
348	54
348	192
348	274
348	295
348	324
348	426
348	452
348	493
348	495
348	497
349	57
349	264
349	316
349	365
349	371
349	439
349	453
349	484
349	489
349	491
349	498
350	44
350	96
350	273
350	283
350	361
350	416
350	421
350	461
350	476
350	482
350	498
351	244
351	254
351	265
351	277
351	319
351	357
351	436
351	438
351	458
351	481
351	493
352	190
352	328
352	336
352	370
352	382
352	384
352	430
352	443
352	464
352	497
352	500
353	73
353	78
353	206
353	218
353	297
353	324
353	326
353	333
353	421
353	436
353	485
354	70
354	142
354	168
354	195
354	201
354	219
354	267
354	325
354	368
354	405
354	464
355	9
355	151
355	218
355	243
355	281
355	287
355	310
355	388
355	419
355	442
355	461
355	485
356	233
356	237
356	258
356	286
356	334
356	339
356	347
356	372
356	420
356	428
356	444
356	491
357	36
357	76
357	175
357	274
357	344
357	351
357	430
357	440
357	450
357	468
357	472
357	479
358	17
358	84
358	90
358	211
358	293
358	311
358	364
358	367
358	416
358	423
358	433
358	464
359	52
359	151
359	304
359	318
359	335
359	367
359	385
359	411
359	457
359	465
359	488
359	489
360	129
360	190
360	270
360	304
360	377
360	378
360	394
360	400
360	445
360	455
360	465
360	490
361	11
361	35
361	49
361	68
361	75
361	93
361	100
361	113
361	262
361	350
361	403
361	499
362	98
362	103
362	213
362	223
362	241
362	244
362	370
362	417
362	425
362	463
362	478
362	488
363	13
363	64
363	211
363	257
363	258
363	272
363	393
363	455
363	460
363	461
363	489
363	496
364	19
364	92
364	183
364	257
364	265
364	326
364	358
364	418
364	434
364	454
364	466
364	480
365	104
365	125
365	134
365	145
365	171
365	232
365	258
365	349
365	416
365	461
365	483
365	496
366	82
366	169
366	189
366	238
366	258
366	261
366	272
366	299
366	406
366	457
366	477
366	489
367	100
367	135
367	166
367	171
367	282
367	332
367	358
367	359
367	402
367	444
367	492
367	499
368	107
368	259
368	290
368	291
368	318
368	354
368	405
368	424
368	458
368	470
368	484
368	491
369	96
369	112
369	129
369	150
369	228
369	237
369	284
369	314
369	383
369	409
369	433
369	496
370	10
370	199
370	343
370	352
370	362
370	390
370	425
370	458
370	476
370	482
370	497
370	499
371	47
371	78
371	139
371	170
371	209
371	239
371	349
371	423
371	451
371	462
371	491
371	492
372	33
372	37
372	41
372	109
372	186
372	198
372	235
372	256
372	276
372	346
372	356
372	390
373	59
373	140
373	308
373	341
373	375
373	378
373	453
373	478
373	479
373	492
373	498
373	500
374	76
374	177
374	217
374	263
374	399
374	412
374	441
374	449
374	457
374	473
374	474
374	488
375	45
375	242
375	316
375	373
375	390
375	404
375	422
375	423
375	463
375	468
375	492
375	494
376	24
376	77
376	105
376	141
376	171
376	319
376	330
376	401
376	408
376	441
376	445
376	484
376	495
377	201
377	217
377	225
377	249
377	280
377	308
377	316
377	339
377	360
377	404
377	434
377	498
377	500
378	160
378	280
378	360
378	373
378	412
378	429
378	433
378	441
378	454
378	462
378	473
378	474
378	480
379	62
379	92
379	325
379	385
379	394
379	400
379	424
379	455
379	466
379	473
379	480
379	488
379	497
380	60
380	63
380	163
380	168
380	193
380	215
380	251
380	334
380	384
380	385
380	413
380	435
380	477
381	19
381	194
381	209
381	246
381	279
381	395
381	409
381	414
381	415
381	438
381	451
381	467
381	478
382	27
382	64
382	87
382	149
382	182
382	319
382	343
382	352
382	389
382	423
382	488
382	497
382	499
383	115
383	164
383	176
383	188
383	237
383	249
383	305
383	369
383	409
383	413
383	433
383	463
383	478
384	45
384	106
384	185
384	209
384	215
384	254
384	291
384	352
384	380
384	409
384	417
384	435
384	477
385	93
385	165
385	168
385	204
385	322
385	323
385	336
385	359
385	379
385	380
385	401
385	497
385	499
386	2
386	11
386	18
386	44
386	56
386	88
386	93
386	326
386	454
386	469
386	485
386	486
386	488
387	65
387	122
387	256
387	269
387	273
387	306
387	307
387	322
387	324
387	431
387	471
387	480
387	498
388	119
388	183
388	202
388	210
388	220
388	320
388	321
388	355
388	396
388	422
388	447
388	456
388	486
388	487
389	79
389	267
389	308
389	326
389	332
389	382
389	391
389	403
389	405
389	416
389	464
389	467
389	469
389	470
390	31
390	33
390	104
390	109
390	185
390	192
390	256
390	276
390	370
390	372
390	375
390	424
390	440
390	467
391	89
391	106
391	138
391	227
391	313
391	343
391	389
391	403
391	415
391	427
391	458
391	469
391	470
391	489
392	29
392	110
392	207
392	260
392	397
392	409
392	413
392	432
392	436
392	438
392	447
392	448
392	454
392	493
393	121
393	142
393	158
393	278
393	281
393	297
393	303
393	336
393	363
393	440
393	450
393	466
393	476
393	479
394	61
394	199
394	299
394	304
394	360
394	379
394	407
394	423
394	429
394	455
394	465
394	473
394	480
394	494
395	80
395	112
395	176
395	228
395	238
395	291
395	301
395	331
395	381
395	447
395	467
395	478
395	483
395	500
396	14
396	19
396	206
396	267
396	321
396	325
396	341
396	388
396	456
396	459
396	486
396	487
396	488
396	495
397	49
397	94
397	176
397	191
397	202
397	257
397	260
397	321
397	392
397	438
397	466
397	481
397	484
397	493
398	81
398	90
398	168
398	178
398	218
398	226
398	268
398	323
398	425
398	427
398	444
398	450
398	453
398	483
399	4
399	167
399	253
399	269
399	301
399	374
399	448
399	457
399	459
399	473
399	488
399	494
399	497
399	499
400	52
400	212
400	313
400	336
400	344
400	360
400	379
400	454
400	462
400	466
400	474
400	480
400	486
400	495
401	277
401	285
401	291
401	294
401	302
401	317
401	328
401	376
401	385
401	445
401	475
401	476
401	484
401	495
402	67
402	157
402	237
402	279
402	329
402	331
402	367
402	406
402	414
402	421
402	447
402	469
402	478
402	499
403	3
403	87
403	156
403	201
403	203
403	243
403	250
403	361
403	389
403	391
403	424
403	456
403	464
403	469
404	46
404	180
404	292
404	375
404	377
404	417
404	419
404	443
404	468
404	474
404	476
404	490
404	494
404	495
405	75
405	110
405	137
405	138
405	239
405	354
405	368
405	389
405	406
405	414
405	424
405	428
405	458
405	464
406	27
406	163
406	227
406	279
406	329
406	366
406	402
406	405
406	414
406	447
406	467
406	477
406	490
406	494
407	11
407	81
407	212
407	219
407	224
407	252
407	285
407	338
407	346
407	394
407	440
407	441
407	446
407	469
407	491
408	63
408	133
408	305
408	330
408	331
408	337
408	376
408	445
408	452
408	466
408	475
408	479
408	484
408	492
408	495
409	84
409	110
409	222
409	228
409	229
409	249
409	306
409	314
409	369
409	381
409	383
409	384
409	392
409	433
409	461
410	38
410	55
410	105
410	162
410	198
410	211
410	258
410	292
410	305
410	412
410	414
410	441
410	475
410	489
410	493
411	102
411	160
411	174
411	268
411	290
411	341
411	359
411	421
411	426
411	448
411	457
411	465
411	474
411	476
411	488
412	6
412	136
412	343
412	374
412	378
412	410
412	419
412	422
412	443
412	452
412	458
412	484
412	490
412	494
412	496
413	36
413	65
413	142
413	170
413	197
413	215
413	291
413	300
413	380
413	383
413	392
413	448
413	472
413	477
413	478
414	78
414	205
414	229
414	295
414	329
414	381
414	402
414	405
414	406
414	410
414	431
414	447
414	467
414	475
414	486
415	80
415	81
415	83
415	223
415	266
415	270
415	300
415	306
415	337
415	381
415	391
415	420
415	422
415	451
415	463
416	28
416	34
416	53
416	88
416	175
416	315
416	350
416	358
416	365
416	389
416	434
416	446
416	461
416	482
416	489
417	23
417	89
417	103
417	173
417	213
417	231
417	241
417	304
417	327
417	332
417	362
417	384
417	404
417	445
417	473
418	72
418	152
418	235
418	262
418	300
418	311
418	316
418	342
418	364
418	438
418	443
418	455
418	462
418	465
418	466
419	105
419	295
419	315
419	332
419	355
419	404
419	412
419	422
419	424
419	438
419	448
419	454
419	462
419	468
419	490
420	20
420	131
420	146
420	189
420	247
420	283
420	293
420	334
420	339
420	347
420	356
420	415
420	478
420	491
420	498
421	26
421	124
421	134
421	144
421	248
421	317
421	350
421	353
421	402
421	411
421	432
421	461
421	465
421	474
421	496
422	23
422	40
422	60
422	132
422	375
422	388
422	412
422	415
422	419
422	432
422	437
422	448
422	464
422	490
422	495
423	61
423	107
423	156
423	206
423	214
423	259
423	285
423	358
423	371
423	375
423	382
423	394
423	485
423	492
423	495
423	497
424	219
424	238
424	267
424	268
424	312
424	324
424	343
424	368
424	379
424	390
424	403
424	405
424	419
424	442
424	469
424	471
425	7
425	85
425	115
425	190
425	323
425	337
425	343
425	362
425	370
425	398
425	427
425	434
425	459
425	460
425	461
425	499
426	68
426	114
426	128
426	135
426	157
426	269
426	294
426	295
426	329
426	348
426	411
426	452
426	461
426	463
426	467
426	480
427	91
427	144
427	177
427	182
427	213
427	253
427	306
427	391
427	398
427	425
427	428
427	444
427	468
427	495
427	497
427	499
428	148
428	210
428	236
428	247
428	261
428	283
428	334
428	339
428	356
428	405
428	427
428	456
428	457
428	487
428	488
428	496
429	132
429	281
429	310
429	312
429	330
429	378
429	394
429	444
429	454
429	455
429	462
429	466
429	480
429	489
429	490
429	494
430	32
430	39
430	76
430	131
430	212
430	221
430	234
430	263
430	285
430	352
430	357
430	440
430	450
430	472
430	476
430	495
431	21
431	122
431	127
431	138
431	158
431	307
431	324
431	328
431	329
431	387
431	414
431	439
431	462
431	467
431	468
431	471
432	155
432	241
432	256
432	345
432	392
432	421
432	422
432	437
432	448
432	453
432	468
432	473
432	478
432	484
432	490
432	494
433	74
433	110
433	213
433	223
433	228
433	237
433	249
433	314
433	325
433	358
433	369
433	378
433	383
433	409
433	465
433	487
434	12
434	14
434	50
434	59
434	159
434	217
434	272
434	316
434	364
434	377
434	416
434	425
434	439
434	459
434	484
434	498
434	500
435	97
435	116
435	119
435	128
435	185
435	193
435	206
435	212
435	213
435	283
435	291
435	296
435	380
435	384
435	477
435	492
435	497
436	150
436	191
436	222
436	233
436	260
436	341
436	346
436	351
436	353
436	392
436	438
436	455
436	456
436	480
436	481
436	486
436	493
437	58
437	67
437	80
437	153
437	202
437	220
437	259
437	296
437	300
437	338
437	422
437	432
437	488
437	490
437	494
437	496
437	497
438	37
438	153
438	187
438	216
438	230
438	351
438	381
438	392
438	397
438	418
438	419
438	436
438	457
438	477
438	481
438	490
438	493
439	101
439	186
439	211
439	221
439	226
439	240
439	255
439	308
439	349
439	431
439	434
439	447
439	449
439	453
439	477
439	498
439	500
440	76
440	83
440	108
440	270
440	282
440	312
440	320
440	357
440	390
440	393
440	407
440	430
440	443
440	450
440	472
440	476
440	478
440	500
441	10
441	48
441	102
441	117
441	196
441	248
441	250
441	284
441	314
441	322
441	333
441	374
441	376
441	378
441	407
441	410
441	474
441	489
442	1
442	2
442	24
442	44
442	119
442	151
442	172
442	178
442	243
442	249
442	277
442	281
442	287
442	310
442	331
442	335
442	355
442	424
443	6
443	22
443	136
443	161
443	216
443	288
443	352
443	404
443	412
443	418
443	440
443	447
443	448
443	451
443	474
443	482
443	490
443	494
444	12
444	49
444	165
444	181
444	199
444	243
444	268
444	306
444	356
444	367
444	398
444	427
444	429
444	471
444	483
444	496
444	497
444	499
445	52
445	75
445	129
445	140
445	148
445	277
445	288
445	317
445	344
445	360
445	376
445	401
445	408
445	417
445	450
445	470
445	475
445	484
445	495
446	30
446	149
446	153
446	224
446	226
446	252
446	285
446	301
446	316
446	331
446	338
446	346
446	407
446	416
446	460
446	466
446	469
446	484
446	491
447	125
447	209
447	214
447	242
447	319
447	329
447	331
447	388
447	392
447	395
447	402
447	406
447	414
447	439
447	443
447	462
447	467
447	478
447	490
448	53
448	65
448	155
448	227
448	236
448	266
448	271
448	345
448	392
448	399
448	411
448	413
448	419
448	422
448	432
448	443
448	468
448	490
448	494
449	18
449	59
449	177
449	214
449	224
449	248
449	249
449	289
449	296
449	301
449	302
449	344
449	374
449	439
449	457
449	459
449	474
449	488
449	499
450	13
450	39
450	79
450	208
450	302
450	305
450	307
450	331
450	357
450	393
450	398
450	430
450	440
450	445
450	459
450	463
450	476
450	479
450	500
451	21
451	30
451	32
451	44
451	124
451	143
451	191
451	223
451	246
451	253
451	264
451	270
451	273
451	337
451	371
451	381
451	415
451	443
451	463
452	1
452	5
452	68
452	114
452	132
452	205
452	217
452	265
452	269
452	274
452	294
452	295
452	348
452	408
452	412
452	426
452	472
452	473
452	481
453	86
453	117
453	146
453	156
453	221
453	234
453	255
453	308
453	349
453	373
453	398
453	432
453	439
453	461
453	484
453	485
453	487
453	498
453	499
453	500
454	70
454	72
454	99
454	116
454	160
454	163
454	331
454	364
454	378
454	386
454	392
454	400
454	419
454	429
454	465
454	466
454	473
454	481
454	498
454	499
455	13
455	240
455	263
455	315
455	331
455	340
455	342
455	360
455	363
455	379
455	394
455	418
455	429
455	436
455	462
455	466
455	473
455	480
455	489
455	493
456	154
456	180
456	183
456	271
456	280
456	298
456	301
456	321
456	323
456	325
456	388
456	396
456	403
456	428
456	436
456	481
456	482
456	486
456	487
456	496
457	26
457	193
457	225
457	250
457	256
457	286
457	301
457	328
457	359
457	366
457	374
457	399
457	411
457	428
457	438
457	449
457	459
457	488
457	491
457	495
458	42
458	94
458	108
458	148
458	159
458	204
458	219
458	227
458	238
458	312
458	338
458	351
458	368
458	370
458	391
458	405
458	412
458	460
458	469
458	470
459	141
459	150
459	214
459	244
459	301
459	302
459	310
459	335
459	337
459	341
459	396
459	399
459	425
459	434
459	449
459	450
459	457
459	464
459	488
459	490
460	5
460	85
460	101
460	153
460	208
460	226
460	276
460	285
460	289
460	327
460	338
460	346
460	363
460	425
460	446
460	458
460	477
460	490
460	491
460	497
461	26
461	108
461	154
461	164
461	184
461	186
461	221
461	240
461	261
461	350
461	355
461	363
461	365
461	409
461	416
461	421
461	425
461	426
461	453
461	483
461	485
462	37
462	56
462	83
462	132
462	147
462	222
462	307
462	313
462	371
462	378
462	400
462	418
462	419
462	429
462	431
462	447
462	455
462	473
462	479
462	480
462	487
463	21
463	28
463	30
463	40
463	81
463	82
463	106
463	123
463	143
463	210
463	223
463	253
463	266
463	270
463	337
463	362
463	375
463	383
463	415
463	426
463	450
463	451
464	3
464	15
464	66
464	86
464	122
464	166
464	216
464	222
464	227
464	318
464	352
464	354
464	358
464	389
464	403
464	405
464	422
464	459
464	465
464	469
464	470
464	478
465	21
465	62
465	69
465	99
465	132
465	160
465	203
465	235
465	313
465	359
465	360
465	394
465	411
465	418
465	421
465	433
465	454
465	464
465	466
465	473
465	475
465	484
466	32
466	112
466	127
466	142
466	327
466	342
466	364
466	379
466	393
466	397
466	400
466	408
466	418
466	429
466	446
466	454
466	455
466	465
466	468
466	473
466	480
466	488
467	27
467	34
467	112
467	137
467	169
467	194
467	205
467	211
467	220
467	331
467	381
467	389
467	390
467	395
467	406
467	414
467	426
467	431
467	447
467	470
467	478
467	486
468	27
468	70
468	77
468	105
468	126
468	202
468	208
468	242
468	275
468	315
468	357
468	375
468	404
468	419
468	427
468	431
468	432
468	448
468	466
468	490
468	493
468	494
469	124
469	135
469	137
469	159
469	208
469	216
469	219
469	238
469	245
469	303
469	312
469	386
469	389
469	391
469	402
469	403
469	407
469	424
469	446
469	458
469	464
469	478
469	498
470	3
470	46
470	86
470	89
470	137
470	170
470	183
470	200
470	201
470	202
470	249
470	267
470	318
470	368
470	389
470	391
470	445
470	458
470	464
470	467
470	490
470	492
470	497
471	33
471	38
471	58
471	82
471	91
471	122
471	127
471	138
471	158
471	169
471	215
471	222
471	254
471	273
471	307
471	324
471	387
471	424
471	431
471	444
471	479
471	496
471	497
472	51
472	74
472	115
472	121
472	188
472	193
472	197
472	201
472	208
472	284
472	303
472	305
472	317
472	320
472	357
472	413
472	430
472	440
472	452
472	476
472	479
472	487
472	494
473	29
473	35
473	92
473	104
473	129
473	222
473	253
473	297
473	374
473	378
473	379
473	394
473	399
473	417
473	432
473	452
473	454
473	455
473	462
473	465
473	466
473	480
473	496
474	85
474	120
474	167
474	174
474	179
474	267
474	290
474	297
474	301
474	302
474	304
474	313
474	335
474	374
474	378
474	400
474	404
474	411
474	421
474	441
474	443
474	449
474	488
474	495
475	9
475	94
475	106
475	130
475	172
475	178
475	184
475	191
475	195
475	251
475	275
475	317
475	330
475	401
475	408
475	410
475	414
475	445
475	465
475	478
475	481
475	484
475	495
475	496
476	47
476	62
476	223
476	263
476	278
476	298
476	305
476	309
476	312
476	320
476	340
476	350
476	370
476	393
476	401
476	404
476	411
476	430
476	440
476	450
476	472
476	483
476	485
476	498
477	65
477	97
477	142
477	163
477	168
477	185
477	251
477	254
477	311
477	314
477	318
477	323
477	345
477	366
477	380
477	384
477	406
477	413
477	435
477	438
477	439
477	460
477	481
477	488
478	112
478	176
478	194
478	205
478	279
478	290
478	319
478	329
478	362
478	373
478	381
478	383
478	395
478	402
478	413
478	420
478	432
478	440
478	447
478	464
478	467
478	469
478	475
478	487
479	38
479	74
479	79
479	121
479	139
479	188
479	207
479	208
479	273
479	284
479	286
479	305
479	315
479	320
479	340
479	357
479	373
479	393
479	408
479	450
479	462
479	471
479	472
479	480
480	3
480	7
480	99
480	128
480	199
480	278
480	289
480	340
480	342
480	364
480	378
480	379
480	387
480	394
480	400
480	426
480	429
480	436
480	455
480	462
480	466
480	473
480	479
480	492
480	497
481	20
481	95
481	104
481	158
481	187
481	191
481	230
481	233
481	260
481	266
481	291
481	296
481	298
481	326
481	345
481	351
481	397
481	436
481	438
481	452
481	454
481	456
481	475
481	477
481	493
482	34
482	95
482	108
482	144
482	149
482	164
482	165
482	175
482	184
482	186
482	191
482	233
482	242
482	251
482	275
482	278
482	294
482	350
482	370
482	416
482	443
482	456
482	488
482	492
482	496
483	20
483	85
483	87
483	204
483	205
483	258
483	262
483	268
483	277
483	293
483	306
483	317
483	322
483	323
483	329
483	341
483	343
483	365
483	395
483	398
483	444
483	461
483	476
483	492
483	497
483	499
484	7
484	11
484	58
484	106
484	130
484	195
484	275
484	277
484	317
484	330
484	349
484	368
484	376
484	397
484	401
484	408
484	412
484	432
484	434
484	445
484	446
484	453
484	465
484	475
484	494
484	495
485	5
485	25
485	71
485	118
485	131
485	160
485	180
485	184
485	209
485	229
485	245
485	259
485	288
485	309
485	326
485	332
485	353
485	355
485	386
485	423
485	453
485	461
485	476
485	491
485	492
485	497
486	14
486	99
486	149
486	175
486	183
486	220
486	239
486	244
486	271
486	280
486	290
486	292
486	298
486	307
486	318
486	321
486	325
486	386
486	388
486	396
486	400
486	414
486	436
486	456
486	467
486	487
486	488
487	14
487	34
487	145
487	183
487	185
487	187
487	220
487	233
487	239
487	251
487	271
487	274
487	280
487	298
487	321
487	325
487	340
487	388
487	396
487	428
487	433
487	453
487	456
487	462
487	472
487	478
487	486
488	42
488	46
488	52
488	167
488	174
488	214
488	335
488	359
488	362
488	374
488	379
488	382
488	386
488	396
488	399
488	411
488	428
488	437
488	449
488	457
488	459
488	466
488	474
488	477
488	482
488	486
488	489
489	13
489	145
489	181
489	189
489	211
489	218
489	237
489	257
489	272
489	292
489	297
489	299
489	306
489	311
489	320
489	342
489	349
489	359
489	363
489	366
489	391
489	410
489	416
489	429
489	441
489	455
489	488
490	15
490	25
490	31
490	46
490	64
490	80
490	200
490	288
490	345
490	360
490	404
490	406
490	412
490	419
490	422
490	429
490	432
490	437
490	438
490	443
490	447
490	448
490	459
490	460
490	468
490	470
490	493
491	5
491	100
491	101
491	129
491	153
491	166
491	198
491	207
491	212
491	224
491	226
491	252
491	285
491	289
491	321
491	338
491	346
491	349
491	356
491	368
491	371
491	407
491	420
491	446
491	457
491	460
491	485
491	496
492	25
492	61
492	107
492	118
492	139
492	170
492	231
492	245
492	251
492	259
492	261
492	272
492	275
492	309
492	326
492	327
492	367
492	371
492	373
492	375
492	408
492	423
492	435
492	470
492	480
492	482
492	483
492	485
493	21
493	25
493	29
493	37
493	94
493	95
493	99
493	150
493	156
493	162
493	187
493	190
493	207
493	230
493	233
493	252
493	287
493	330
493	348
493	351
493	392
493	397
493	410
493	436
493	438
493	455
493	468
493	481
493	490
494	15
494	22
494	45
494	53
494	54
494	58
494	67
494	73
494	118
494	139
494	176
494	192
494	211
494	298
494	345
494	375
494	394
494	399
494	404
494	406
494	412
494	429
494	432
494	437
494	443
494	448
494	468
494	472
494	484
495	75
495	77
495	103
495	130
495	133
495	195
495	247
495	275
495	299
495	314
495	317
495	330
495	348
495	376
495	396
495	400
495	401
495	404
495	408
495	422
495	423
495	427
495	430
495	445
495	457
495	474
495	475
495	484
495	497
496	28
496	34
496	96
496	111
496	144
496	154
496	161
496	164
496	165
496	167
496	184
496	240
496	246
496	315
496	323
496	363
496	365
496	369
496	412
496	421
496	428
496	437
496	444
496	456
496	471
496	473
496	475
496	482
496	491
497	60
497	87
497	101
497	178
497	182
497	190
497	210
497	322
497	336
497	348
497	352
497	370
497	379
497	382
497	385
497	399
497	423
497	427
497	435
497	437
497	444
497	460
497	470
497	471
497	480
497	483
497	485
497	495
497	498
497	499
498	57
498	59
498	88
498	121
498	140
498	153
498	174
498	180
498	188
498	221
498	234
498	242
498	264
498	316
498	326
498	328
498	349
498	350
498	373
498	377
498	387
498	420
498	434
498	439
498	453
498	454
498	469
498	476
498	497
498	500
499	20
499	23
499	78
499	157
499	178
499	181
499	199
499	204
499	231
499	268
499	280
499	299
499	322
499	336
499	339
499	361
499	367
499	370
499	382
499	385
499	399
499	402
499	425
499	427
499	444
499	449
499	453
499	454
499	483
499	497
500	30
500	43
500	50
500	66
500	86
500	88
500	109
500	140
500	217
500	255
500	260
500	264
500	276
500	287
500	292
500	308
500	311
500	324
500	341
500	347
500	352
500	373
500	377
500	395
500	434
500	439
500	440
500	450
500	453
500	498
