1	351
1	355
1	414
1	416
1	454
2	77
2	291
2	319
2	350
2	447
3	427
3	472
3	482
3	496
3	500
4	130
4	429
4	459
4	479
4	481
5	35
5	152
5	364
5	376
5	387
6	312
6	317
6	325
6	326
6	327
7	466
7	480
7	492
7	496
7	500
8	184
8	242
8	292
8	315
8	362
9	59
9	193
9	357
9	375
9	378
10	54
10	90
10	112
10	354
10	361
11	422
11	445
11	447
11	448
11	456
12	156
12	231
12	286
12	338
12	374
13	179
13	435
13	461
13	471
13	473
14	377
14	482
14	485
14	492
14	500
15	46
15	236
15	246
15	319
15	350
16	441
16	446
16	478
16	489
16	495
17	64
17	232
17	429
17	439
17	481
18	302
18	309
18	399
18	414
18	416
19	81
19	110
19	260
19	339
19	462
20	358
20	459
20	463
20	479
20	481
21	238
21	363
21	377
21	393
21	398
22	236
22	293
22	319
22	350
22	477
23	283
23	477
23	478
23	487
23	494
24	172
24	275
24	344
24	375
24	462
25	204
25	265
25	333
25	354
25	391
26	133
26	280
26	339
26	344
26	462
27	418
27	425
27	461
27	471
27	473
28	488
28	490
28	493
28	497
28	498
29	39
29	144
29	357
29	375
29	378
30	406
30	437
30	457
30	472
30	474
31	231
31	311
31	338
31	362
31	374
32	382
32	418
32	458
32	471
32	473
33	337
33	381
33	402
33	404
33	498
34	420
34	437
34	457
34	470
34	474
35	5
35	120
35	216
35	376
35	389
36	395
36	459
36	463
36	479
36	481
37	183
37	261
37	357
37	375
37	378
38	228
38	289
38	322
38	411
38	422
39	29
39	73
39	357
39	375
39	378
40	440
40	449
40	452
40	454
40	460
41	433
41	445
41	447
41	448
41	456
42	207
42	364
42	376
42	387
42	389
43	272
43	283
43	381
43	402
43	404
44	424
44	443
44	450
44	465
44	467
45	213
45	283
45	402
45	404
45	459
46	15
46	349
46	351
46	414
46	416
47	285
47	408
47	450
47	465
47	467
48	267
48	376
48	387
48	389
48	412
49	271
49	485
49	492
49	496
49	500
50	102
50	313
50	426
50	430
50	431
51	251
51	363
51	377
51	393
51	398
52	464
52	477
52	487
52	494
52	495
53	85
53	249
53	344
53	416
53	462
54	10
54	204
54	270
54	333
54	354
55	284
55	343
55	346
55	370
55	401
56	180
56	312
56	325
56	326
56	327
57	437
57	438
57	451
57	457
57	474
58	218
58	259
58	368
58	399
58	419
59	9
59	261
59	357
59	375
59	378
60	397
60	443
60	450
60	465
60	467
61	125
61	201
61	211
61	296
61	308
62	431
62	440
62	452
62	454
62	460
63	488
63	493
63	497
63	498
63	499
64	17
64	382
64	405
64	429
64	439
65	424
65	443
65	450
65	465
65	467
66	138
66	193
66	248
66	333
66	334
67	464
67	478
67	487
67	489
67	495
68	88
68	336
68	346
68	370
68	401
69	424
69	443
69	450
69	465
69	467
70	448
70	458
70	461
70	471
70	473
71	131
71	238
71	352
71	393
71	398
72	159
72	241
72	426
72	430
72	431
73	39
73	490
73	497
73	498
73	499
74	81
74	110
74	197
74	339
74	462
75	153
75	218
75	256
75	275
75	462
76	261
76	318
76	357
76	375
76	378
77	2
77	106
77	291
77	319
77	350
78	426
78	430
78	431
78	473
78	496
79	228
79	257
79	268
79	386
79	411
80	361
80	364
80	463
80	479
80	481
81	19
81	74
81	116
81	339
81	462
82	483
82	490
82	491
82	497
82	499
83	164
83	443
83	450
83	465
83	467
84	105
84	304
84	382
84	405
84	439
85	53
85	116
85	172
85	344
85	380
86	184
86	198
86	280
86	310
86	323
87	107
87	205
87	393
87	398
87	399
88	68
88	346
88	370
88	401
88	455
89	176
89	210
89	253
89	390
89	411
90	10
90	248
90	270
90	333
90	354
91	436
91	440
91	449
91	456
91	460
92	455
92	472
92	485
92	492
92	496
93	113
93	161
93	214
93	395
93	479
93	481
94	365
94	385
94	438
94	457
94	470
94	474
95	199
95	239
95	368
95	407
95	419
95	490
96	422
96	423
96	433
96	445
96	448
96	456
97	259
97	269
97	372
97	407
97	419
97	436
98	163
98	274
98	347
98	360
98	392
98	409
99	342
99	349
99	355
99	399
99	414
99	416
100	235
100	268
100	322
100	386
100	390
100	411
101	118
101	121
101	281
101	318
101	347
101	360
102	50
102	155
102	301
102	426
102	430
102	431
103	302
103	355
103	399
103	414
103	416
103	488
104	388
104	488
104	491
104	493
104	498
104	499
105	84
105	323
105	382
105	396
105	429
105	439
106	77
106	118
106	236
106	291
106	293
106	350
107	87
107	238
107	366
107	377
107	393
107	398
108	379
108	395
108	459
108	463
108	479
108	481
109	435
109	458
109	461
109	471
109	473
109	479
110	19
110	74
110	123
110	249
110	339
110	344
111	121
111	223
111	284
111	343
111	370
111	401
112	10
112	265
112	270
112	333
112	354
112	413
113	93
113	379
113	459
113	463
113	479
113	481
114	295
114	356
114	382
114	396
114	405
114	439
115	262
115	464
115	468
115	475
115	494
115	495
116	81
116	85
116	197
116	215
116	230
116	462
117	154
117	199
117	254
117	372
117	407
117	419
118	101
118	106
118	233
118	236
118	246
118	319
119	174
119	279
119	361
119	463
119	479
119	481
120	35
120	128
120	178
120	331
120	387
120	389
121	101
121	111
121	160
121	305
121	360
121	409
122	209
122	262
122	459
122	463
122	479
122	481
123	110
123	172
123	177
123	243
123	249
123	462
124	195
124	201
124	208
124	226
124	296
124	308
125	61
125	208
125	211
125	226
125	308
125	434
126	368
126	372
126	396
126	407
126	419
126	496
127	252
127	304
127	382
127	396
127	429
127	439
128	120
128	221
128	306
128	381
128	402
128	404
129	483
129	488
129	490
129	491
129	497
129	498
130	4
130	181
130	262
130	337
130	479
130	481
131	71
131	219
131	363
131	377
131	393
131	398
132	239
132	242
132	280
132	292
132	315
132	362
133	26
133	197
133	260
133	344
133	440
133	462
134	247
134	284
134	336
134	343
134	370
134	483
135	180
135	202
135	317
135	325
135	326
135	327
136	143
136	263
136	286
136	311
136	338
136	374
137	312
137	317
137	325
137	326
137	327
137	387
138	66
138	193
138	248
138	265
138	270
138	354
139	468
139	477
139	487
139	489
139	494
139	495
140	155
140	313
140	335
140	426
140	430
140	431
141	249
141	491
141	493
141	497
141	498
141	499
142	148
142	207
142	364
142	376
142	387
142	389
143	136
143	263
143	286
143	311
143	338
143	374
144	29
144	167
144	261
144	357
144	375
144	378
145	253
145	255
145	386
145	390
145	411
145	491
146	371
146	433
146	445
146	447
146	448
146	456
147	192
147	266
147	281
147	305
147	318
147	392
148	142
148	207
148	331
148	376
148	387
148	390
149	168
149	455
149	482
149	492
149	496
149	500
150	189
150	241
150	313
150	426
150	430
150	431
151	278
151	349
151	351
151	399
151	414
151	416
152	5
152	178
152	331
152	364
152	387
152	389
153	75
153	197
153	275
153	344
153	462
153	469
154	117
154	239
154	254
154	372
154	407
154	419
155	102
155	140
155	196
155	426
155	430
155	431
156	12
156	286
156	311
156	338
156	374
156	428
157	223
157	276
157	284
157	343
157	346
157	401
158	418
158	458
158	461
158	471
158	473
158	489
159	72
159	189
159	313
159	413
159	430
159	431
160	121
160	266
160	305
160	318
160	360
160	459
161	93
161	209
161	459
161	463
161	479
161	481
162	263
162	286
162	311
162	338
162	374
162	499
163	98
163	212
163	318
163	347
163	392
163	409
164	83
164	395
164	459
164	463
164	479
164	481
165	394
165	424
165	443
165	450
165	465
165	467
166	241
166	250
166	301
166	426
166	430
166	431
167	144
167	261
167	357
167	375
167	378
167	419
168	149
168	423
168	436
168	452
168	454
168	460
169	222
169	241
169	398
169	426
169	430
169	431
170	349
170	355
170	368
170	399
170	414
170	416
171	384
171	408
171	424
171	443
171	465
171	467
172	24
172	85
172	123
172	249
172	339
172	462
173	267
173	364
173	376
173	387
173	389
173	453
174	119
174	453
174	455
174	480
174	492
174	496
175	386
175	433
175	445
175	447
175	448
175	456
176	89
176	182
176	295
176	405
176	429
176	439
177	123
177	197
177	215
177	249
177	260
177	351
177	462
178	120
178	152
178	207
178	331
178	387
178	389
178	442
179	13
179	488
179	491
179	493
179	497
179	498
179	499
180	56
180	135
180	203
180	317
180	325
180	326
180	327
181	130
181	308
181	395
181	459
181	463
181	479
181	481
182	176
182	299
182	304
182	356
182	405
182	429
182	439
183	37
183	278
183	355
183	399
183	411
183	414
183	416
184	8
184	86
184	242
184	310
184	315
184	323
184	362
185	359
185	384
185	394
185	397
185	450
185	465
185	467
186	403
186	420
186	438
186	457
186	470
186	474
186	488
187	441
187	464
187	475
187	477
187	489
187	494
187	495
188	405
188	488
188	490
188	491
188	493
188	497
188	499
189	150
189	159
189	301
189	426
189	430
189	431
189	432
190	421
190	435
190	451
190	475
190	487
190	494
190	495
191	432
191	451
191	453
191	475
191	478
191	489
191	494
192	147
192	266
192	297
192	305
192	360
192	392
192	409
193	9
193	66
193	138
193	248
193	265
193	333
193	354
194	418
194	425
194	435
194	458
194	461
194	471
194	473
195	124
195	201
195	208
195	211
195	296
195	298
195	308
196	155
196	206
196	306
196	337
196	381
196	402
196	404
197	74
197	116
197	133
197	153
197	177
197	365
197	462
198	86
198	242
198	280
198	292
198	310
198	323
198	362
199	95
199	117
199	269
199	368
199	372
199	407
199	419
200	377
200	425
200	435
200	458
200	461
200	471
200	473
201	61
201	124
201	195
201	226
201	296
201	308
201	470
202	135
202	464
202	468
202	478
202	487
202	489
202	494
203	180
203	306
203	312
203	317
203	325
203	326
203	327
204	25
204	54
204	265
204	270
204	333
204	354
204	408
205	87
205	238
205	251
205	363
205	377
205	393
205	398
206	196
206	213
206	272
206	337
206	381
206	402
206	404
207	42
207	142
207	148
207	178
207	331
207	364
207	376
208	124
208	125
208	195
208	211
208	226
208	296
208	308
209	122
209	161
209	310
209	459
209	463
209	479
209	481
210	89
210	253
210	255
210	386
210	390
210	411
210	452
211	61
211	125
211	195
211	208
211	226
211	296
211	308
212	163
212	297
212	326
212	347
212	360
212	392
212	409
213	45
213	206
213	283
213	337
213	381
213	402
213	404
214	93
214	361
214	379
214	459
214	463
214	479
214	481
215	116
215	177
215	256
215	260
215	275
215	339
215	462
216	35
216	384
216	408
216	424
216	450
216	465
216	467
217	383
217	435
217	458
217	461
217	471
217	473
217	493
218	58
218	75
218	254
218	269
218	372
218	407
218	419
219	131
219	251
219	363
219	377
219	393
219	398
219	439
220	465
220	490
220	491
220	493
220	497
220	498
220	499
221	128
221	272
221	283
221	306
221	337
221	381
221	402
222	169
222	301
222	313
222	426
222	430
222	431
222	437
223	111
223	157
223	276
223	336
223	346
223	370
223	401
224	359
224	385
224	437
224	438
224	457
224	470
224	474
225	267
225	394
225	397
225	408
225	443
225	465
225	467
226	124
226	125
226	201
226	208
226	211
226	296
226	308
226	452
227	373
227	483
227	488
227	490
227	491
227	493
227	498
227	499
228	38
228	79
228	235
228	322
228	386
228	390
228	411
228	489
229	458
229	488
229	490
229	491
229	493
229	497
229	498
229	499
230	116
230	380
230	423
230	436
230	449
230	452
230	454
230	460
231	12
231	31
231	263
231	281
231	286
231	311
231	338
231	374
232	17
232	299
232	356
232	382
232	396
232	429
232	439
232	454
233	118
233	236
233	246
233	291
233	293
233	319
233	350
233	354
234	444
234	455
234	466
234	482
234	485
234	492
234	496
234	500
235	100
235	228
235	289
235	322
235	333
235	386
235	390
235	411
236	15
236	22
236	106
236	118
236	233
236	246
236	293
236	350
237	262
237	279
237	361
237	395
237	459
237	463
237	479
237	481
238	21
238	71
238	107
238	205
238	363
238	377
238	393
238	398
239	95
239	132
239	154
239	259
239	368
239	372
239	407
239	419
240	434
240	446
240	466
240	472
240	480
240	482
240	496
240	500
241	72
241	150
241	166
241	169
241	301
241	426
241	430
241	431
242	8
242	132
242	184
242	198
242	310
242	315
242	362
242	492
243	123
243	328
243	397
243	408
243	424
243	443
243	465
243	467
244	391
244	413
244	422
244	433
244	445
244	447
244	448
244	456
245	256
245	483
245	488
245	490
245	493
245	497
245	498
245	499
246	15
246	118
246	233
246	236
246	291
246	293
246	350
246	406
247	134
247	276
247	284
247	336
247	346
247	370
247	401
247	471
248	66
248	90
248	138
248	193
248	265
248	333
248	354
248	470
249	53
249	110
249	123
249	141
249	172
249	177
249	275
249	462
250	166
250	413
250	422
250	433
250	445
250	447
250	448
250	456
251	51
251	205
251	219
251	363
251	377
251	393
251	398
251	466
252	127
252	299
252	307
252	356
252	382
252	396
252	429
252	439
253	89
253	145
253	210
253	268
253	289
253	386
253	390
253	411
254	117
254	154
254	218
254	269
254	368
254	372
254	407
254	419
255	145
255	210
255	268
255	322
255	336
255	386
255	390
255	411
256	75
256	215
256	245
256	260
256	275
256	339
256	344
256	462
257	79
257	410
257	423
257	436
257	440
257	449
257	454
257	460
258	297
258	475
258	477
258	478
258	487
258	489
258	494
258	495
259	58
259	97
259	239
259	340
259	368
259	372
259	407
259	419
260	19
260	133
260	177
260	215
260	256
260	275
260	409
260	462
261	37
261	59
261	76
261	144
261	167
261	357
261	375
261	378
262	115
262	122
262	130
262	237
262	379
262	459
262	479
262	481
263	136
263	143
263	162
263	231
263	311
263	338
263	374
263	493
264	353
264	385
264	406
264	420
264	438
264	467
264	470
264	474
265	25
265	112
265	138
265	193
265	204
265	248
265	333
265	354
266	147
266	160
266	192
266	318
266	360
266	392
266	409
266	473
267	48
267	173
267	225
267	331
267	364
267	376
267	387
267	389
268	79
268	100
268	253
268	255
268	289
268	386
268	390
268	411
269	97
269	199
269	218
269	254
269	368
269	407
269	419
269	486
270	54
270	90
270	112
270	138
270	204
270	333
270	354
270	385
271	49
271	413
271	422
271	433
271	445
271	447
271	448
271	456
272	43
272	206
272	221
272	306
272	381
272	402
272	404
272	480
273	353
273	365
273	403
273	437
273	438
273	470
273	473
273	474
274	98
274	281
274	297
274	305
274	347
274	392
274	409
274	437
275	24
275	75
275	153
275	215
275	249
275	256
275	260
275	462
276	157
276	223
276	247
276	336
276	343
276	346
276	355
276	370
276	401
277	332
277	418
277	425
277	435
277	458
277	461
277	471
277	473
277	482
278	151
278	183
278	302
278	309
278	349
278	351
278	399
278	414
278	416
279	119
279	237
279	356
279	361
279	379
279	459
279	463
279	479
279	481
280	26
280	86
280	132
280	198
280	292
280	310
280	315
280	323
280	362
281	101
281	147
281	231
281	274
281	297
281	305
281	318
281	392
281	409
282	358
282	371
282	413
282	422
282	433
282	445
282	447
282	448
282	456
283	23
283	43
283	45
283	213
283	221
283	337
283	381
283	402
283	404
284	55
284	111
284	134
284	157
284	247
284	336
284	343
284	401
284	446
285	47
285	321
285	423
285	436
285	440
285	449
285	452
285	454
285	460
286	12
286	136
286	143
286	156
286	162
286	231
286	311
286	363
286	374
287	298
287	385
287	403
287	437
287	438
287	457
287	467
287	470
287	474
288	330
288	378
288	383
288	425
288	435
288	458
288	461
288	471
288	473
289	38
289	235
289	253
289	268
289	299
289	322
289	386
289	390
289	411
290	341
290	359
290	385
290	420
290	437
290	457
290	470
290	474
290	495
291	2
291	77
291	106
291	233
291	246
291	293
291	319
291	350
291	495
292	8
292	132
292	198
292	280
292	310
292	315
292	323
292	362
292	494
293	22
293	106
293	233
293	236
293	246
293	291
293	319
293	350
293	353
294	383
294	418
294	425
294	435
294	458
294	461
294	463
294	471
294	473
295	114
295	176
295	299
295	356
295	382
295	396
295	405
295	429
295	439
296	61
296	124
296	195
296	201
296	208
296	211
296	226
296	308
296	468
297	192
297	212
297	258
297	274
297	281
297	318
297	360
297	409
297	434
298	195
298	287
298	341
298	406
298	420
298	438
298	457
298	470
298	474
299	182
299	232
299	252
299	289
299	295
299	396
299	405
299	429
299	439
300	384
300	394
300	408
300	424
300	426
300	443
300	450
300	465
300	467
301	102
301	166
301	189
301	222
301	241
301	313
301	426
301	430
301	431
302	18
302	103
302	278
302	309
302	314
302	349
302	351
302	414
302	416
303	330
303	332
303	418
303	425
303	435
303	458
303	461
303	471
303	473
304	84
304	127
304	182
304	356
304	382
304	396
304	405
304	429
304	439
305	121
305	147
305	160
305	192
305	274
305	281
305	347
305	392
305	409
306	128
306	196
306	203
306	221
306	272
306	337
306	381
306	402
306	404
307	252
307	345
307	373
307	410
307	423
307	440
307	449
307	452
307	454
307	460
308	61
308	124
308	125
308	181
308	195
308	201
308	208
308	211
308	226
308	296
309	18
309	278
309	302
309	349
309	351
309	355
309	399
309	414
309	416
309	458
310	86
310	184
310	198
310	209
310	242
310	280
310	292
310	315
310	323
310	362
311	31
311	136
311	143
311	156
311	162
311	231
311	263
311	286
311	338
311	374
312	6
312	56
312	137
312	203
312	317
312	325
312	326
312	327
312	367
312	490
313	50
313	140
313	150
313	159
313	222
313	301
313	426
313	430
313	431
313	484
314	302
314	483
314	486
314	488
314	490
314	491
314	493
314	497
314	498
314	499
315	8
315	132
315	184
315	242
315	280
315	292
315	310
315	323
315	362
315	478
316	380
316	383
316	410
316	423
316	436
316	440
316	449
316	452
316	454
316	460
317	6
317	135
317	137
317	180
317	203
317	312
317	325
317	326
317	327
317	425
318	76
318	101
318	147
318	160
318	163
318	266
318	281
318	297
318	347
318	409
319	2
319	15
319	22
319	77
319	118
319	233
319	291
319	293
319	348
319	350
320	435
320	446
320	455
320	466
320	472
320	480
320	482
320	485
320	496
320	500
321	285
321	380
321	410
321	436
321	440
321	443
321	449
321	452
321	454
321	460
322	38
322	100
322	228
322	235
322	255
322	289
322	386
322	390
322	411
322	441
323	86
323	105
323	184
323	198
323	280
323	292
323	310
323	315
323	362
323	433
324	428
324	434
324	445
324	446
324	453
324	480
324	482
324	485
324	492
324	496
324	500
325	6
325	56
325	135
325	137
325	180
325	203
325	312
325	317
325	326
325	327
325	415
326	6
326	56
326	135
326	137
326	180
326	203
326	212
326	312
326	317
326	325
326	327
327	6
327	56
327	135
327	137
327	180
327	203
327	312
327	317
327	325
327	326
327	370
328	243
328	384
328	394
328	397
328	408
328	424
328	443
328	450
328	465
328	467
328	477
329	373
329	380
329	410
329	423
329	436
329	440
329	449
329	452
329	454
329	460
329	462
330	288
330	303
330	383
330	418
330	425
330	435
330	439
330	458
330	461
330	471
330	473
331	120
331	148
331	152
331	178
331	207
331	267
331	364
331	376
331	387
331	389
331	420
332	277
332	303
332	356
332	383
332	418
332	425
332	435
332	458
332	461
332	471
332	473
333	25
333	54
333	66
333	90
333	112
333	193
333	204
333	235
333	248
333	265
333	270
334	66
334	427
334	444
334	453
334	455
334	472
334	480
334	485
334	492
334	496
334	500
335	140
335	415
335	451
335	468
335	475
335	477
335	478
335	487
335	489
335	494
335	495
336	68
336	134
336	223
336	247
336	255
336	276
336	284
336	343
336	346
336	370
336	401
337	33
337	130
337	196
337	206
337	213
337	221
337	283
337	306
337	381
337	402
337	404
338	12
338	31
338	136
338	143
338	156
338	162
338	231
338	263
338	311
338	343
338	374
339	19
339	26
339	74
339	81
339	110
339	172
339	215
339	256
339	344
339	426
339	462
340	259
340	358
340	367
340	371
340	413
340	422
340	433
340	445
340	447
340	448
340	456
341	290
341	298
341	359
341	403
341	406
341	420
341	437
341	457
341	470
341	474
341	487
342	99
342	444
342	453
342	466
342	472
342	480
342	482
342	485
342	492
342	496
342	500
343	55
343	111
343	134
343	157
343	276
343	284
343	336
343	338
343	346
343	370
343	401
344	24
344	26
344	53
344	85
344	110
344	133
344	153
344	256
344	339
344	462
344	488
345	307
345	373
345	392
345	410
345	423
345	436
345	440
345	449
345	452
345	454
345	460
346	55
346	68
346	88
346	157
346	223
346	247
346	276
346	336
346	343
346	397
346	401
347	98
347	101
347	163
347	212
347	274
347	305
347	318
347	360
347	392
347	409
347	451
348	319
348	483
348	484
348	486
348	488
348	490
348	491
348	493
348	497
348	498
348	499
349	46
349	99
349	151
349	170
349	278
349	302
349	309
349	355
349	399
349	414
349	416
349	492
350	2
350	15
350	22
350	77
350	106
350	233
350	236
350	246
350	291
350	293
350	319
350	459
351	1
351	46
351	151
351	177
351	278
351	302
351	309
351	355
351	399
351	414
351	416
351	476
352	71
352	394
352	483
352	484
352	486
352	488
352	490
352	491
352	493
352	497
352	498
352	499
353	264
353	273
353	293
353	359
353	365
353	403
353	406
353	437
353	438
353	457
353	470
353	474
354	10
354	25
354	54
354	90
354	112
354	138
354	193
354	204
354	233
354	248
354	265
354	270
355	1
355	99
355	103
355	170
355	183
355	276
355	309
355	349
355	351
355	399
355	414
355	416
356	114
356	182
356	232
356	252
356	279
356	295
356	304
356	332
356	396
356	405
356	429
356	439
357	9
357	29
357	37
357	39
357	59
357	76
357	144
357	167
357	261
357	375
357	378
357	441
358	20
358	282
358	340
358	367
358	371
358	413
358	422
358	433
358	445
358	447
358	448
358	456
359	185
359	224
359	290
359	341
359	353
359	365
359	406
359	420
359	437
359	457
359	470
359	474
360	98
360	101
360	121
360	160
360	192
360	212
360	266
360	297
360	347
360	392
360	409
360	498
361	10
361	80
361	119
361	214
361	237
361	279
361	379
361	395
361	459
361	463
361	479
361	481
362	8
362	31
362	132
362	184
362	198
362	242
362	280
362	292
362	310
362	315
362	323
362	442
363	21
363	51
363	131
363	205
363	219
363	238
363	251
363	286
363	377
363	393
363	398
363	476
364	5
364	42
364	80
364	142
364	152
364	173
364	207
364	267
364	331
364	376
364	387
364	389
365	94
365	197
365	273
365	353
365	359
365	385
365	403
365	420
365	438
365	470
365	474
365	496
366	107
366	432
366	441
366	460
366	468
366	475
366	477
366	478
366	487
366	489
366	494
366	495
367	312
367	340
367	358
367	371
367	413
367	422
367	433
367	445
367	447
367	448
367	456
367	469
368	58
368	95
368	126
368	170
368	199
368	239
368	254
368	259
368	269
368	372
368	407
368	419
369	415
369	441
369	451
369	464
369	468
369	475
369	477
369	478
369	479
369	487
369	489
369	494
369	495
370	55
370	68
370	88
370	111
370	134
370	223
370	247
370	276
370	327
370	336
370	343
370	401
370	482
371	146
371	282
371	340
371	358
371	367
371	413
371	422
371	433
371	438
371	445
371	447
371	448
371	456
372	97
372	117
372	126
372	154
372	199
372	218
372	239
372	254
372	259
372	368
372	407
372	419
372	491
373	227
373	307
373	329
373	345
373	380
373	410
373	436
373	440
373	449
373	452
373	454
373	455
373	460
374	12
374	31
374	136
374	143
374	156
374	162
374	231
374	263
374	286
374	311
374	338
374	461
374	494
375	9
375	24
375	29
375	37
375	39
375	59
375	76
375	144
375	167
375	261
375	357
375	378
375	481
376	5
376	35
376	42
376	48
376	142
376	148
376	173
376	207
376	267
376	331
376	364
376	389
376	474
377	14
377	21
377	51
377	107
377	131
377	200
377	205
377	219
377	238
377	251
377	363
377	393
377	398
378	9
378	29
378	37
378	39
378	59
378	76
378	144
378	167
378	261
378	288
378	357
378	375
378	498
379	108
379	113
379	214
379	262
379	279
379	361
379	395
379	401
379	424
379	459
379	463
379	479
379	481
380	85
380	230
380	316
380	321
380	329
380	373
380	410
380	423
380	436
380	449
380	452
380	454
380	460
381	33
381	43
381	128
381	196
381	206
381	213
381	221
381	272
381	283
381	306
381	337
381	402
381	404
382	32
382	64
382	84
382	105
382	114
382	127
382	232
382	252
382	295
382	304
382	396
382	405
382	429
382	439
383	217
383	288
383	294
383	316
383	330
383	332
383	418
383	425
383	431
383	435
383	458
383	461
383	471
383	473
384	171
384	185
384	216
384	300
384	328
384	394
384	397
384	406
384	408
384	424
384	443
384	450
384	465
384	467
385	94
385	224
385	264
385	270
385	287
385	290
385	365
385	406
385	420
385	437
385	438
385	457
385	470
385	474
386	79
386	100
386	145
386	175
386	210
386	228
386	235
386	253
386	255
386	268
386	289
386	322
386	390
386	411
387	5
387	42
387	48
387	120
387	137
387	142
387	148
387	152
387	173
387	178
387	267
387	331
387	364
387	389
388	104
388	421
388	432
388	441
388	451
388	464
388	468
388	475
388	477
388	478
388	487
388	489
388	494
388	495
389	35
389	42
389	48
389	120
389	142
389	152
389	173
389	178
389	267
389	331
389	364
389	376
389	387
389	448
390	89
390	100
390	145
390	148
390	210
390	228
390	235
390	253
390	255
390	268
390	289
390	322
390	386
390	411
391	25
391	244
391	469
391	476
391	483
391	484
391	486
391	488
391	490
391	491
391	493
391	497
391	498
391	499
392	98
392	147
392	163
392	192
392	212
392	266
392	274
392	281
392	305
392	345
392	347
392	360
392	409
392	490
393	21
393	51
393	71
393	87
393	107
393	131
393	205
393	219
393	238
393	251
393	363
393	377
393	398
393	430
394	165
394	185
394	225
394	300
394	328
394	352
394	384
394	397
394	408
394	424
394	443
394	450
394	465
394	467
395	36
395	93
395	108
395	164
395	181
395	237
395	361
395	379
395	427
395	459
395	460
395	463
395	479
395	481
396	105
396	114
396	126
396	127
396	232
396	252
396	295
396	299
396	304
396	356
396	382
396	405
396	429
396	439
397	60
397	185
397	225
397	243
397	328
397	346
397	384
397	394
397	408
397	414
397	424
397	443
397	450
397	465
397	467
398	21
398	51
398	71
398	87
398	107
398	131
398	169
398	205
398	219
398	238
398	251
398	363
398	377
398	393
398	410
399	18
399	58
399	87
399	99
399	103
399	151
399	170
399	183
399	278
399	309
399	349
399	351
399	355
399	414
399	416
400	417
400	425
400	428
400	433
400	434
400	444
400	446
400	453
400	466
400	472
400	480
400	482
400	485
400	492
400	500
401	55
401	68
401	88
401	111
401	157
401	223
401	247
401	276
401	284
401	336
401	343
401	346
401	370
401	379
401	464
402	33
402	43
402	45
402	128
402	196
402	206
402	213
402	221
402	272
402	283
402	306
402	337
402	381
402	404
402	436
403	186
403	273
403	287
403	341
403	353
403	365
403	406
403	420
403	428
403	437
403	438
403	457
403	464
403	470
403	474
404	33
404	43
404	45
404	128
404	196
404	206
404	213
404	272
404	283
404	306
404	337
404	381
404	402
404	419
404	468
405	64
405	84
405	114
405	176
405	182
405	188
405	295
405	299
405	304
405	356
405	382
405	396
405	429
405	439
405	500
406	30
406	246
406	264
406	298
406	341
406	353
406	359
406	384
406	385
406	403
406	420
406	437
406	438
406	457
406	470
406	474
407	95
407	97
407	117
407	126
407	154
407	199
407	218
407	239
407	254
407	259
407	269
407	368
407	372
407	419
407	443
407	486
408	47
408	171
408	204
408	216
408	225
408	243
408	300
408	328
408	384
408	394
408	397
408	424
408	443
408	450
408	465
408	467
409	98
409	121
409	163
409	192
409	212
409	260
409	266
409	274
409	281
409	297
409	305
409	318
409	347
409	360
409	392
409	429
410	257
410	307
410	316
410	321
410	329
410	345
410	373
410	380
410	398
410	423
410	436
410	440
410	449
410	452
410	454
410	460
411	38
411	79
411	89
411	100
411	145
411	183
411	210
411	228
411	235
411	253
411	255
411	268
411	289
411	322
411	386
411	390
412	48
412	415
412	421
412	432
412	441
412	451
412	464
412	468
412	470
412	475
412	477
412	478
412	487
412	489
412	494
412	495
413	112
413	159
413	244
413	250
413	271
413	282
413	340
413	358
413	367
413	371
413	422
413	433
413	445
413	447
413	448
413	456
414	1
414	18
414	46
414	99
414	103
414	151
414	170
414	183
414	278
414	302
414	309
414	349
414	351
414	355
414	397
414	399
414	416
415	325
415	335
415	369
415	412
415	421
415	432
415	441
415	451
415	464
415	468
415	475
415	477
415	478
415	487
415	489
415	494
415	495
416	1
416	18
416	46
416	53
416	99
416	103
416	151
416	170
416	183
416	278
416	302
416	309
416	349
416	351
416	355
416	399
416	414
417	400
417	427
417	428
417	434
417	440
417	444
417	446
417	453
417	466
417	472
417	480
417	482
417	485
417	486
417	492
417	496
417	500
418	27
418	32
418	158
418	194
418	277
418	294
418	303
418	330
418	332
418	383
418	425
418	435
418	458
418	461
418	471
418	473
418	484
419	58
419	95
419	97
419	117
419	126
419	154
419	167
419	199
419	218
419	239
419	254
419	259
419	269
419	368
419	372
419	404
419	407
420	34
420	186
420	264
420	290
420	298
420	331
420	341
420	359
420	365
420	385
420	403
420	406
420	437
420	438
420	457
420	470
420	474
421	190
421	388
421	412
421	415
421	432
421	441
421	451
421	464
421	468
421	475
421	477
421	478
421	487
421	489
421	494
421	495
421	500
422	11
422	38
422	96
422	244
422	250
422	271
422	282
422	340
422	358
422	367
422	371
422	413
422	433
422	445
422	447
422	448
422	456
423	96
423	168
423	230
423	257
423	285
423	307
423	316
423	329
423	345
423	380
423	410
423	436
423	440
423	449
423	450
423	452
423	454
423	460
424	44
424	65
424	69
424	165
424	171
424	216
424	243
424	300
424	328
424	379
424	384
424	394
424	397
424	408
424	443
424	450
424	465
424	467
425	27
425	194
425	200
425	277
425	288
425	294
425	303
425	317
425	330
425	332
425	383
425	400
425	418
425	435
425	458
425	461
425	471
425	473
426	50
426	72
426	78
426	102
426	140
426	150
426	155
426	166
426	169
426	189
426	222
426	241
426	300
426	301
426	313
426	339
426	430
426	431
427	3
427	334
427	395
427	417
427	428
427	434
427	444
427	446
427	453
427	455
427	466
427	472
427	480
427	482
427	485
427	492
427	496
427	500
428	156
428	324
428	400
428	403
428	417
428	427
428	434
428	444
428	446
428	455
428	466
428	472
428	480
428	482
428	485
428	492
428	496
428	500
429	4
429	17
429	64
429	105
429	127
429	176
429	182
429	232
429	252
429	295
429	299
429	304
429	356
429	382
429	396
429	405
429	409
429	439
430	50
430	72
430	78
430	102
430	140
430	150
430	155
430	159
430	166
430	169
430	189
430	222
430	241
430	301
430	313
430	393
430	426
430	431
430	468
431	50
431	62
431	72
431	78
431	102
431	140
431	150
431	155
431	159
431	166
431	169
431	189
431	222
431	241
431	301
431	313
431	383
431	426
431	430
432	189
432	191
432	366
432	388
432	412
432	415
432	421
432	441
432	451
432	464
432	466
432	468
432	475
432	477
432	478
432	487
432	489
432	494
432	495
433	41
433	96
433	146
433	175
433	244
433	250
433	271
433	282
433	323
433	340
433	358
433	367
433	371
433	400
433	413
433	422
433	445
433	447
433	448
433	456
434	125
434	240
434	297
434	324
434	400
434	417
434	427
434	428
434	444
434	446
434	453
434	455
434	466
434	472
434	480
434	482
434	485
434	492
434	496
434	500
435	13
435	109
435	190
435	194
435	200
435	217
435	277
435	288
435	294
435	303
435	320
435	330
435	332
435	383
435	418
435	425
435	458
435	461
435	471
435	473
436	91
436	97
436	168
436	230
436	257
436	285
436	316
436	321
436	329
436	345
436	373
436	380
436	402
436	410
436	423
436	440
436	449
436	452
436	454
436	460
437	30
437	34
437	57
437	222
437	224
437	273
437	274
437	287
437	290
437	341
437	353
437	359
437	385
437	403
437	406
437	420
437	438
437	457
437	470
437	474
438	57
438	94
438	186
438	224
438	264
438	273
438	287
438	298
438	353
438	365
438	371
438	385
438	403
438	406
438	420
438	437
438	457
438	470
438	474
438	485
439	17
439	64
439	84
439	105
439	114
439	127
439	176
439	182
439	219
439	232
439	252
439	295
439	299
439	304
439	330
439	356
439	382
439	396
439	405
439	429
440	40
440	62
440	91
440	133
440	257
440	285
440	307
440	316
440	321
440	329
440	345
440	373
440	410
440	417
440	423
440	436
440	449
440	452
440	454
440	460
441	16
441	187
441	322
441	357
441	366
441	369
441	388
441	412
441	415
441	421
441	432
441	451
441	464
441	468
441	475
441	477
441	478
441	487
441	489
441	494
441	495
442	178
442	362
442	469
442	476
442	483
442	484
442	486
442	488
442	490
442	491
442	493
442	497
442	498
442	499
443	44
443	60
443	65
443	69
443	83
443	165
443	171
443	225
443	243
443	300
443	321
443	328
443	384
443	394
443	397
443	407
443	408
443	424
443	450
443	465
443	467
444	234
444	334
444	342
444	400
444	417
444	427
444	428
444	434
444	446
444	453
444	455
444	456
444	466
444	472
444	477
444	480
444	482
444	485
444	492
444	496
444	500
445	11
445	41
445	96
445	146
445	175
445	244
445	250
445	271
445	282
445	324
445	340
445	358
445	367
445	371
445	413
445	422
445	433
445	447
445	448
445	456
445	485
446	16
446	240
446	284
446	320
446	324
446	400
446	417
446	427
446	428
446	434
446	444
446	453
446	455
446	466
446	472
446	480
446	482
446	485
446	492
446	496
446	500
447	2
447	11
447	41
447	146
447	175
447	244
447	250
447	271
447	282
447	340
447	358
447	367
447	371
447	413
447	422
447	433
447	445
447	448
447	456
447	463
447	497
448	11
448	41
448	70
448	96
448	146
448	175
448	244
448	250
448	271
448	282
448	340
448	358
448	367
448	371
448	389
448	413
448	422
448	433
448	445
448	447
448	456
449	40
449	91
449	230
449	257
449	285
449	307
449	316
449	321
449	329
449	345
449	373
449	380
449	410
449	423
449	436
449	440
449	452
449	454
449	460
449	475
449	497
450	44
450	47
450	60
450	65
450	69
450	83
450	165
450	185
450	216
450	300
450	328
450	384
450	394
450	397
450	408
450	423
450	424
450	443
450	465
450	467
450	497
451	57
451	190
451	191
451	335
451	347
451	369
451	388
451	412
451	415
451	421
451	432
451	441
451	464
451	468
451	475
451	477
451	478
451	487
451	489
451	494
451	495
452	40
452	62
452	168
452	210
452	226
452	230
452	285
452	307
452	316
452	321
452	329
452	345
452	373
452	380
452	410
452	423
452	436
452	440
452	449
452	454
452	460
453	173
453	174
453	191
453	324
453	334
453	342
453	400
453	417
453	427
453	434
453	444
453	446
453	455
453	466
453	472
453	480
453	482
453	485
453	492
453	496
453	500
454	1
454	40
454	62
454	168
454	230
454	232
454	257
454	285
454	307
454	316
454	321
454	329
454	345
454	373
454	380
454	410
454	423
454	436
454	440
454	449
454	452
454	460
455	88
455	92
455	149
455	174
455	234
455	320
455	334
455	373
455	427
455	428
455	434
455	444
455	446
455	453
455	466
455	472
455	480
455	482
455	485
455	492
455	496
455	500
456	11
456	41
456	91
456	96
456	146
456	175
456	244
456	250
456	271
456	282
456	340
456	358
456	367
456	371
456	413
456	422
456	433
456	444
456	445
456	447
456	448
456	471
457	30
457	34
457	57
457	94
457	186
457	224
457	287
457	290
457	298
457	341
457	353
457	359
457	385
457	403
457	406
457	420
457	437
457	438
457	470
457	474
457	483
457	484
458	32
458	70
458	109
458	158
458	194
458	200
458	217
458	229
458	277
458	288
458	294
458	303
458	309
458	330
458	332
458	383
458	418
458	425
458	435
458	461
458	471
458	473
459	4
459	20
459	36
459	45
459	108
459	113
459	122
459	160
459	161
459	164
459	181
459	209
459	214
459	237
459	262
459	279
459	350
459	361
459	379
459	395
459	463
459	479
459	481
460	40
460	62
460	91
460	168
460	230
460	257
460	285
460	307
460	316
460	321
460	329
460	345
460	366
460	373
460	380
460	395
460	410
460	423
460	436
460	440
460	449
460	452
460	454
461	13
461	27
461	70
461	109
461	158
461	194
461	200
461	217
461	277
461	288
461	294
461	303
461	330
461	332
461	374
461	383
461	418
461	425
461	435
461	458
461	462
461	471
461	473
462	19
462	24
462	26
462	53
462	74
462	75
462	81
462	116
462	123
462	133
462	153
462	172
462	177
462	197
462	215
462	249
462	256
462	260
462	275
462	329
462	339
462	344
462	461
463	20
463	36
463	80
463	108
463	113
463	119
463	122
463	161
463	164
463	181
463	209
463	214
463	237
463	279
463	294
463	361
463	379
463	395
463	447
463	459
463	479
463	481
463	499
464	52
464	67
464	115
464	187
464	202
464	369
464	388
464	401
464	403
464	412
464	415
464	421
464	432
464	441
464	451
464	468
464	475
464	477
464	478
464	487
464	489
464	494
464	495
465	44
465	47
465	60
465	65
465	69
465	83
465	165
465	171
465	185
465	216
465	220
465	225
465	243
465	300
465	328
465	384
465	394
465	397
465	408
465	424
465	443
465	450
465	467
465	500
466	7
466	234
466	240
466	251
466	320
466	342
466	400
466	417
466	427
466	428
466	432
466	434
466	444
466	446
466	453
466	455
466	472
466	480
466	482
466	485
466	491
466	492
466	496
466	500
467	44
467	47
467	60
467	65
467	69
467	83
467	165
467	171
467	185
467	216
467	225
467	243
467	264
467	287
467	300
467	328
467	384
467	394
467	397
467	408
467	424
467	443
467	450
467	465
468	115
468	139
468	202
468	296
468	335
468	366
468	369
468	388
468	404
468	412
468	415
468	421
468	430
468	432
468	441
468	451
468	464
468	475
468	477
468	478
468	487
468	489
468	494
468	495
469	153
469	367
469	391
469	442
469	476
469	483
469	484
469	486
469	488
469	489
469	490
469	491
469	493
469	497
469	498
469	499
470	34
470	94
470	186
470	201
470	224
470	248
470	264
470	273
470	287
470	290
470	298
470	341
470	353
470	359
470	365
470	385
470	403
470	406
470	412
470	420
470	437
470	438
470	457
470	474
471	13
471	27
471	32
471	70
471	109
471	158
471	194
471	200
471	217
471	247
471	277
471	288
471	294
471	303
471	330
471	332
471	383
471	418
471	425
471	435
471	456
471	458
471	461
471	473
472	3
472	30
472	92
472	240
472	320
472	334
472	342
472	400
472	417
472	427
472	428
472	434
472	444
472	446
472	453
472	455
472	466
472	480
472	482
472	485
472	492
472	495
472	496
472	500
473	13
473	27
473	32
473	70
473	78
473	109
473	158
473	194
473	200
473	217
473	266
473	273
473	277
473	288
473	294
473	303
473	330
473	332
473	383
473	418
473	425
473	435
473	458
473	461
473	471
474	30
474	34
474	57
474	94
474	186
474	224
474	264
474	273
474	287
474	290
474	298
474	341
474	353
474	359
474	365
474	376
474	385
474	403
474	406
474	420
474	437
474	438
474	457
474	470
474	499
475	115
475	187
475	190
475	191
475	258
475	335
475	366
475	369
475	388
475	412
475	415
475	421
475	432
475	441
475	449
475	451
475	464
475	468
475	477
475	478
475	483
475	487
475	489
475	494
475	495
476	351
476	363
476	391
476	442
476	469
476	483
476	484
476	485
476	486
476	488
476	490
476	491
476	493
476	497
476	498
476	499
477	22
477	23
477	52
477	139
477	187
477	258
477	328
477	335
477	366
477	369
477	388
477	412
477	415
477	421
477	432
477	441
477	444
477	451
477	464
477	468
477	475
477	478
477	487
477	489
477	494
477	495
478	16
478	23
478	67
478	191
478	202
478	258
478	315
478	335
478	366
478	369
478	388
478	412
478	415
478	421
478	432
478	441
478	451
478	464
478	468
478	475
478	477
478	480
478	487
478	489
478	494
478	495
479	4
479	20
479	36
479	80
479	93
479	108
479	109
479	113
479	119
479	122
479	130
479	161
479	164
479	181
479	209
479	214
479	237
479	262
479	279
479	361
479	369
479	379
479	395
479	459
479	463
479	481
480	7
480	174
480	240
480	272
480	320
480	324
480	334
480	342
480	400
480	417
480	427
480	428
480	434
480	444
480	446
480	453
480	455
480	466
480	472
480	478
480	482
480	485
480	487
480	492
480	496
480	500
481	4
481	17
481	20
481	36
481	80
481	93
481	108
481	113
481	119
481	122
481	130
481	161
481	164
481	181
481	209
481	214
481	237
481	262
481	279
481	361
481	375
481	379
481	395
481	459
481	463
481	479
482	3
482	14
482	149
482	234
482	240
482	277
482	320
482	324
482	342
482	370
482	400
482	417
482	427
482	428
482	434
482	444
482	446
482	453
482	455
482	466
482	472
482	480
482	485
482	492
482	496
482	500
483	82
483	129
483	134
483	227
483	245
483	314
483	348
483	352
483	391
483	442
483	457
483	469
483	475
483	476
483	484
483	486
483	488
483	490
483	491
483	493
483	497
483	498
483	499
484	313
484	348
484	352
484	391
484	418
484	442
484	457
484	469
484	476
484	483
484	486
484	488
484	490
484	491
484	493
484	497
484	498
484	499
485	14
485	49
485	92
485	234
485	320
485	324
485	334
485	342
485	400
485	417
485	427
485	428
485	434
485	438
485	444
485	445
485	446
485	453
485	455
485	466
485	472
485	476
485	480
485	482
485	492
485	496
485	500
486	269
486	314
486	348
486	352
486	391
486	407
486	417
486	442
486	469
486	476
486	483
486	484
486	488
486	490
486	491
486	493
486	497
486	498
486	499
487	23
487	52
487	67
487	139
487	190
487	202
487	258
487	335
487	341
487	366
487	369
487	388
487	412
487	415
487	421
487	432
487	441
487	451
487	464
487	468
487	475
487	477
487	478
487	480
487	489
487	494
487	495
488	28
488	63
488	103
488	104
488	129
488	179
488	186
488	188
488	227
488	229
488	245
488	314
488	344
488	348
488	352
488	391
488	442
488	469
488	476
488	483
488	484
488	486
488	490
488	491
488	493
488	497
488	498
488	499
489	16
489	67
489	139
489	158
489	187
489	191
489	202
489	228
489	258
489	335
489	366
489	369
489	388
489	412
489	415
489	421
489	432
489	441
489	451
489	464
489	468
489	469
489	475
489	477
489	478
489	487
489	494
489	495
490	28
490	73
490	82
490	95
490	129
490	188
490	220
490	227
490	229
490	245
490	312
490	314
490	348
490	352
490	391
490	392
490	442
490	469
490	476
490	483
490	484
490	486
490	488
490	491
490	493
490	497
490	498
490	499
491	82
491	104
491	129
491	141
491	145
491	179
491	188
491	220
491	227
491	229
491	314
491	348
491	352
491	372
491	391
491	442
491	466
491	469
491	476
491	483
491	484
491	486
491	488
491	490
491	493
491	497
491	498
491	499
492	7
492	14
492	49
492	92
492	149
492	174
492	234
492	242
492	324
492	334
492	342
492	349
492	400
492	417
492	427
492	428
492	434
492	444
492	446
492	453
492	455
492	466
492	472
492	480
492	482
492	485
492	496
492	500
493	28
493	63
493	104
493	141
493	179
493	188
493	217
493	220
493	227
493	229
493	245
493	263
493	314
493	348
493	352
493	391
493	442
493	469
493	476
493	483
493	484
493	486
493	488
493	490
493	491
493	497
493	498
493	499
494	23
494	52
494	115
494	139
494	187
494	190
494	191
494	202
494	258
494	292
494	335
494	366
494	369
494	374
494	388
494	412
494	415
494	421
494	432
494	441
494	451
494	464
494	468
494	475
494	477
494	478
494	487
494	489
494	495
495	16
495	52
495	67
495	115
495	139
495	187
495	190
495	258
495	290
495	291
495	335
495	366
495	369
495	388
495	412
495	415
495	421
495	432
495	441
495	451
495	464
495	468
495	472
495	475
495	477
495	478
495	487
495	489
495	494
496	3
496	7
496	49
496	78
496	92
496	126
496	149
496	174
496	234
496	240
496	320
496	324
496	334
496	342
496	365
496	417
496	427
496	428
496	434
496	444
496	446
496	453
496	455
496	466
496	472
496	480
496	482
496	485
496	492
496	500
497	28
497	63
497	73
497	82
497	129
497	141
497	179
497	188
497	220
497	229
497	245
497	314
497	348
497	352
497	391
497	442
497	447
497	449
497	450
497	469
497	476
497	483
497	484
497	486
497	488
497	490
497	491
497	493
497	498
497	499
498	28
498	33
498	63
498	73
498	104
498	129
498	141
498	179
498	220
498	227
498	229
498	245
498	314
498	348
498	352
498	360
498	378
498	391
498	442
498	469
498	476
498	483
498	484
498	486
498	488
498	490
498	491
498	493
498	497
498	499
499	63
499	73
499	82
499	104
499	141
499	162
499	179
499	188
499	220
499	227
499	229
499	245
499	314
499	348
499	352
499	391
499	442
499	463
499	469
499	474
499	476
499	483
499	484
499	486
499	488
499	490
499	491
499	493
499	497
499	498
500	3
500	7
500	14
500	49
500	149
500	234
500	240
500	320
500	324
500	334
500	342
500	400
500	405
500	417
500	421
500	427
500	428
500	434
500	444
500	446
500	453
500	455
500	465
500	466
500	472
500	480
500	482
500	485
500	492
500	496
