1	255
1	303
1	362
1	411
1	424
2	4
2	299
2	402
2	405
2	439
3	87
3	177
3	440
3	456
3	466
4	2
4	358
4	402
4	405
4	439
5	19
5	406
5	485
5	489
5	500
6	196
6	201
6	235
6	252
6	464
7	245
7	358
7	361
7	381
7	485
8	177
8	427
8	439
8	494
8	496
9	82
9	348
9	362
9	409
9	426
10	295
10	397
10	431
10	467
10	479
11	36
11	162
11	317
11	323
11	453
12	92
12	125
12	271
12	284
12	479
13	82
13	358
13	381
13	392
13	441
14	275
14	419
14	429
14	447
14	491
15	215
15	264
15	414
15	455
15	479
16	149
16	443
16	485
16	489
16	500
17	262
17	318
17	371
17	415
17	464
18	35
18	191
18	309
18	452
18	492
19	5
19	385
19	432
19	440
19	491
20	254
20	277
20	462
20	497
20	498
21	236
21	331
21	414
21	478
21	487
22	57
22	462
22	481
22	497
22	498
23	140
23	334
23	411
23	428
23	434
24	195
24	266
24	284
24	344
24	393
25	285
25	304
25	481
25	497
25	498
26	283
26	334
26	428
26	434
26	491
27	156
27	388
27	393
27	438
27	449
28	53
28	414
28	416
28	468
28	487
29	217
29	272
29	421
29	425
29	490
30	160
30	197
30	218
30	365
30	453
31	36
31	440
31	456
31	461
31	466
32	377
32	441
32	443
32	445
32	454
33	235
33	264
33	425
33	463
33	464
34	246
34	369
34	422
34	466
34	483
35	18
35	228
35	437
35	477
35	482
36	11
36	31
36	229
36	402
36	439
37	148
37	315
37	360
37	391
37	462
38	170
38	284
38	416
38	421
38	425
39	57
39	94
39	113
39	469
39	483
40	144
40	172
40	274
40	416
40	425
41	299
41	397
41	399
41	467
41	487
42	136
42	220
42	291
42	416
42	425
43	326
43	367
43	411
43	417
43	423
44	155
44	187
44	481
44	497
44	498
45	155
45	398
45	440
45	473
45	496
46	242
46	415
46	446
46	451
46	469
47	186
47	201
47	399
47	487
47	490
48	315
48	338
48	455
48	475
48	488
49	113
49	234
49	437
49	448
49	470
50	71
50	236
50	370
50	489
50	500
51	100
51	107
51	317
51	384
51	453
52	190
52	207
52	362
52	409
52	437
53	28
53	93
53	279
53	295
53	487
54	414
54	430
54	465
54	471
54	493
55	328
55	439
55	455
55	475
55	479
56	112
56	324
56	392
56	413
56	421
57	22
57	39
57	463
57	478
57	480
58	182
58	349
58	463
58	479
58	488
59	259
59	424
59	485
59	489
59	500
60	295
60	302
60	399
60	430
60	487
61	353
61	385
61	389
61	412
61	431
62	237
62	240
62	341
62	474
62	492
63	255
63	292
63	362
63	409
63	495
64	109
64	384
64	428
64	434
64	447
65	208
65	348
65	379
65	434
65	444
66	221
66	262
66	446
66	472
66	480
67	79
67	210
67	379
67	428
67	460
68	154
68	331
68	347
68	414
68	487
69	333
69	388
69	419
69	438
69	449
70	123
70	156
70	331
70	444
70	487
71	50
71	444
71	457
71	474
71	492
72	401
72	451
72	461
72	468
72	476
73	103
73	259
73	411
73	423
73	468
74	389
74	412
74	431
74	467
74	476
75	270
75	336
75	406
75	441
75	500
76	96
76	213
76	443
76	445
76	446
77	159
77	193
77	413
77	489
77	500
78	161
78	190
78	362
78	473
78	476
79	67
79	163
79	393
79	438
79	499
80	222
80	342
80	444
80	474
80	492
81	283
81	351
81	460
81	486
81	499
82	9
82	13
82	179
82	286
82	361
83	380
83	407
83	413
83	419
83	491
84	124
84	125
84	266
84	445
84	500
85	137
85	236
85	406
85	489
85	500
86	211
86	245
86	370
86	375
86	391
87	3
87	356
87	369
87	461
87	466
88	197
88	218
88	365
88	410
88	458
89	286
89	297
89	331
89	358
89	381
90	387
90	442
90	481
90	497
90	498
91	168
91	346
91	401
91	430
91	493
92	12
92	271
92	284
92	302
92	392
93	53
93	273
93	376
93	395
93	443
94	39
94	190
94	303
94	409
94	458
95	399
95	462
95	481
95	497
95	498
96	76
96	377
96	395
96	443
96	483
97	121
97	363
97	408
97	433
97	452
98	229
98	268
98	296
98	402
98	439
99	184
99	296
99	402
99	439
99	445
100	51
100	197
100	214
100	364
100	453
101	153
101	378
101	462
101	497
101	498
102	300
102	330
102	392
102	408
102	413
103	73
103	192
103	286
103	297
103	361
104	354
104	408
104	412
104	431
104	497
105	156
105	195
105	279
105	471
105	493
106	332
106	465
106	470
106	477
106	484
107	51
107	317
107	359
107	453
107	471
108	410
108	431
108	485
108	489
108	500
109	64
109	406
109	469
109	485
109	500
110	225
110	246
110	370
110	380
110	491
111	247
111	360
111	375
111	391
111	453
112	56
112	225
112	468
112	476
112	483
113	39
113	49
113	429
113	472
113	478
114	305
114	372
114	397
114	456
114	488
115	180
115	366
115	435
115	464
115	490
115	494
116	137
116	145
116	454
116	484
116	495
116	499
117	280
117	339
117	396
117	473
117	490
117	496
118	176
118	355
118	360
118	484
118	486
118	499
119	393
119	420
119	425
119	441
119	458
119	499
120	197
120	218
120	357
120	393
120	453
120	469
121	97
121	202
121	217
121	218
121	254
121	357
122	340
122	426
122	430
122	470
122	474
122	482
123	70
123	172
123	402
123	405
123	439
123	497
124	84
124	125
124	195
124	266
124	289
124	481
125	12
125	84
125	124
125	271
125	289
125	402
126	286
126	381
126	437
126	465
126	470
126	477
127	212
127	321
127	387
127	408
127	436
127	456
128	332
128	389
128	398
128	456
128	471
128	493
129	235
129	331
129	379
129	399
129	414
129	487
130	201
130	239
130	276
130	371
130	456
130	486
131	321
131	337
131	436
131	451
131	476
131	483
132	298
132	354
132	389
132	412
132	431
132	488
133	161
133	231
133	306
133	367
133	411
133	423
134	259
134	420
134	441
134	448
134	450
134	454
135	233
135	333
135	388
135	403
135	446
135	449
136	42
136	219
136	321
136	422
136	440
136	461
137	85
137	116
137	313
137	458
137	486
137	495
138	306
138	315
138	367
138	411
138	423
138	429
139	144
139	451
139	468
139	475
139	476
139	483
140	23
140	300
140	324
140	392
140	413
140	481
141	252
141	273
141	342
141	404
141	445
141	446
142	293
142	307
142	433
142	471
142	490
142	493
143	223
143	390
143	401
143	490
143	494
143	496
144	40
144	139
144	327
144	373
144	468
144	483
145	116
145	237
145	379
145	384
145	434
145	453
146	181
146	322
146	341
146	444
146	474
146	492
147	294
147	448
147	460
147	484
147	495
147	498
148	37
148	360
148	375
148	391
148	440
148	491
149	16
149	222
149	238
149	343
149	474
149	492
150	369
150	442
150	462
150	481
150	497
150	498
151	196
151	356
151	401
151	438
151	449
151	487
152	384
152	385
152	422
152	432
152	447
152	491
153	101
153	394
153	415
153	469
153	472
153	480
154	68
154	295
154	399
154	414
154	457
154	487
155	44
155	45
155	396
155	485
155	490
155	496
156	27
156	70
156	105
156	430
156	459
156	493
157	213
157	232
157	238
157	444
157	481
157	492
158	356
158	388
158	393
158	438
158	449
158	463
159	77
159	285
159	288
159	454
159	489
159	500
160	30
160	182
160	455
160	479
160	488
160	499
161	78
161	133
161	207
161	255
161	409
161	421
162	11
162	217
162	357
162	364
162	453
162	465
163	79
163	226
163	333
163	393
163	420
163	449
164	312
164	432
164	444
164	474
164	492
164	499
165	187
165	346
165	456
165	459
165	474
165	493
166	276
166	308
166	343
166	444
166	472
166	492
167	199
167	368
167	370
167	435
167	494
167	496
168	91
168	222
168	368
168	455
168	467
168	475
169	250
169	416
169	421
169	425
169	432
169	438
170	38
170	220
170	261
170	416
170	421
170	442
171	329
171	364
171	424
171	485
171	499
171	500
172	40
172	123
172	184
172	279
172	405
172	439
173	206
173	385
173	427
173	432
173	447
173	491
174	265
174	316
174	406
174	453
174	489
174	500
175	178
175	189
175	302
175	374
175	410
175	413
176	118
176	278
176	310
176	437
176	465
176	495
177	3
177	8
177	359
177	406
177	473
177	496
178	175
178	302
178	374
178	392
178	413
178	457
179	82
179	406
179	436
179	451
179	476
179	483
180	115
180	199
180	329
180	356
180	400
180	473
181	146
181	186
181	262
181	331
181	414
181	487
182	58
182	160
182	184
182	455
182	467
182	468
182	479
183	220
183	230
183	244
183	274
183	411
183	416
183	425
184	99
184	172
184	182
184	219
184	296
184	405
184	439
185	382
185	426
185	428
185	437
185	458
185	477
185	482
186	47
186	181
186	220
186	391
186	399
186	414
186	487
187	44
187	165
187	293
187	294
187	459
187	471
187	493
188	433
188	435
188	467
188	490
188	491
188	494
188	496
189	175
189	326
189	418
189	442
189	462
189	497
189	498
190	52
190	78
190	94
190	291
190	409
190	450
190	478
191	18
191	257
191	264
191	344
191	383
191	452
191	486
192	103
192	297
192	358
192	361
192	376
192	381
192	448
193	77
193	380
193	407
193	419
193	438
193	447
193	491
194	273
194	385
194	407
194	419
194	447
194	488
194	491
195	24
195	105
195	124
195	266
195	284
195	289
195	334
196	6
196	151
196	233
196	393
196	438
196	449
196	475
197	30
197	88
197	100
197	120
197	364
197	473
197	500
198	327
198	328
198	400
198	467
198	473
198	475
198	488
199	167
199	180
199	242
199	325
199	349
199	490
199	494
200	286
200	297
200	358
200	361
200	381
200	412
200	436
201	6
201	47
201	130
201	239
201	371
201	464
201	493
202	121
202	232
202	242
202	323
202	359
202	365
202	453
203	245
203	370
203	419
203	432
203	447
203	476
203	491
204	238
204	308
204	312
204	341
204	356
204	489
204	492
205	324
205	354
205	364
205	429
205	446
205	463
205	478
206	173
206	311
206	316
206	363
206	383
206	433
206	452
207	52
207	161
207	287
207	303
207	362
207	374
207	409
208	65
208	269
208	309
208	316
208	344
208	433
208	452
209	267
209	298
209	353
209	389
209	422
209	431
209	469
210	67
210	228
210	379
210	384
210	428
210	434
210	493
211	86
211	245
211	247
211	284
211	375
211	391
211	490
212	127
212	219
212	220
212	303
212	422
212	461
212	466
213	76
213	157
213	312
213	423
213	444
213	474
213	492
214	100
214	336
214	410
214	424
214	485
214	492
214	500
215	15
215	280
215	322
215	455
215	475
215	479
215	488
216	340
216	371
216	412
216	437
216	448
216	457
216	477
217	29
217	121
217	162
217	323
217	357
217	437
217	453
218	30
218	88
218	120
218	121
218	277
218	357
218	465
219	136
219	184
219	212
219	294
219	440
219	456
219	466
220	42
220	170
220	183
220	186
220	212
220	244
220	421
221	66
221	269
221	360
221	391
221	463
221	478
221	480
222	80
222	149
222	168
222	343
222	442
222	474
222	492
223	143
223	349
223	396
223	457
223	490
223	494
223	496
224	278
224	322
224	382
224	419
224	448
224	465
224	482
225	110
225	112
225	394
225	418
225	481
225	497
225	498
226	163
226	323
226	364
226	365
226	428
226	436
226	453
227	239
227	252
227	262
227	295
227	318
227	462
227	464
228	35
228	210
228	281
228	426
228	448
228	465
228	477
229	36
229	98
229	402
229	405
229	439
229	449
229	497
230	183
230	262
230	264
230	344
230	350
230	371
230	464
231	133
231	326
231	367
231	372
231	411
231	423
231	500
232	157
232	202
232	307
232	308
232	444
232	474
232	492
233	135
233	196
233	393
233	404
233	438
233	449
233	491
234	49
234	342
234	437
234	457
234	465
234	470
234	498
235	6
235	33
235	129
235	276
235	327
235	464
235	500
236	21
236	50
236	85
236	265
236	481
236	489
236	500
237	62
237	145
237	353
237	354
237	389
237	412
237	431
238	149
238	157
238	204
238	450
238	474
238	489
238	492
239	130
239	201
239	227
239	371
239	464
239	473
239	497
240	62
240	277
240	408
240	440
240	461
240	466
240	479
241	278
241	410
241	417
241	426
241	448
241	457
241	493
242	46
242	199
242	202
242	267
242	429
242	463
242	472
243	345
243	373
243	384
243	468
243	476
243	483
243	485
244	183
244	220
244	250
244	289
244	421
244	425
244	496
245	7
245	86
245	203
245	211
245	315
245	318
245	360
245	391
246	34
246	110
246	313
246	408
246	428
246	440
246	450
246	461
247	111
247	211
247	287
247	315
247	360
247	375
247	391
247	497
248	300
248	323
248	324
248	369
248	374
248	392
248	413
248	424
249	287
249	327
249	343
249	381
249	451
249	468
249	476
249	483
250	169
250	244
250	272
250	274
250	382
250	416
250	421
250	423
251	347
251	376
251	450
251	458
251	460
251	487
251	495
251	499
252	6
252	141
252	227
252	262
252	371
252	386
252	463
252	464
253	276
253	306
253	397
253	431
253	455
253	467
253	475
253	488
254	20
254	121
254	296
254	436
254	451
254	468
254	476
254	483
255	1
255	63
255	161
255	257
255	291
255	362
255	409
255	483
256	306
256	386
256	400
256	403
256	443
256	473
256	490
256	494
257	191
257	255
257	350
257	363
257	383
257	425
257	433
257	452
258	320
258	365
258	417
258	457
258	460
258	470
258	477
258	482
259	59
259	73
259	134
259	265
259	326
259	367
259	411
259	423
260	282
260	304
260	376
260	429
260	463
260	465
260	469
260	472
261	170
261	320
261	438
261	446
261	463
261	469
261	472
261	480
262	17
262	66
262	181
262	227
262	230
262	252
262	382
262	464
263	370
263	380
263	382
263	407
263	432
263	458
263	475
263	491
264	15
264	33
264	191
264	230
264	276
264	318
264	413
264	464
265	174
265	236
265	259
265	424
265	458
265	485
265	489
265	500
266	24
266	84
266	124
266	195
266	271
266	289
266	292
266	499
267	209
267	242
267	320
267	324
267	330
267	390
267	415
267	478
268	98
268	322
268	335
268	415
268	463
268	469
268	478
268	484
269	208
269	221
269	415
269	472
269	478
269	479
269	480
269	492
270	75
270	332
270	401
270	421
270	430
270	459
270	471
270	493
271	12
271	92
271	125
271	266
271	284
271	289
271	414
271	436
272	29
272	250
272	274
272	275
272	355
272	416
272	421
272	452
273	93
273	141
273	194
273	349
273	387
273	388
273	443
273	445
274	40
274	183
274	250
274	272
274	409
274	421
274	425
274	498
275	14
275	272
275	397
275	407
275	408
275	432
275	447
275	491
276	130
276	166
276	235
276	253
276	264
276	318
276	399
276	464
277	20
277	218
277	240
277	408
277	456
277	460
277	461
277	466
278	176
278	224
278	241
278	394
278	457
278	465
278	468
278	477
279	53
279	105
279	172
279	299
279	331
279	399
279	418
279	487
280	117
280	215
280	283
280	293
280	348
280	379
280	384
280	428
281	228
281	308
281	372
281	427
281	467
281	475
281	479
281	488
282	260
282	285
282	446
282	463
282	464
282	472
282	480
282	491
283	26
283	81
283	280
283	348
283	379
283	384
283	400
283	428
284	12
284	24
284	38
284	92
284	195
284	211
284	271
284	289
285	25
285	159
285	282
285	415
285	429
285	469
285	478
285	480
286	82
286	89
286	103
286	126
286	200
286	358
286	381
286	473
287	207
287	247
287	249
287	351
287	436
287	468
287	476
287	483
288	159
288	329
288	406
288	424
288	477
288	485
288	489
288	495
289	124
289	125
289	195
289	244
289	266
289	271
289	284
289	390
290	310
290	417
290	434
290	462
290	470
290	477
290	482
290	488
291	42
291	190
291	255
291	303
291	362
291	364
291	388
291	409
292	63
292	266
292	376
292	417
292	442
292	462
292	481
292	497
292	498
293	142
293	187
293	280
293	314
293	398
293	457
293	459
293	471
293	493
294	147
294	187
294	219
294	366
294	386
294	420
294	441
294	495
294	499
295	10
295	53
295	60
295	154
295	227
295	299
295	414
295	476
295	487
296	98
296	99
296	184
296	254
296	402
296	405
296	439
296	479
296	482
297	89
297	103
297	192
297	200
297	358
297	381
297	417
297	468
297	476
298	132
298	209
298	300
298	342
298	353
298	354
298	389
298	412
298	431
299	2
299	41
299	279
299	295
299	383
299	399
299	414
299	451
299	487
300	102
300	140
300	248
300	298
300	340
300	374
300	379
300	392
300	413
301	310
301	336
301	410
301	424
301	436
301	451
301	485
301	489
301	500
302	60
302	92
302	175
302	178
302	324
302	374
302	392
302	413
302	462
303	1
303	94
303	207
303	212
303	291
303	362
303	409
303	414
303	478
304	25
304	260
304	418
304	442
304	481
304	494
304	496
304	497
304	498
305	114
305	368
305	422
305	467
305	475
305	476
305	479
305	488
305	492
306	133
306	138
306	253
306	256
306	325
306	326
306	367
306	411
306	423
307	142
307	232
307	314
307	332
307	396
307	459
307	471
307	486
307	493
308	166
308	204
308	232
308	281
308	341
308	343
308	456
308	474
308	492
309	18
309	208
309	346
309	350
309	363
309	433
309	442
309	452
309	467
310	176
310	290
310	301
310	339
310	382
310	457
310	477
310	482
310	499
311	206
311	390
311	402
311	417
311	441
311	460
311	484
311	486
311	495
312	164
312	204
312	213
312	360
312	375
312	444
312	450
312	474
312	492
313	137
313	246
313	347
313	422
313	437
313	440
313	456
313	461
313	466
314	293
314	307
314	332
314	346
314	430
314	459
314	471
314	479
314	493
315	37
315	48
315	138
315	245
315	247
315	360
315	375
315	391
315	395
316	174
316	206
316	208
316	319
316	350
316	383
316	433
316	452
316	498
317	11
317	51
317	107
317	364
317	365
317	382
317	435
317	453
317	489
318	17
318	227
318	245
318	264
318	276
318	371
318	420
318	464
318	498
319	316
319	331
319	398
319	401
319	430
319	459
319	470
319	471
319	493
320	258
320	261
320	267
320	330
320	429
320	446
320	459
320	472
320	480
321	127
321	131
321	136
321	369
321	408
321	422
321	456
321	458
321	466
322	146
322	215
322	224
322	268
322	330
322	429
322	446
322	463
322	469
322	480
323	11
323	202
323	217
323	226
323	248
323	337
323	357
323	364
323	365
323	409
324	56
324	140
324	205
324	248
324	267
324	302
324	361
324	374
324	392
324	413
325	199
325	306
325	359
325	427
325	459
325	473
325	489
325	490
325	494
325	496
326	43
326	189
326	231
326	259
326	306
326	336
326	367
326	411
326	423
326	495
327	144
327	198
327	235
327	249
327	345
327	451
327	459
327	468
327	476
327	483
328	55
328	198
328	368
328	393
328	395
328	455
328	467
328	471
328	479
328	488
329	171
329	180
329	288
329	357
329	406
329	410
329	424
329	475
329	485
329	489
330	102
330	267
330	320
330	322
330	427
330	429
330	454
330	472
330	478
330	480
331	21
331	68
331	70
331	89
331	129
331	181
331	279
331	319
331	447
331	487
332	106
332	128
332	270
332	307
332	314
332	383
332	401
332	459
332	493
332	499
333	69
333	135
333	163
333	356
333	361
333	388
333	430
333	438
333	449
333	477
334	23
334	26
334	195
334	348
334	379
334	384
334	398
334	428
334	432
334	434
335	268
335	426
335	448
335	457
335	464
335	465
335	470
335	477
335	482
335	488
336	75
336	214
336	301
336	326
336	410
336	412
336	424
336	463
336	485
336	500
337	131
337	323
337	345
337	373
337	418
337	436
337	451
337	468
337	473
337	483
338	48
338	372
338	378
338	397
338	460
338	467
338	475
338	479
338	488
338	498
339	117
339	310
339	441
339	450
339	454
339	476
339	484
339	486
339	495
339	499
340	122
340	216
340	300
340	426
340	448
340	457
340	470
340	480
340	482
340	488
341	62
341	146
341	204
341	308
341	343
341	369
341	409
341	444
341	474
341	484
341	492
342	80
342	141
342	234
342	298
342	352
342	377
342	387
342	395
342	404
342	443
342	445
343	149
343	166
343	222
343	249
343	308
343	341
343	352
343	372
343	444
343	474
343	492
344	24
344	191
344	208
344	230
344	350
344	358
344	363
344	383
344	433
344	452
344	483
345	243
345	327
345	337
345	373
345	436
345	455
345	468
345	476
345	478
345	483
345	498
346	91
346	165
346	309
346	314
346	398
346	401
346	430
346	441
346	448
346	467
346	471
347	68
347	251
347	313
347	348
347	366
347	390
347	404
347	454
347	458
347	495
347	499
348	9
348	65
348	280
348	283
348	334
348	347
348	379
348	384
348	428
348	434
348	447
349	58
349	199
349	223
349	273
349	352
349	377
349	387
349	395
349	404
349	443
349	445
350	230
350	257
350	309
350	316
350	344
350	363
350	383
350	433
350	452
350	490
350	493
351	81
351	287
351	416
351	420
351	441
351	446
351	454
351	484
351	486
351	495
351	499
352	342
352	343
352	349
352	370
352	377
352	387
352	395
352	404
352	420
352	443
352	445
353	61
353	209
353	237
353	298
353	354
353	378
353	389
353	412
353	416
353	431
353	444
354	104
354	132
354	205
354	237
354	298
354	353
354	389
354	405
354	412
354	431
354	497
355	118
355	272
355	413
355	450
355	451
355	454
355	458
355	460
355	484
355	486
355	499
356	87
356	151
356	158
356	180
356	204
356	333
356	388
356	393
356	437
356	438
356	449
357	120
357	121
357	162
357	217
357	218
357	323
357	329
357	364
357	365
357	405
357	472
358	4
358	7
358	13
358	89
358	192
358	200
358	286
358	297
358	344
358	361
358	381
358	453
359	107
359	177
359	202
359	325
359	400
359	432
359	435
359	473
359	490
359	494
359	496
359	500
360	37
360	111
360	118
360	148
360	221
360	245
360	247
360	312
360	315
360	375
360	386
360	391
361	7
361	82
361	103
361	192
361	200
361	324
361	333
361	358
361	381
361	402
361	467
361	494
362	1
362	9
362	52
362	63
362	78
362	207
362	255
362	291
362	303
362	366
362	373
362	477
363	97
363	206
363	257
363	309
363	344
363	350
363	383
363	394
363	431
363	433
363	434
363	452
364	100
364	162
364	171
364	197
364	205
364	226
364	291
364	317
364	323
364	357
364	365
364	453
365	30
365	88
365	202
365	226
365	258
365	317
365	323
365	357
365	364
365	421
365	453
365	464
366	115
366	294
366	347
366	362
366	404
366	450
366	458
366	460
366	484
366	486
366	495
366	499
367	43
367	133
367	138
367	231
367	259
367	306
367	326
367	396
367	411
367	423
367	455
367	466
368	167
368	168
368	305
368	328
368	397
368	440
368	445
368	467
368	475
368	479
368	487
368	488
369	34
369	87
369	150
369	248
369	321
369	341
369	422
369	440
369	456
369	461
369	466
369	470
370	50
370	86
370	110
370	167
370	203
370	263
370	352
370	380
370	385
370	419
370	447
370	491
371	17
371	130
371	201
371	216
371	230
371	239
371	252
371	318
371	385
371	407
371	431
371	464
372	114
372	231
372	281
372	338
372	343
372	397
372	433
372	455
372	467
372	475
372	479
372	488
373	144
373	243
373	337
373	345
373	362
373	436
373	442
373	451
373	468
373	472
373	476
373	483
374	175
374	178
374	207
374	248
374	300
374	302
374	324
374	379
374	392
374	400
374	413
374	470
375	86
375	111
375	148
375	211
375	247
375	312
375	315
375	360
375	391
375	485
375	495
375	498
376	93
376	192
376	251
376	260
376	292
376	378
376	394
376	418
376	442
376	462
376	481
376	497
376	498
377	32
377	96
377	342
377	349
377	352
377	387
377	395
377	400
377	404
377	443
377	445
377	471
377	493
378	101
378	338
378	353
378	376
378	394
378	398
378	418
378	442
378	456
378	462
378	481
378	497
378	498
379	65
379	67
379	129
379	145
379	210
379	280
379	283
379	300
379	334
379	348
379	374
379	434
379	461
380	83
380	110
380	193
380	263
380	370
380	385
380	407
380	430
380	447
380	459
380	470
380	491
380	500
381	7
381	13
381	89
381	126
381	192
381	200
381	249
381	286
381	297
381	358
381	361
381	454
381	477
382	185
382	224
382	250
382	262
382	263
382	310
382	317
382	417
382	426
382	457
382	465
382	477
382	482
383	191
383	206
383	257
383	299
383	316
383	332
383	344
383	350
383	363
383	426
383	433
383	452
383	489
384	51
384	64
384	145
384	152
384	210
384	243
384	280
384	283
384	334
384	348
384	428
384	434
384	470
385	19
385	61
385	152
385	173
385	194
385	370
385	371
385	380
385	406
385	419
385	432
385	469
385	491
386	252
386	256
386	294
386	360
386	400
386	403
386	427
386	435
386	473
386	482
386	490
386	494
386	496
387	90
387	127
387	273
387	342
387	349
387	352
387	377
387	392
387	395
387	404
387	443
387	445
387	491
388	27
388	69
388	135
388	158
388	273
388	291
388	333
388	356
388	393
388	438
388	449
388	483
388	500
389	61
389	74
389	128
389	132
389	209
389	237
389	298
389	353
389	354
389	412
389	431
389	449
389	470
389	497
390	143
390	267
390	289
390	311
390	347
390	407
390	450
390	452
390	458
390	460
390	484
390	486
390	495
390	499
391	37
391	86
391	111
391	148
391	186
391	211
391	221
391	245
391	247
391	315
391	360
391	375
391	429
391	477
392	13
392	56
392	92
392	102
392	140
392	178
392	248
392	300
392	302
392	324
392	374
392	387
392	413
392	418
393	24
393	27
393	79
393	119
393	120
393	158
393	163
393	196
393	233
393	328
393	356
393	388
393	438
393	449
394	153
394	225
394	278
394	363
394	376
394	378
394	400
394	418
394	422
394	442
394	462
394	481
394	497
394	498
395	93
395	96
395	315
395	328
395	342
395	349
395	352
395	377
395	387
395	404
395	443
395	445
395	464
395	493
396	117
396	155
396	223
396	307
396	367
396	403
396	427
396	435
396	465
396	473
396	475
396	490
396	494
396	496
397	10
397	41
397	114
397	253
397	275
397	338
397	368
397	372
397	446
397	452
397	455
397	467
397	475
397	488
398	45
398	128
398	293
398	319
398	334
398	346
398	378
398	401
398	430
398	449
398	459
398	471
398	481
398	493
399	41
399	47
399	60
399	95
399	129
399	154
399	186
399	276
399	279
399	299
399	414
399	443
399	474
399	487
400	180
400	198
400	256
400	283
400	359
400	374
400	377
400	386
400	394
400	403
400	427
400	473
400	494
400	496
401	72
401	91
401	143
401	151
401	270
401	319
401	332
401	346
401	398
401	416
401	430
401	459
401	471
401	493
402	2
402	4
402	36
402	98
402	99
402	123
402	125
402	229
402	296
402	311
402	361
402	405
402	439
402	480
403	135
403	256
403	386
403	396
403	400
403	415
403	427
403	435
403	464
403	473
403	490
403	491
403	494
403	496
404	141
404	233
404	342
404	347
404	349
404	352
404	366
404	377
404	387
404	395
404	443
404	445
404	466
404	498
405	2
405	4
405	123
405	172
405	184
405	229
405	296
405	354
405	357
405	402
405	425
405	439
405	451
405	487
406	5
406	75
406	85
406	109
406	174
406	177
406	179
406	288
406	329
406	385
406	410
406	427
406	485
406	489
407	83
407	193
407	194
407	263
407	275
407	371
407	380
407	390
407	419
407	432
407	433
407	447
407	471
407	491
408	97
408	102
408	104
408	127
408	240
408	246
408	275
408	277
408	321
408	422
408	440
408	456
408	461
408	466
409	9
409	52
409	63
409	94
409	161
409	190
409	207
409	255
409	274
409	291
409	303
409	323
409	341
409	484
410	88
410	108
410	175
410	214
410	241
410	301
410	329
410	336
410	406
410	424
410	479
410	485
410	489
410	500
411	1
411	23
411	43
411	73
411	133
411	138
411	183
411	231
411	259
411	306
411	326
411	367
411	423
411	486
412	61
412	74
412	104
412	132
412	200
412	216
412	237
412	298
412	336
412	353
412	354
412	389
412	416
412	431
412	492
413	56
413	77
413	83
413	102
413	140
413	175
413	178
413	248
413	264
413	300
413	302
413	324
413	355
413	374
413	392
414	15
414	21
414	28
414	54
414	68
414	129
414	154
414	181
414	186
414	271
414	295
414	299
414	303
414	399
414	487
415	17
415	46
415	153
415	267
415	268
415	269
415	285
415	403
415	429
415	452
415	463
415	469
415	478
415	480
415	495
416	28
416	38
416	40
416	42
416	169
416	170
416	183
416	250
416	272
416	351
416	353
416	401
416	412
416	421
416	425
417	43
417	241
417	258
417	290
417	292
417	297
417	311
417	382
417	419
417	437
417	448
417	457
417	465
417	470
417	477
418	189
418	225
418	279
418	304
418	337
418	376
418	378
418	392
418	394
418	442
418	462
418	481
418	492
418	497
418	498
419	14
419	69
419	83
419	193
419	194
419	203
419	224
419	370
419	385
419	407
419	417
419	426
419	432
419	447
419	491
420	119
420	134
420	163
420	294
420	318
420	351
420	352
420	441
420	454
420	466
420	480
420	484
420	486
420	495
420	499
421	29
421	38
421	56
421	161
421	169
421	170
421	220
421	244
421	250
421	270
421	272
421	274
421	365
421	416
421	425
422	34
422	136
422	152
422	209
422	212
422	305
422	313
422	321
422	369
422	394
422	408
422	456
422	461
422	466
422	475
423	43
423	73
423	133
423	138
423	213
423	231
423	250
423	259
423	306
423	326
423	367
423	411
423	449
423	478
423	491
424	1
424	59
424	171
424	214
424	248
424	265
424	288
424	301
424	329
424	336
424	410
424	434
424	482
424	485
424	500
425	29
425	33
425	38
425	40
425	42
425	119
425	169
425	183
425	244
425	257
425	274
425	405
425	416
425	421
425	496
426	9
426	122
426	185
426	228
426	241
426	335
426	340
426	382
426	383
426	419
426	457
426	465
426	470
426	480
426	482
427	8
427	173
427	281
427	325
427	330
427	386
427	396
427	400
427	403
427	406
427	454
427	473
427	490
427	494
427	496
428	23
428	26
428	64
428	67
428	185
428	210
428	226
428	246
428	280
428	283
428	334
428	348
428	384
428	434
428	470
429	14
429	113
429	138
429	205
429	242
429	260
429	285
429	320
429	322
429	330
429	391
429	415
429	446
429	469
429	474
429	478
430	54
430	60
430	91
430	122
430	156
430	270
430	314
430	319
430	333
430	346
430	380
430	398
430	401
430	449
430	459
430	471
431	10
431	61
431	74
431	104
431	108
431	132
431	209
431	237
431	253
431	298
431	353
431	354
431	363
431	371
431	389
431	412
432	19
432	152
432	164
432	169
432	173
432	203
432	263
432	275
432	334
432	359
432	385
432	407
432	419
432	447
432	491
432	499
433	97
433	142
433	188
433	206
433	208
433	257
433	309
433	316
433	344
433	350
433	363
433	372
433	383
433	407
433	452
433	480
434	23
434	26
434	64
434	65
434	145
434	210
434	290
434	334
434	348
434	363
434	379
434	384
434	424
434	428
434	439
434	463
435	115
435	167
435	188
435	317
435	359
435	386
435	396
435	403
435	445
435	447
435	461
435	473
435	484
435	490
435	494
435	496
436	127
436	131
436	179
436	200
436	226
436	254
436	271
436	287
436	301
436	337
436	345
436	373
436	451
436	468
436	476
436	483
437	35
437	49
437	52
437	126
437	176
437	185
437	216
437	217
437	234
437	313
437	356
437	417
437	448
437	461
437	470
437	477
437	482
438	27
438	69
438	79
438	151
438	158
438	169
438	193
438	196
438	233
438	261
438	333
438	356
438	388
438	393
438	449
438	469
438	494
439	2
439	4
439	8
439	36
439	55
439	98
439	99
439	123
439	172
439	184
439	229
439	296
439	402
439	405
439	434
439	440
439	496
440	3
440	19
440	31
440	45
440	136
440	148
440	219
440	240
440	246
440	313
440	368
440	369
440	408
440	439
440	451
440	456
440	461
440	466
441	13
441	32
441	75
441	119
441	134
441	294
441	311
441	339
441	346
441	351
441	420
441	443
441	454
441	458
441	486
441	494
441	495
441	499
442	90
442	150
442	170
442	189
442	222
442	292
442	304
442	309
442	373
442	376
442	378
442	394
442	418
442	462
442	472
442	481
442	497
442	498
443	16
443	32
443	76
443	93
443	96
443	256
443	273
443	342
443	349
443	352
443	377
443	387
443	395
443	399
443	404
443	441
443	444
443	445
444	65
444	70
444	71
444	80
444	146
444	157
444	164
444	166
444	213
444	232
444	312
444	341
444	343
444	353
444	443
444	474
444	485
444	492
445	32
445	76
445	84
445	99
445	141
445	273
445	342
445	349
445	352
445	368
445	377
445	387
445	395
445	404
445	435
445	443
445	471
445	496
446	46
446	66
446	76
446	135
446	141
446	205
446	261
446	282
446	320
446	322
446	351
446	397
446	429
446	463
446	469
446	472
446	478
446	480
447	14
447	64
447	152
447	173
447	193
447	194
447	203
447	275
447	331
447	348
447	370
447	380
447	407
447	419
447	432
447	435
447	484
447	491
448	49
448	134
448	147
448	192
448	216
448	224
448	228
448	241
448	335
448	340
448	346
448	417
448	437
448	457
448	465
448	469
448	482
448	497
449	27
449	69
449	135
449	151
449	158
449	163
449	196
449	229
449	233
449	333
449	356
449	388
449	389
449	393
449	398
449	423
449	430
449	438
449	494
450	134
450	190
450	238
450	246
450	251
450	312
450	339
450	355
450	366
450	390
450	454
450	458
450	460
450	482
450	483
450	484
450	486
450	495
450	499
451	46
451	72
451	131
451	139
451	179
451	249
451	254
451	299
451	301
451	327
451	337
451	355
451	373
451	405
451	436
451	440
451	468
451	476
451	483
452	18
452	97
452	191
452	206
452	208
452	257
452	272
452	309
452	316
452	344
452	350
452	363
452	383
452	390
452	397
452	415
452	433
452	487
452	495
453	11
453	30
453	51
453	100
453	107
453	111
453	120
453	145
453	162
453	174
453	202
453	217
453	226
453	317
453	358
453	364
453	365
453	455
453	489
454	32
454	116
454	134
454	159
454	330
454	339
454	347
454	351
454	355
454	381
454	420
454	427
454	441
454	450
454	460
454	484
454	486
454	495
454	499
455	15
455	48
455	55
455	160
455	168
455	182
455	215
455	253
455	328
455	345
455	367
455	372
455	397
455	453
455	461
455	464
455	475
455	479
455	488
456	3
456	31
456	114
456	127
456	128
456	130
456	165
456	219
456	277
456	308
456	313
456	321
456	369
456	378
456	408
456	422
456	440
456	461
456	466
457	71
457	154
457	178
457	216
457	223
457	234
457	241
457	258
457	278
457	293
457	310
457	335
457	340
457	382
457	417
457	426
457	448
457	465
457	482
457	499
458	88
458	94
458	119
458	137
458	185
458	251
458	263
458	265
458	321
458	347
458	355
458	366
458	390
458	441
458	450
458	460
458	484
458	486
458	495
458	499
459	156
459	165
459	187
459	270
459	293
459	307
459	314
459	319
459	320
459	325
459	327
459	332
459	380
459	398
459	401
459	430
459	460
459	471
459	480
459	493
460	67
460	81
460	147
460	251
460	258
460	277
460	311
460	338
460	355
460	366
460	390
460	450
460	454
460	458
460	459
460	484
460	486
460	494
460	495
460	499
461	31
461	72
461	87
461	136
461	212
461	240
461	246
461	277
461	313
461	369
461	379
461	408
461	422
461	435
461	437
461	440
461	455
461	456
461	466
461	487
462	20
462	22
462	37
462	95
462	101
462	150
462	189
462	227
462	290
462	292
462	302
462	376
462	378
462	394
462	418
462	442
462	481
462	494
462	496
462	497
462	498
463	33
463	57
463	58
463	158
463	205
463	221
463	242
463	252
463	260
463	261
463	268
463	282
463	322
463	336
463	415
463	434
463	446
463	469
463	472
463	478
463	480
464	6
464	17
464	33
464	115
464	201
464	227
464	230
464	235
464	239
464	252
464	262
464	264
464	276
464	282
464	318
464	335
464	365
464	371
464	395
464	403
464	455
465	54
465	106
465	126
465	162
465	176
465	218
465	224
465	228
465	234
465	260
465	278
465	335
465	382
465	396
465	417
465	426
465	448
465	457
465	470
465	482
465	500
466	3
466	31
466	34
466	87
466	212
466	219
466	240
466	277
466	313
466	321
466	367
466	369
466	404
466	408
466	420
466	422
466	440
466	456
466	461
466	488
466	490
466	497
467	10
467	41
467	74
467	168
467	182
467	188
467	198
467	253
467	281
467	305
467	309
467	328
467	338
467	346
467	361
467	368
467	372
467	397
467	475
467	479
467	488
467	489
468	28
468	72
468	73
468	112
468	139
468	144
468	182
468	243
468	249
468	254
468	278
468	287
468	297
468	327
468	337
468	345
468	373
468	436
468	451
468	476
468	483
468	495
469	39
469	46
469	109
469	120
469	153
469	209
469	260
469	261
469	268
469	285
469	322
469	385
469	415
469	429
469	438
469	446
469	448
469	463
469	472
469	478
469	480
469	492
470	49
470	106
470	122
470	126
470	234
470	258
470	290
470	319
470	335
470	340
470	369
470	374
470	380
470	384
470	389
470	417
470	426
470	428
470	437
470	465
470	477
470	482
471	54
471	105
471	107
471	128
471	142
471	187
471	270
471	293
471	307
471	314
471	319
471	328
471	346
471	377
471	398
471	401
471	407
471	430
471	445
471	459
471	474
471	493
472	66
472	113
472	153
472	166
472	242
472	260
472	261
472	269
472	282
472	320
472	330
472	357
472	373
472	442
472	446
472	463
472	469
472	475
472	477
472	478
472	479
472	480
473	45
473	78
473	117
473	177
473	180
473	197
473	198
473	239
473	256
473	286
473	325
473	337
473	359
473	386
473	396
473	400
473	403
473	427
473	435
473	485
473	490
473	494
473	496
474	62
474	71
474	80
474	122
474	146
474	149
474	164
474	165
474	213
474	222
474	232
474	238
474	308
474	312
474	341
474	343
474	399
474	429
474	444
474	471
474	492
474	493
474	494
475	48
475	55
475	139
475	168
475	196
475	198
475	215
475	253
475	263
475	281
475	305
475	329
475	338
475	368
475	372
475	396
475	397
475	422
475	455
475	467
475	472
475	479
475	488
476	72
476	74
476	78
476	112
476	131
476	139
476	179
476	203
476	243
476	249
476	254
476	287
476	295
476	297
476	305
476	327
476	339
476	345
476	373
476	436
476	451
476	468
476	483
477	35
477	106
477	126
477	185
477	216
477	228
477	258
477	278
477	288
477	290
477	310
477	333
477	335
477	362
477	381
477	382
477	391
477	417
477	437
477	470
477	472
477	482
477	489
478	21
478	57
478	113
478	190
478	205
478	221
478	267
478	268
478	269
478	285
478	303
478	330
478	345
478	415
478	423
478	429
478	446
478	463
478	469
478	472
478	480
478	482
478	496
479	10
479	12
479	15
479	55
479	58
479	160
479	182
479	215
479	240
479	269
479	281
479	296
479	305
479	314
479	328
479	338
479	368
479	372
479	410
479	455
479	467
479	472
479	475
479	488
480	57
480	66
480	153
480	221
480	261
480	269
480	282
480	285
480	320
480	322
480	330
480	340
480	402
480	415
480	420
480	426
480	433
480	446
480	459
480	463
480	469
480	472
480	478
480	486
481	22
481	25
481	44
481	90
481	95
481	124
481	140
481	150
481	157
481	225
481	236
481	292
481	304
481	376
481	378
481	394
481	398
481	418
481	442
481	462
481	485
481	493
481	497
481	498
482	35
482	122
482	185
482	224
482	258
482	290
482	296
482	310
482	335
482	340
482	382
482	386
482	424
482	426
482	437
482	448
482	450
482	457
482	465
482	470
482	477
482	478
482	487
482	488
483	34
483	39
483	96
483	112
483	131
483	139
483	144
483	179
483	243
483	249
483	254
483	255
483	287
483	327
483	337
483	344
483	345
483	373
483	388
483	436
483	450
483	451
483	468
483	476
484	106
484	116
484	118
484	147
484	268
484	311
484	339
484	341
484	351
484	355
484	366
484	390
484	409
484	420
484	435
484	447
484	450
484	454
484	458
484	460
484	486
484	490
484	495
484	496
484	499
485	5
485	7
485	16
485	59
485	108
485	109
485	155
485	171
485	214
485	243
485	265
485	288
485	301
485	329
485	336
485	375
485	406
485	410
485	424
485	444
485	473
485	481
485	489
485	496
485	500
486	81
486	118
486	130
486	137
486	191
486	307
486	311
486	339
486	351
486	355
486	366
486	390
486	411
486	420
486	441
486	450
486	454
486	458
486	460
486	480
486	484
486	490
486	495
486	499
486	500
487	21
487	28
487	41
487	47
487	53
487	60
487	68
487	70
487	129
487	151
487	154
487	181
487	186
487	251
487	279
487	295
487	299
487	331
487	368
487	399
487	405
487	414
487	452
487	461
487	482
488	48
488	58
488	114
488	132
488	160
488	194
488	198
488	215
488	253
488	281
488	290
488	305
488	328
488	335
488	338
488	340
488	368
488	372
488	397
488	455
488	466
488	467
488	475
488	479
488	482
489	5
489	16
489	50
489	59
489	77
489	85
489	108
489	159
489	174
489	204
489	236
489	238
489	265
489	288
489	301
489	317
489	325
489	329
489	383
489	406
489	410
489	453
489	467
489	477
489	485
489	500
490	29
490	47
490	115
490	117
490	142
490	143
490	155
490	188
490	199
490	211
490	223
490	256
490	325
490	350
490	359
490	386
490	396
490	403
490	427
490	435
490	466
490	473
490	484
490	486
490	494
490	496
491	14
491	19
491	26
491	83
491	110
491	148
491	152
491	173
491	188
491	193
491	194
491	203
491	233
491	263
491	275
491	282
491	370
491	380
491	385
491	387
491	403
491	407
491	419
491	423
491	432
491	447
492	18
492	62
492	71
492	80
492	146
492	149
492	157
492	164
492	166
492	204
492	213
492	214
492	222
492	232
492	238
492	269
492	305
492	308
492	312
492	341
492	343
492	412
492	418
492	444
492	469
492	474
493	54
493	91
493	105
493	128
493	142
493	156
493	165
493	187
493	201
493	210
493	241
493	270
493	293
493	307
493	314
493	319
493	332
493	350
493	377
493	395
493	398
493	401
493	459
493	471
493	474
493	481
494	8
494	115
494	143
494	167
494	188
494	199
494	223
494	256
494	304
494	325
494	359
494	361
494	386
494	396
494	400
494	403
494	427
494	435
494	438
494	441
494	449
494	460
494	462
494	473
494	474
494	490
494	496
495	63
495	116
495	137
495	147
495	176
495	251
495	288
495	294
495	311
495	326
495	339
495	347
495	351
495	366
495	375
495	390
495	415
495	420
495	441
495	450
495	452
495	454
495	458
495	460
495	468
495	484
495	486
495	499
496	8
496	45
496	117
496	143
496	155
496	167
496	177
496	188
496	223
496	244
496	304
496	325
496	359
496	386
496	396
496	400
496	403
496	425
496	427
496	435
496	439
496	445
496	462
496	473
496	478
496	484
496	485
496	490
496	494
497	20
497	22
497	25
497	44
497	90
497	95
497	101
497	104
497	123
497	150
497	189
497	225
497	229
497	239
497	247
497	292
497	304
497	354
497	376
497	378
497	389
497	394
497	418
497	442
497	448
497	462
497	466
497	481
497	498
498	20
498	22
498	25
498	44
498	90
498	95
498	101
498	147
498	150
498	189
498	225
498	234
498	274
498	292
498	304
498	316
498	318
498	338
498	345
498	375
498	376
498	378
498	394
498	404
498	418
498	442
498	462
498	481
498	497
499	79
499	81
499	116
499	118
499	119
499	160
499	164
499	171
499	251
499	266
499	294
499	310
499	332
499	339
499	347
499	351
499	355
499	366
499	390
499	420
499	432
499	441
499	450
499	454
499	457
499	458
499	460
499	484
499	486
499	495
500	5
500	16
500	50
500	59
500	75
500	77
500	84
500	85
500	108
500	109
500	159
500	171
500	174
500	197
500	214
500	231
500	235
500	236
500	265
500	301
500	336
500	359
500	380
500	388
500	410
500	424
500	465
500	485
500	486
500	489
