0 866
0 884
0 888
0 913
0 974
866 26
866 557
866 610
866 748
866 818
866 821
866 841
866 859
866 882
866 901
866 904
866 939
866 949
866 958
866 960
866 967
866 973
866 975
866 982
866 986
884 3
884 150
884 251
884 295
884 381
884 465
884 472
884 475
884 488
884 498
884 525
884 530
884 543
884 561
884 589
884 608
884 623
884 652
884 674
884 686
884 691
884 732
884 745
884 758
884 761
884 770
884 913
884 925
884 974
884 986
888 26
888 62
888 66
888 72
888 81
888 86
888 116
888 126
888 172
888 397
888 455
888 489
888 531
888 650
888 731
888 773
888 776
888 788
888 830
888 831
888 854
888 858
888 876
888 885
888 895
888 903
888 943
888 944
888 966
888 970
913 65
913 78
913 102
913 190
913 233
913 295
913 373
913 438
913 465
913 530
913 560
913 561
913 578
913 586
913 589
913 608
913 644
913 647
913 652
913 663
913 664
913 686
913 732
913 770
913 817
913 855
913 910
913 937
913 941
913 962
913 974
913 977
913 980
913 999
974 3
974 8
974 78
974 102
974 104
974 137
974 150
974 190
974 233
974 240
974 251
974 291
974 295
974 298
974 311
974 366
974 373
974 426
974 438
974 452
974 461
974 465
974 472
974 475
974 488
974 495
974 498
974 510
974 530
974 560
974 561
974 576
974 578
974 584
974 586
974 589
974 601
974 608
974 623
974 644
974 647
974 652
974 663
974 664
974 682
974 686
974 707
974 732
974 756
974 758
974 770
974 779
974 795
974 803
974 902
974 903
974 914
974 916
974 934
974 976
974 977
974 980
974 992
1 843
1 847
1 862
1 915
1 922
843 14
843 157
843 320
843 368
843 476
843 492
843 607
843 660
843 688
843 716
843 717
843 781
843 795
843 817
843 853
843 879
843 881
843 891
843 933
843 955
843 963
843 973
843 997
847 31
847 139
847 288
847 315
847 336
847 380
847 445
847 508
847 555
847 640
847 697
847 791
847 825
847 862
847 875
847 890
847 908
847 910
847 915
847 921
847 922
847 924
847 930
847 987
862 75
862 124
862 225
862 332
862 348
862 375
862 418
862 433
862 457
862 468
862 529
862 598
862 791
862 825
862 853
862 875
862 887
862 890
862 892
862 915
862 924
862 929
862 930
862 957
862 966
915 107
915 111
915 168
915 231
915 286
915 298
915 303
915 315
915 336
915 375
915 418
915 433
915 457
915 520
915 529
915 639
915 640
915 697
915 743
915 791
915 811
915 825
915 875
915 890
915 892
915 894
915 922
915 924
915 930
915 960
915 983
915 985
915 988
922 31
922 107
922 124
922 139
922 147
922 175
922 286
922 308
922 336
922 395
922 425
922 445
922 457
922 468
922 508
922 529
922 550
922 603
922 640
922 646
922 650
922 697
922 791
922 825
922 875
922 887
922 890
922 892
922 894
922 899
922 924
922 930
922 976
2 464
2 570
2 756
2 919
2 965
464 324
464 440
464 708
464 739
464 746
464 798
464 829
464 965
570 541
570 693
570 727
570 776
570 867
570 899
570 923
570 942
570 952
756 134
756 201
756 426
756 452
756 465
756 475
756 578
756 586
756 589
756 644
756 663
756 732
756 758
756 941
756 955
919 85
919 92
919 122
919 209
919 225
919 324
919 355
919 456
919 494
919 522
919 523
919 533
919 534
919 548
919 594
919 635
919 638
919 680
919 700
919 708
919 712
919 718
919 722
919 729
919 739
919 746
919 751
919 763
919 792
919 798
919 801
919 856
919 925
919 965
919 970
965 9
965 77
965 85
965 130
965 144
965 166
965 189
965 197
965 209
965 225
965 229
965 239
965 250
965 257
965 323
965 324
965 355
965 358
965 393
965 409
965 499
965 512
965 518
965 522
965 523
965 528
965 569
965 574
965 594
965 625
965 635
965 650
965 690
965 694
965 703
965 708
965 709
965 713
965 722
965 739
965 746
965 751
965 763
965 792
965 798
965 824
965 831
965 856
965 889
965 901
965 902
965 914
965 957
965 963
965 978
965 981
965 987
965 997
3 560
3 601
3 914
560 73
560 488
560 638
560 647
560 664
560 707
560 905
601 295
601 461
601 608
601 623
601 672
601 719
601 770
601 860
601 995
914 19
914 196
914 284
914 362
914 387
914 401
914 424
914 439
914 471
914 482
914 534
914 545
914 614
914 645
914 666
914 668
914 681
914 702
914 726
914 752
914 761
914 777
914 807
914 850
914 872
914 932
914 940
914 950
914 951
914 962
914 979
914 987
914 996
4 860
4 889
4 923
4 928
4 942
860 567
860 714
860 772
860 796
860 813
860 844
860 870
860 873
860 891
860 894
860 905
860 920
860 943
860 956
860 961
860 971
860 980
860 981
860 983
860 985
889 26
889 118
889 260
889 319
889 331
889 348
889 381
889 526
889 547
889 620
889 625
889 633
889 693
889 719
889 765
889 789
889 827
889 849
889 865
889 867
889 899
889 920
889 923
889 928
889 941
889 942
889 944
889 952
889 954
923 36
923 89
923 200
923 266
923 296
923 305
923 331
923 402
923 413
923 446
923 463
923 597
923 605
923 620
923 633
923 693
923 711
923 727
923 779
923 789
923 800
923 827
923 865
923 867
923 899
923 902
923 920
923 928
923 941
923 950
923 952
923 959
923 968
923 999
928 18
928 30
928 129
928 260
928 264
928 272
928 319
928 346
928 349
928 360
928 395
928 413
928 547
928 549
928 604
928 605
928 633
928 707
928 719
928 727
928 765
928 767
928 789
928 796
928 798
928 800
928 827
928 852
928 865
928 867
928 899
928 941
928 942
928 952
928 993
942 18
942 40
942 73
942 146
942 186
942 195
942 266
942 272
942 296
942 331
942 395
942 402
942 474
942 547
942 549
942 605
942 620
942 626
942 633
942 671
942 693
942 700
942 717
942 719
942 727
942 757
942 767
942 770
942 789
942 800
942 827
942 865
942 867
942 899
942 935
942 941
942 948
942 952
942 972
942 990
942 993
5 660
5 848
5 976
5 984
5 989
660 463
660 716
660 717
660 817
660 879
660 881
660 933
660 955
660 963
660 992
660 999
848 270
848 335
848 455
848 551
848 580
848 605
848 676
848 692
848 705
848 743
848 778
848 802
848 820
848 859
848 874
848 918
848 937
848 945
848 967
848 976
848 984
848 987
848 989
848 990
976 23
976 39
976 48
976 157
976 159
976 164
976 179
976 248
976 259
976 289
976 306
976 356
976 391
976 396
976 404
976 422
976 433
976 435
976 437
976 440
976 451
976 455
976 474
976 495
976 507
976 539
976 540
976 571
976 579
976 580
976 584
976 616
976 617
976 674
976 676
976 698
976 710
976 743
976 764
976 778
976 779
976 795
976 802
976 805
976 809
976 820
976 859
976 861
976 883
976 887
976 918
976 924
976 927
976 945
976 951
976 953
976 957
976 961
976 967
976 978
976 984
976 986
976 989
976 998
984 43
984 87
984 94
984 157
984 159
984 171
984 179
984 196
984 199
984 228
984 237
984 248
984 259
984 289
984 306
984 344
984 347
984 375
984 396
984 401
984 404
984 422
984 435
984 437
984 440
984 451
984 455
984 474
984 495
984 507
984 513
984 536
984 540
984 553
984 574
984 579
984 616
984 617
984 669
984 674
984 679
984 692
984 698
984 705
984 710
984 731
984 740
984 743
984 762
984 776
984 778
984 779
984 794
984 802
984 820
984 859
984 861
984 865
984 872
984 874
984 883
984 885
984 898
984 904
984 918
984 945
984 946
984 952
984 957
984 971
984 989
989 13
989 39
989 41
989 87
989 100
989 159
989 164
989 171
989 175
989 179
989 196
989 199
989 204
989 228
989 237
989 243
989 248
989 259
989 289
989 306
989 335
989 344
989 347
989 356
989 358
989 391
989 396
989 401
989 404
989 422
989 435
989 437
989 440
989 451
989 455
989 466
989 474
989 495
989 507
989 513
989 540
989 554
989 571
989 579
989 580
989 611
989 616
989 617
989 674
989 692
989 698
989 705
989 709
989 710
989 711
989 719
989 743
989 747
989 759
989 773
989 778
989 779
989 791
989 802
989 820
989 844
989 859
989 861
989 874
989 883
989 918
989 934
989 939
989 940
989 945
989 964
989 969
989 983
989 988
989 990
989 992
6 554
6 627
6 834
6 944
6 950
554 497
554 564
554 573
554 691
554 834
554 927
554 950
554 995
627 123
627 290
627 564
627 764
627 818
627 834
627 838
627 927
627 950
627 990
627 998
834 55
834 133
834 277
834 388
834 568
834 573
834 611
834 694
834 780
834 781
834 838
834 840
834 842
834 878
834 887
834 907
834 925
834 927
834 931
834 950
944 54
944 62
944 86
944 114
944 126
944 172
944 180
944 188
944 210
944 229
944 299
944 307
944 342
944 397
944 407
944 431
944 459
944 466
944 467
944 486
944 531
944 542
944 544
944 558
944 646
944 665
944 720
944 725
944 731
944 732
944 773
944 778
944 788
944 819
944 830
944 854
944 858
944 872
944 876
944 895
944 903
944 951
944 952
944 966
944 980
944 996
950 16
950 17
950 24
950 70
950 84
950 90
950 123
950 128
950 208
950 255
950 268
950 290
950 308
950 319
950 340
950 371
950 479
950 497
950 507
950 564
950 568
950 573
950 585
950 592
950 600
950 611
950 626
950 636
950 696
950 701
950 714
950 715
950 732
950 786
950 790
950 812
950 838
950 840
950 878
950 887
950 907
950 925
950 927
950 930
950 971
950 981
950 991
7 363
7 996
7 997
7 998
7 999
363 547
363 750
363 867
363 899
363 941
363 952
996 10
996 42
996 47
996 60
996 65
996 85
996 103
996 105
996 118
996 143
996 158
996 161
996 162
996 176
996 202
996 221
996 246
996 253
996 254
996 269
996 285
996 292
996 300
996 302
996 320
996 346
996 350
996 357
996 360
996 374
996 378
996 384
996 406
996 442
996 458
996 477
996 478
996 490
996 501
996 513
996 515
996 525
996 532
996 541
996 551
996 604
996 616
996 622
996 631
996 632
996 634
996 639
996 641
996 667
996 675
996 681
996 682
996 683
996 699
996 729
996 740
996 747
996 774
996 785
996 787
996 794
996 796
996 833
996 837
996 854
996 869
996 870
996 872
996 881
996 887
996 896
996 924
996 929
996 949
996 956
996 968
996 970
996 972
996 980
996 982
996 986
996 988
996 991
996 993
996 994
996 997
996 998
996 999
997 10
997 60
997 65
997 101
997 103
997 105
997 143
997 158
997 161
997 176
997 196
997 199
997 202
997 252
997 253
997 254
997 265
997 269
997 271
997 285
997 292
997 300
997 302
997 320
997 322
997 335
997 346
997 350
997 357
997 374
997 378
997 384
997 406
997 442
997 458
997 477
997 478
997 490
997 501
997 515
997 525
997 527
997 541
997 551
997 577
997 609
997 622
997 631
997 632
997 639
997 641
997 667
997 675
997 681
997 682
997 683
997 687
997 747
997 774
997 785
997 787
997 794
997 796
997 807
997 813
997 822
997 869
997 872
997 874
997 896
997 901
997 902
997 909
997 929
997 930
997 937
997 941
997 958
997 960
997 968
997 972
997 981
997 982
997 986
997 988
997 990
997 991
997 992
997 993
997 994
997 998
997 999
998 47
998 60
998 65
998 101
998 103
998 105
998 143
998 158
998 161
998 176
998 202
998 221
998 249
998 253
998 254
998 265
998 271
998 285
998 292
998 300
998 302
998 320
998 346
998 350
998 357
998 374
998 378
998 384
998 406
998 433
998 442
998 456
998 458
998 477
998 478
998 485
998 490
998 494
998 501
998 515
998 525
998 541
998 551
998 556
998 622
998 628
998 631
998 632
998 639
998 641
998 667
998 675
998 681
998 682
998 683
998 686
998 688
998 725
998 729
998 747
998 755
998 772
998 785
998 787
998 788
998 794
998 796
998 830
998 861
998 869
998 872
998 882
998 883
998 896
998 908
998 929
998 940
998 943
998 954
998 963
998 968
998 972
998 973
998 979
998 980
998 982
998 986
998 988
998 990
998 991
998 994
998 999
999 10
999 45
999 47
999 60
999 65
999 101
999 105
999 139
999 143
999 158
999 161
999 176
999 177
999 202
999 221
999 223
999 253
999 254
999 265
999 269
999 271
999 285
999 292
999 300
999 301
999 302
999 320
999 346
999 350
999 357
999 374
999 378
999 384
999 399
999 406
999 434
999 442
999 458
999 477
999 478
999 490
999 501
999 515
999 525
999 541
999 546
999 551
999 572
999 622
999 631
999 632
999 639
999 641
999 644
999 667
999 671
999 675
999 681
999 682
999 683
999 686
999 735
999 741
999 747
999 777
999 785
999 787
999 794
999 796
999 807
999 825
999 854
999 869
999 872
999 886
999 896
999 911
999 929
999 938
999 947
999 948
999 959
999 964
999 968
999 972
999 982
999 986
999 988
999 991
999 993
999 994
8 438
8 758
8 803
8 995
438 199
438 530
438 663
438 758
438 926
758 315
758 356
758 452
758 510
758 578
758 589
758 623
758 652
758 654
758 705
758 707
758 951
803 238
803 251
803 426
803 452
803 465
803 498
803 551
803 561
803 586
803 602
803 608
803 652
803 686
803 707
803 770
803 845
803 867
803 937
995 10
995 21
995 42
995 45
995 80
995 91
995 100
995 106
995 146
995 165
995 184
995 192
995 212
995 224
995 230
995 235
995 242
995 247
995 275
995 312
995 317
995 338
995 354
995 377
995 392
995 402
995 408
995 411
995 415
995 428
995 432
995 454
995 494
995 519
995 548
995 555
995 557
995 559
995 566
995 576
995 577
995 584
995 595
995 596
995 604
995 619
995 630
995 648
995 691
995 711
995 732
995 733
995 737
995 741
995 760
995 762
995 786
995 799
995 809
995 810
995 840
995 846
995 851
995 852
995 868
995 880
995 882
995 890
995 906
995 909
995 921
995 926
995 927
995 933
995 936
995 937
995 938
995 964
995 968
995 970
995 973
995 977
995 978
995 980
995 985
995 988
995 990
995 992
995 993
9 291
9 491
9 709
9 792
291 704
291 877
291 906
291 969
491 33
491 321
491 572
491 753
491 783
491 814
491 912
491 992
709 115
709 499
709 522
709 574
709 594
709 685
709 722
709 723
709 746
709 763
709 792
709 824
792 85
792 378
792 628
792 640
792 694
792 708
792 739
792 751
792 770
792 801
792 824
792 856
792 868
792 902
792 963
10 939
939 28
939 399
939 531
939 532
939 533
939 536
939 539
939 552
939 593
939 618
939 655
939 657
939 668
939 696
939 737
939 748
939 775
939 816
939 818
939 821
939 841
939 896
939 901
939 904
939 910
939 946
939 949
939 958
939 960
939 967
939 973
939 975
939 978
939 985
11 646
11 764
11 844
11 959
11 969
646 54
646 229
646 467
646 718
646 818
646 819
646 858
646 876
646 966
764 207
764 643
764 661
764 671
764 689
764 704
764 814
764 839
764 845
764 871
764 877
764 906
764 937
764 959
764 969
844 294
844 382
844 434
844 449
844 481
844 520
844 526
844 553
844 670
844 744
844 745
844 782
844 783
844 839
844 871
844 890
844 895
844 906
844 956
844 959
844 969
959 22
959 77
959 119
959 120
959 186
959 187
959 265
959 270
959 280
959 294
959 352
959 382
959 399
959 420
959 427
959 434
959 441
959 449
959 453
959 481
959 520
959 521
959 526
959 553
959 562
959 599
959 624
959 643
959 651
959 661
959 689
959 704
959 744
959 745
959 754
959 799
959 804
959 823
959 831
959 839
959 842
959 871
959 877
959 886
959 896
959 906
959 917
959 927
959 941
959 969
959 988
959 990
959 993
969 22
969 41
969 77
969 119
969 120
969 145
969 163
969 165
969 185
969 186
969 260
969 270
969 280
969 294
969 324
969 352
969 382
969 398
969 420
969 427
969 434
969 441
969 449
969 453
969 481
969 482
969 493
969 507
969 521
969 541
969 553
969 587
969 599
969 624
969 643
969 661
969 689
969 704
969 744
969 745
969 754
969 782
969 802
969 812
969 824
969 839
969 842
969 871
969 877
969 886
969 906
969 920
969 962
969 977
969 982
969 986
969 990
969 991
12 138
12 445
12 857
12 953
12 957
138 500
138 859
138 917
138 935
445 697
445 875
445 890
445 924
445 993
857 64
857 282
857 293
857 421
857 448
857 517
857 519
857 588
857 603
857 615
857 637
857 653
857 673
857 805
857 806
857 812
857 833
857 836
857 865
857 947
857 953
857 957
857 979
857 993
857 994
953 32
953 51
953 97
953 162
953 241
953 244
953 262
953 275
953 282
953 293
953 313
953 317
953 341
953 350
953 380
953 385
953 416
953 421
953 448
953 483
953 487
953 511
953 517
953 519
953 572
953 588
953 600
953 602
953 603
953 629
953 637
953 653
953 656
953 673
953 704
953 719
953 728
953 805
953 806
953 812
953 822
953 832
953 880
953 881
953 926
953 932
953 941
953 947
953 948
953 957
953 987
953 993
957 32
957 51
957 64
957 97
957 149
957 162
957 188
957 241
957 244
957 262
957 282
957 293
957 313
957 317
957 341
957 380
957 385
957 396
957 416
957 448
957 461
957 483
957 487
957 511
957 517
957 519
957 602
957 603
957 633
957 637
957 653
957 673
957 715
957 728
957 731
957 796
957 805
957 806
957 812
957 822
957 832
957 845
957 850
957 856
957 892
957 907
957 947
957 979
957 985
957 991
13 855
13 900
13 948
13 949
855 116
855 329
855 408
855 503
855 583
855 590
855 629
855 774
855 776
855 811
855 836
855 846
855 851
855 873
855 885
855 897
855 898
855 900
855 902
855 908
855 936
855 978
855 987
855 993
900 50
900 369
900 423
900 458
900 503
900 525
900 583
900 590
900 629
900 667
900 724
900 749
900 759
900 804
900 811
900 828
900 835
900 836
900 845
900 851
900 885
900 890
900 897
900 908
900 909
900 916
900 936
900 948
900 973
900 977
900 979
900 990
948 32
948 50
948 172
948 218
948 329
948 343
948 369
948 400
948 408
948 456
948 503
948 512
948 528
948 561
948 583
948 587
948 590
948 629
948 638
948 642
948 724
948 736
948 749
948 759
948 774
948 776
948 782
948 784
948 799
948 804
948 808
948 811
948 815
948 816
948 828
948 835
948 836
948 845
948 851
948 885
948 897
948 898
948 908
948 936
948 941
948 964
948 972
948 992
949 34
949 219
949 318
949 379
949 405
949 506
949 532
949 533
949 536
949 539
949 552
949 566
949 568
949 593
949 618
949 655
949 657
949 668
949 696
949 704
949 706
949 748
949 754
949 811
949 818
949 819
949 821
949 841
949 879
949 898
949 901
949 904
949 905
949 907
949 916
949 935
949 952
949 958
949 960
949 967
949 973
949 975
14 170
14 591
14 718
14 912
170 519
170 730
170 738
170 916
591 414
591 546
591 684
591 721
591 841
591 846
591 903
591 912
591 916
591 962
718 226
718 273
718 321
718 456
718 543
718 552
718 572
718 699
718 730
718 783
718 814
718 823
912 17
912 24
912 80
912 101
912 181
912 220
912 232
912 256
912 258
912 408
912 415
912 456
912 496
912 537
912 567
912 615
912 648
912 656
912 684
912 699
912 730
912 738
912 742
912 783
912 823
912 850
912 911
912 916
912 945
912 961
912 978
912 979
15 261
15 470
15 864
15 872
15 935
261 282
261 669
261 769
261 932
261 954
470 211
470 386
470 516
470 706
470 807
470 831
470 864
470 935
864 94
864 115
864 245
864 283
864 294
864 305
864 371
864 394
864 419
864 451
864 460
864 475
864 480
864 500
864 562
864 598
864 649
864 706
864 726
864 762
864 780
864 831
864 917
864 935
864 964
864 982
872 617
872 858
872 869
872 885
872 896
872 929
872 964
872 968
872 972
872 982
872 985
872 986
872 988
872 991
872 994
935 43
935 94
935 158
935 245
935 281
935 283
935 297
935 305
935 314
935 370
935 394
935 419
935 459
935 460
935 461
935 480
935 500
935 516
935 575
935 598
935 602
935 649
935 658
935 721
935 775
935 780
935 831
935 833
935 851
935 863
935 879
935 883
935 917
935 979
16 38
16 295
16 479
16 529
38 725
38 879
38 907
38 925
295 578
295 960
479 724
479 748
479 840
479 878
479 887
479 907
479 927
529 47
529 74
529 298
529 875
529 892
529 924
17 133
17 878
17 971
133 447
133 859
133 907
878 40
878 154
878 223
878 269
878 340
878 371
878 384
878 473
878 484
878 568
878 583
878 617
878 643
878 714
878 790
878 838
878 840
878 875
878 887
878 907
878 925
878 927
878 945
878 955
878 994
971 150
971 151
971 198
971 215
971 301
971 326
971 360
971 365
971 372
971 376
971 381
971 417
971 425
971 436
971 462
971 514
971 542
971 609
971 612
971 628
971 648
971 654
971 672
971 701
971 720
971 723
971 755
971 757
971 768
971 813
971 836
971 849
971 861
971 865
971 870
971 873
971 891
971 905
971 920
971 924
971 943
971 945
971 946
971 956
971 961
971 978
971 980
971 981
971 982
971 983
971 985
18 659
18 941
18 981
659 80
659 556
659 567
659 648
659 656
659 699
659 721
659 783
659 911
659 926
659 983
941 30
941 73
941 89
941 113
941 145
941 195
941 203
941 272
941 296
941 381
941 413
941 446
941 547
941 620
941 633
941 693
941 700
941 719
941 727
941 765
941 767
941 789
941 800
941 853
941 865
941 867
941 871
941 899
941 952
941 954
941 956
941 960
941 979
981 28
981 35
981 46
981 54
981 56
981 59
981 61
981 82
981 95
981 134
981 135
981 136
981 156
981 191
981 198
981 258
981 277
981 287
981 301
981 326
981 360
981 365
981 372
981 376
981 389
981 405
981 417
981 425
981 436
981 450
981 462
981 514
981 609
981 612
981 628
981 654
981 672
981 701
981 720
981 723
981 757
981 768
981 780
981 813
981 830
981 839
981 840
981 851
981 870
981 873
981 885
981 891
981 903
981 905
981 920
981 937
981 943
981 952
981 956
981 961
981 977
981 978
981 980
981 983
981 985
981 993
19 867
19 934
19 951
19 987
867 36
867 118
867 203
867 266
867 400
867 481
867 534
867 633
867 693
867 700
867 765
867 767
867 789
867 796
867 800
867 820
867 865
867 899
867 983
934 76
934 79
934 284
934 297
934 362
934 410
934 424
934 443
934 524
934 531
934 534
934 538
934 610
934 613
934 636
934 702
934 726
934 733
934 750
934 752
934 753
934 761
934 777
934 794
934 797
934 807
934 850
934 868
934 940
934 943
934 951
934 955
934 962
934 970
934 979
934 980
934 987
951 96
951 108
951 178
951 249
951 279
951 284
951 297
951 328
951 344
951 387
951 389
951 424
951 439
951 471
951 504
951 524
951 534
951 538
951 610
951 613
951 645
951 658
951 666
951 702
951 715
951 724
951 726
951 733
951 750
951 752
951 761
951 766
951 777
951 797
951 807
951 850
951 917
951 927
951 938
951 940
951 946
951 947
951 962
951 963
951 979
951 982
951 987
987 57
987 76
987 96
987 108
987 125
987 167
987 187
987 194
987 201
987 210
987 215
987 243
987 252
987 273
987 279
987 284
987 297
987 328
987 337
987 362
987 387
987 389
987 410
987 424
987 428
987 431
987 439
987 443
987 471
987 482
987 511
987 524
987 534
987 538
987 545
987 610
987 613
987 614
987 639
987 645
987 666
987 702
987 713
987 715
987 726
987 733
987 734
987 740
987 750
987 752
987 761
987 777
987 786
987 797
987 807
987 826
987 832
987 838
987 850
987 874
987 890
987 909
987 921
987 940
987 945
987 946
987 962
987 963
987 968
987 979
987 983
987 993
20 669
20 740
20 829
20 954
20 956
669 412
669 544
669 690
669 769
669 819
669 897
669 910
669 932
669 952
669 954
740 183
740 278
740 322
740 386
740 412
740 544
740 634
740 766
740 902
740 910
740 932
740 954
829 29
829 152
829 209
829 322
829 412
829 430
829 505
829 550
829 634
829 685
829 735
829 769
829 772
829 799
829 820
829 828
829 837
829 910
829 954
829 975
829 982
954 44
954 88
954 132
954 137
954 183
954 206
954 208
954 231
954 274
954 278
954 304
954 322
954 323
954 339
954 367
954 386
954 409
954 412
954 430
954 504
954 505
954 522
954 544
954 576
954 634
954 655
954 685
954 687
954 690
954 699
954 712
954 721
954 735
954 766
954 769
954 772
954 787
954 799
954 800
954 820
954 837
954 870
954 910
954 921
954 926
954 932
954 956
954 980
956 50
956 153
956 220
956 351
956 462
956 475
956 514
956 609
956 612
956 628
956 654
956 670
956 672
956 701
956 720
956 723
956 725
956 757
956 768
956 781
956 813
956 870
956 873
956 891
956 905
956 920
956 927
956 940
956 943
956 961
956 967
956 968
956 980
956 983
956 985
21 385
21 906
21 990
21 993
385 742
385 779
385 806
385 812
385 947
906 77
906 104
906 207
906 280
906 376
906 399
906 427
906 441
906 453
906 481
906 489
906 520
906 553
906 599
906 624
906 645
906 702
906 704
906 744
906 754
906 839
906 842
906 871
906 886
906 893
906 970
906 973
990 23
990 42
990 45
990 61
990 91
990 140
990 146
990 165
990 184
990 192
990 224
990 235
990 242
990 247
990 275
990 312
990 338
990 354
990 368
990 392
990 411
990 415
990 428
990 429
990 432
990 454
990 494
990 548
990 555
990 557
990 559
990 566
990 577
990 584
990 595
990 596
990 604
990 619
990 651
990 679
990 691
990 701
990 711
990 731
990 737
990 741
990 745
990 755
990 760
990 762
990 766
990 786
990 791
990 800
990 810
990 835
990 839
990 846
990 852
990 868
990 875
990 880
990 882
990 909
990 921
990 926
990 937
990 938
990 964
990 970
990 973
990 977
990 978
990 991
990 992
990 993
993 23
993 33
993 42
993 91
993 106
993 146
993 147
993 165
993 184
993 192
993 202
993 212
993 224
993 230
993 242
993 247
993 275
993 312
993 338
993 354
993 377
993 390
993 392
993 404
993 411
993 415
993 428
993 432
993 454
993 480
993 494
993 548
993 555
993 557
993 559
993 566
993 577
993 584
993 595
993 596
993 604
993 619
993 691
993 694
993 696
993 707
993 711
993 737
993 741
993 759
993 760
993 762
993 778
993 786
993 802
993 810
993 846
993 852
993 868
993 869
993 880
993 882
993 909
993 921
993 926
993 937
993 938
993 964
993 966
993 970
993 977
993 978
993 986
993 992
22 631
22 745
22 782
631 34
631 899
631 952
631 986
631 988
631 991
631 994
745 420
745 427
745 434
745 508
745 746
745 782
745 842
745 871
745 886
745 986
782 185
782 481
782 521
782 526
782 535
782 546
782 587
782 643
782 697
782 704
782 744
782 839
782 871
782 979
23 977
23 992
977 39
977 45
977 64
977 106
977 192
977 204
977 212
977 312
977 377
977 392
977 411
977 415
977 428
977 432
977 454
977 548
977 555
977 556
977 557
977 558
977 559
977 566
977 577
977 584
977 595
977 596
977 604
977 619
977 640
977 663
977 691
977 711
977 737
977 741
977 760
977 762
977 786
977 795
977 806
977 810
977 821
977 846
977 852
977 868
977 876
977 880
977 882
977 908
977 909
977 921
977 926
977 931
977 936
977 937
977 938
977 964
977 970
977 978
977 986
977 992
992 88
992 91
992 100
992 103
992 140
992 146
992 167
992 184
992 192
992 212
992 224
992 230
992 235
992 242
992 247
992 275
992 287
992 312
992 338
992 354
992 377
992 392
992 411
992 415
992 428
992 432
992 454
992 490
992 494
992 548
992 555
992 557
992 559
992 562
992 566
992 577
992 584
992 595
992 596
992 604
992 616
992 619
992 691
992 695
992 711
992 737
992 741
992 743
992 751
992 760
992 762
992 786
992 810
992 826
992 828
992 846
992 852
992 865
992 868
992 870
992 874
992 875
992 880
992 882
992 908
992 909
992 921
992 926
992 937
992 938
992 947
992 964
992 970
992 978
992 980
992 982
992 994
24 655
24 907
24 927
655 901
655 904
655 958
655 960
655 966
655 967
655 973
655 975
907 84
907 128
907 177
907 268
907 308
907 340
907 372
907 484
907 497
907 504
907 573
907 585
907 600
907 626
907 662
907 778
907 790
907 828
907 838
907 839
907 840
907 887
907 925
907 927
907 961
907 986
927 340
927 371
927 388
927 473
927 484
927 497
927 501
927 564
927 573
927 585
927 592
927 600
927 611
927 626
927 714
927 790
927 811
927 838
927 840
927 887
927 897
927 908
927 925
927 964
927 968
25 227
25 280
25 677
25 787
25 963
227 117
227 853
227 933
227 955
227 963
280 805
280 886
677 74
677 656
677 688
677 692
677 703
677 781
677 817
677 839
677 904
677 933
677 955
677 963
787 309
787 736
787 869
787 896
787 929
787 932
787 968
787 972
787 982
787 986
787 988
787 991
787 994
963 46
963 67
963 68
963 69
963 70
963 74
963 75
963 79
963 83
963 99
963 213
963 231
963 238
963 310
963 330
963 334
963 361
963 364
963 368
963 444
963 447
963 473
963 476
963 492
963 496
963 499
963 518
963 607
963 621
963 662
963 670
963 688
963 703
963 716
963 717
963 778
963 781
963 793
963 795
963 813
963 817
963 853
963 879
963 881
963 887
963 911
963 918
963 933
963 955
963 960
963 967
26 903
26 966
903 81
903 116
903 180
903 198
903 307
903 342
903 349
903 424
903 448
903 466
903 485
903 531
903 558
903 725
903 731
903 747
903 773
903 788
903 819
903 823
903 830
903 854
903 858
903 876
903 891
903 895
903 905
903 966
966 49
966 66
966 70
966 81
966 86
966 106
966 114
966 116
966 126
966 153
966 172
966 180
966 210
966 229
966 247
966 248
966 257
966 263
966 299
966 307
966 342
966 349
966 393
966 397
966 407
966 413
966 459
966 466
966 467
966 485
966 486
966 489
966 506
966 531
966 542
966 558
966 586
966 599
966 605
966 652
966 725
966 731
966 733
966 757
966 773
966 788
966 798
966 819
966 830
966 854
966 858
966 876
966 895
966 988
27 140
27 615
27 763
27 814
27 916
140 564
140 978
615 81
615 220
615 258
615 656
615 688
615 721
615 814
615 916
763 92
763 100
763 355
763 499
763 606
763 680
763 746
763 801
763 824
763 851
763 856
763 902
763 964
763 982
814 37
814 127
814 478
814 537
814 567
814 574
814 648
814 656
814 664
814 684
814 734
814 823
814 911
814 916
814 940
814 978
916 127
916 181
916 217
916 220
916 226
916 321
916 359
916 414
916 538
916 543
916 546
916 567
916 572
916 606
916 699
916 721
916 734
916 738
916 742
916 765
916 783
916 823
916 841
916 886
916 911
916 932
916 983
28 980
28 983
28 985
980 35
980 46
980 52
980 59
980 82
980 117
980 134
980 136
980 156
980 189
980 191
980 198
980 277
980 287
980 301
980 326
980 360
980 365
980 372
980 376
980 417
980 425
980 436
980 462
980 514
980 609
980 612
980 628
980 654
980 672
980 701
980 720
980 723
980 738
980 753
980 757
980 759
980 767
980 768
980 813
980 840
980 858
980 870
980 873
980 891
980 899
980 905
980 920
980 931
980 943
980 961
980 972
980 973
980 978
980 983
980 985
983 35
983 46
983 52
983 56
983 59
983 61
983 82
983 95
983 117
983 134
983 136
983 156
983 176
983 191
983 197
983 198
983 214
983 218
983 239
983 277
983 287
983 301
983 326
983 328
983 360
983 365
983 372
983 376
983 417
983 425
983 436
983 462
983 504
983 511
983 514
983 609
983 612
983 628
983 654
983 661
983 672
983 701
983 720
983 723
983 757
983 768
983 771
983 804
983 813
983 870
983 873
983 891
983 905
983 909
983 920
983 943
983 958
983 961
983 973
983 985
983 986
985 35
985 46
985 52
985 56
985 59
985 61
985 82
985 95
985 117
985 125
985 134
985 136
985 156
985 191
985 198
985 277
985 287
985 301
985 324
985 326
985 344
985 360
985 365
985 372
985 376
985 417
985 425
985 436
985 461
985 462
985 486
985 514
985 549
985 609
985 612
985 621
985 628
985 654
985 672
985 698
985 701
985 708
985 720
985 723
985 741
985 757
985 768
985 779
985 813
985 830
985 851
985 870
985 873
985 891
985 905
985 908
985 920
985 932
985 943
985 952
985 961
985 986
985 994
29 492
29 735
29 771
29 910
492 369
492 674
492 793
492 795
492 853
492 933
735 104
735 288
735 323
735 367
735 380
735 472
735 535
735 687
735 712
735 766
735 910
735 991
771 159
771 450
771 547
771 581
771 582
771 597
771 679
771 695
771 734
771 755
771 808
771 809
771 893
771 894
771 931
771 946
910 182
910 304
910 310
910 323
910 333
910 345
910 409
910 430
910 505
910 535
910 544
910 550
910 567
910 712
910 737
910 747
910 761
910 766
910 769
910 772
910 799
910 822
910 837
910 852
910 877
910 932
30 462
30 657
30 952
462 217
462 961
657 547
657 707
657 901
657 904
657 958
657 960
657 967
657 973
657 975
952 36
952 73
952 89
952 113
952 118
952 195
952 203
952 260
952 331
952 377
952 381
952 395
952 402
952 413
952 446
952 460
952 463
952 509
952 547
952 549
952 605
952 633
952 642
952 693
952 700
952 719
952 727
952 765
952 767
952 789
952 800
952 827
952 865
952 895
952 898
952 899
952 908
952 964
952 975
31 332
31 791
31 973
332 498
332 710
332 890
332 892
332 924
791 53
791 63
791 468
791 484
791 697
791 739
791 825
791 874
791 890
791 892
791 924
791 930
973 93
973 98
973 111
973 142
973 160
973 204
973 205
973 216
973 219
973 309
973 311
973 316
973 318
973 327
973 343
973 353
973 359
973 379
973 405
973 429
973 475
973 498
973 506
973 532
973 533
973 536
973 539
973 552
973 578
973 593
973 618
973 668
973 684
973 696
973 714
973 723
973 742
973 748
973 818
973 821
973 839
973 841
973 886
973 901
973 904
973 909
973 938
973 958
973 960
973 967
973 975
32 822
32 947
822 206
822 241
822 316
822 317
822 412
822 487
822 588
822 602
822 603
822 653
822 706
822 728
822 805
822 806
822 812
822 832
822 947
947 51
947 97
947 111
947 129
947 149
947 162
947 188
947 205
947 244
947 262
947 282
947 293
947 313
947 341
947 380
947 406
947 416
947 483
947 487
947 511
947 517
947 519
947 540
947 588
947 602
947 603
947 609
947 637
947 653
947 656
947 673
947 728
947 738
947 800
947 805
947 806
947 812
947 826
947 827
947 832
947 893
947 931
947 933
33 151
33 572
33 816
151 181
151 279
151 742
572 699
572 808
572 823
572 911
816 416
816 568
816 590
816 644
816 736
816 759
816 774
816 804
816 811
816 828
816 836
816 845
816 851
816 885
816 892
816 897
816 898
816 936
816 991
34 960
34 967
34 975
960 48
960 93
960 111
960 142
960 204
960 219
960 224
960 230
960 239
960 241
960 276
960 279
960 309
960 311
960 316
960 327
960 353
960 359
960 361
960 379
960 405
960 429
960 465
960 496
960 506
960 532
960 533
960 536
960 539
960 552
960 593
960 618
960 668
960 696
960 746
960 748
960 770
960 818
960 821
960 841
960 877
960 901
960 904
960 958
960 961
960 967
960 975
967 45
967 93
967 98
967 160
967 169
967 204
967 205
967 216
967 222
967 241
967 276
967 293
967 309
967 311
967 316
967 318
967 321
967 327
967 343
967 353
967 359
967 379
967 405
967 429
967 435
967 506
967 532
967 533
967 536
967 539
967 552
967 559
967 593
967 594
967 618
967 668
967 696
967 738
967 739
967 742
967 748
967 818
967 821
967 841
967 901
967 904
967 909
967 918
967 925
967 958
967 975
975 93
975 111
975 141
975 142
975 144
975 160
975 169
975 184
975 204
975 205
975 216
975 219
975 221
975 276
975 309
975 311
975 316
975 318
975 327
975 343
975 353
975 359
975 379
975 405
975 429
975 506
975 532
975 533
975 536
975 538
975 539
975 552
975 593
975 613
975 618
975 622
975 668
975 692
975 696
975 748
975 776
975 807
975 817
975 818
975 821
975 828
975 831
975 841
975 858
975 870
975 879
975 901
975 904
975 911
975 958
975 986
35 441
441 587
441 624
441 733
441 877
36 342
36 827
342 541
342 854
342 895
827 113
827 266
827 381
827 446
827 544
827 605
827 719
827 727
827 765
827 767
827 784
827 800
827 851
827 883
827 893
827 979
37 537
37 546
37 573
37 811
537 110
537 147
537 721
537 730
537 734
537 838
537 911
546 217
546 256
546 543
546 769
546 911
573 40
573 194
573 568
573 846
811 642
811 667
811 749
811 774
811 784
811 828
811 835
811 845
811 851
811 885
811 926
811 936
811 961
725 180
725 467
725 729
725 731
725 760
725 773
725 854
725 858
725 876
725 895
879 68
879 238
879 310
879 361
879 410
879 444
879 496
879 607
879 621
879 688
879 689
879 703
879 716
879 717
879 781
879 793
879 853
879 881
879 933
879 955
879 968
879 972
879 979
925 55
925 70
925 90
925 123
925 154
925 155
925 177
925 208
925 308
925 328
925 371
925 388
925 469
925 473
925 568
925 592
925 600
925 626
925 638
925 680
925 714
925 790
925 838
925 840
925 858
925 887
925 911
925 924
925 964
39 422
39 676
422 277
422 929
422 945
422 988
676 118
676 194
676 451
676 540
676 737
676 874
676 883
676 918
676 945
676 982
40 497
40 714
497 714
497 768
497 781
497 838
714 429
714 484
714 600
714 790
714 838
714 887
714 986
41 705
41 883
41 945
705 55
705 446
705 616
705 692
705 729
705 743
705 820
705 874
705 945
883 48
883 177
883 179
883 196
883 228
883 256
883 335
883 404
883 435
883 474
883 580
883 710
883 738
883 778
883 802
883 805
883 820
883 836
883 859
883 861
883 882
883 918
883 945
945 87
945 150
945 157
945 171
945 185
945 228
945 237
945 306
945 344
945 391
945 396
945 401
945 437
945 440
945 474
945 486
945 495
945 513
945 579
945 580
945 582
945 661
945 674
945 692
945 698
945 710
945 743
945 778
945 779
945 852
945 861
945 870
945 874
945 876
945 891
945 991
42 754
754 145
754 163
754 453
754 624
754 643
754 689
754 721
754 793
754 842
754 877
754 886
754 924
43 658
43 831
43 917
658 47
658 460
658 516
658 562
658 678
658 775
658 801
658 833
658 917
831 72
831 314
831 419
831 472
831 562
831 575
831 598
831 649
831 678
831 780
831 802
831 833
831 863
831 917
831 968
917 72
917 94
917 109
917 115
917 281
917 305
917 334
917 370
917 419
917 442
917 480
917 516
917 575
917 598
917 604
917 649
917 678
917 706
917 708
917 748
917 775
917 780
917 833
917 835
917 858
917 863
917 865
917 921
44 535
44 712
44 837
44 958
535 183
535 206
535 386
535 690
535 955
535 982
712 322
712 323
712 495
712 550
712 596
712 685
712 766
712 772
712 778
712 932
837 132
837 182
837 242
837 270
837 274
837 278
837 505
837 550
837 634
837 685
837 688
837 690
837 766
837 769
837 772
837 799
837 825
837 853
837 972
958 98
958 142
958 169
958 205
958 216
958 276
958 309
958 316
958 318
958 327
958 343
958 353
958 357
958 359
958 379
958 405
958 429
958 448
958 506
958 532
958 533
958 536
958 539
958 549
958 552
958 593
958 606
958 618
958 668
958 696
958 748
958 770
958 775
958 793
958 818
958 821
958 838
958 841
958 846
958 859
958 873
958 901
958 902
958 904
958 955
958 994
48 283
48 571
283 480
283 575
283 943
571 335
571 391
571 585
571 776
571 779
571 918
571 979
49 352
49 558
49 895
49 962
352 382
352 871
352 886
352 946
558 319
558 485
558 606
558 858
558 876
895 54
895 62
895 78
895 92
895 263
895 299
895 349
895 425
895 485
895 531
895 542
895 575
895 731
895 741
895 773
895 784
895 788
895 819
895 830
895 842
895 854
895 858
895 876
895 988
962 76
962 125
962 167
962 183
962 187
962 193
962 194
962 201
962 212
962 215
962 224
962 243
962 249
962 279
962 326
962 328
962 333
962 337
962 362
962 387
962 410
962 424
962 439
962 443
962 471
962 482
962 524
962 526
962 545
962 589
962 610
962 613
962 614
962 645
962 666
962 681
962 702
962 710
962 726
962 750
962 752
962 761
962 777
962 790
962 807
962 826
962 846
962 850
962 931
962 940
962 964
962 979
962 988
50 233
50 836
233 488
233 682
233 707
836 329
836 512
836 563
836 590
836 597
836 724
836 736
836 759
836 828
836 835
836 865
836 885
836 898
836 936
836 972
51 760
51 790
760 84
760 469
760 839
760 850
760 926
760 937
760 938
760 964
760 970
760 978
790 84
790 128
790 268
790 340
790 568
790 592
790 626
790 726
790 838
790 891
790 901
52 128
52 940
128 423
940 76
940 108
940 125
940 136
940 167
940 194
940 201
940 252
940 273
940 288
940 328
940 410
940 505
940 508
940 524
940 534
940 610
940 613
940 614
940 645
940 666
940 733
940 737
940 750
940 752
940 761
940 777
940 797
940 807
940 850
940 854
940 897
940 929
940 979
53 715
53 809
53 890
53 892
715 187
715 471
715 693
715 702
715 750
715 752
715 797
715 850
715 972
715 979
809 173
809 214
809 222
809 236
809 403
809 469
809 508
809 597
809 640
809 695
809 755
809 808
809 849
809 863
809 894
809 931
809 946
890 124
890 175
890 259
890 267
890 303
890 307
890 336
890 375
890 433
890 640
890 695
890 697
890 797
890 825
890 875
890 892
890 924
890 930
890 931
892 147
892 168
892 229
892 243
892 267
892 286
892 305
892 315
892 348
892 390
892 433
892 508
892 697
892 703
892 781
892 785
892 825
892 830
892 875
892 924
892 930
892 994
54 858
858 153
858 307
858 459
858 486
858 544
858 565
858 731
858 788
858 815
858 830
858 854
858 876
55 840
55 887
840 74
840 154
840 208
840 308
840 388
840 473
840 484
840 585
840 636
840 728
840 784
840 838
840 887
887 57
887 70
887 90
887 120
887 290
887 371
887 388
887 473
887 484
887 503
887 585
887 592
887 611
887 626
887 833
887 838
56 746
56 955
746 166
746 250
746 355
746 387
746 574
746 708
746 824
746 871
955 67
955 68
955 69
955 74
955 75
955 79
955 83
955 99
955 148
955 171
955 213
955 219
955 238
955 257
955 296
955 310
955 330
955 334
955 361
955 364
955 368
955 444
955 447
955 476
955 496
955 607
955 621
955 662
955 688
955 716
955 717
955 781
955 793
955 795
955 806
955 817
955 825
955 853
955 863
955 881
955 882
955 898
955 933
955 938
57 726
57 863
57 979
726 96
726 337
726 654
726 702
726 750
726 826
726 961
726 991
863 109
863 216
863 245
863 281
863 370
863 394
863 419
863 460
863 480
863 516
863 575
863 649
863 678
863 687
863 706
863 775
863 780
863 781
863 833
863 850
863 936
979 96
979 108
979 125
979 187
979 193
979 194
979 201
979 215
979 243
979 249
979 252
979 273
979 279
979 297
979 328
979 362
979 387
979 389
979 410
979 420
979 431
979 443
979 471
979 482
979 510
979 524
979 534
979 545
979 596
979 610
979 613
979 614
979 645
979 666
979 698
979 702
979 733
979 744
979 750
979 752
979 777
979 797
979 807
979 826
979 850
979 924
979 929
979 972
979 982
979 986
58 592
58 651
58 679
58 793
58 946
592 155
592 223
592 600
592 753
592 986
651 255
651 512
651 586
651 597
651 670
651 671
651 755
651 893
651 931
679 222
679 260
679 325
679 582
679 597
679 630
679 751
679 894
679 946
793 69
793 310
793 330
793 334
793 359
793 476
793 717
793 781
793 810
793 817
793 830
793 853
793 881
946 110
946 121
946 141
946 173
946 214
946 222
946 234
946 236
946 263
946 289
946 325
946 383
946 403
946 450
946 502
946 509
946 563
946 565
946 580
946 581
946 582
946 597
946 630
946 636
946 668
946 670
946 671
946 695
946 713
946 753
946 755
946 765
946 808
946 849
946 861
946 893
946 894
946 897
946 904
946 931
946 988
59 440
440 93
440 778
60 815
815 500
815 528
815 629
815 632
815 664
815 747
815 749
815 759
815 776
815 828
815 835
815 845
815 851
815 885
815 897
815 898
815 908
815 936
61 978
978 100
978 165
978 207
978 230
978 235
978 242
978 275
978 338
978 354
978 415
978 428
978 432
978 457
978 494
978 538
978 548
978 555
978 557
978 559
978 566
978 577
978 584
978 595
978 596
978 604
978 619
978 649
978 691
978 711
978 737
978 741
978 762
978 768
978 785
978 786
978 810
978 835
978 846
978 852
978 868
978 880
978 882
978 905
978 909
978 918
978 920
978 921
978 926
978 937
978 938
978 964
978 970
62 380
62 835
380 188
380 812
835 369
835 398
835 442
835 569
835 638
835 724
835 762
835 776
835 784
835 804
835 897
835 898
835 908
835 936
63 264
63 755
63 894
63 932
264 296
264 581
264 893
264 931
755 581
755 582
755 630
755 742
755 753
755 788
755 893
755 894
755 931
894 121
894 214
894 236
894 304
894 351
894 403
894 509
894 563
894 581
894 582
894 630
894 636
894 666
894 670
894 671
894 753
894 849
894 893
894 931
894 933
894 938
894 943
894 994
932 112
932 137
932 152
932 206
932 231
932 278
932 304
932 333
932 345
932 378
932 409
932 430
932 504
932 544
932 548
932 550
932 576
932 634
932 687
932 690
932 766
932 772
932 798
932 799
932 897
932 968
932 982
64 313
64 832
313 343
313 806
313 817
832 244
832 293
832 351
832 416
832 421
832 431
832 448
832 483
832 511
832 602
832 620
832 637
832 673
832 750
832 805
832 930
832 938
66 819
66 893
66 918
819 116
819 210
819 407
819 466
819 486
819 489
819 624
819 702
819 788
819 830
819 854
819 876
819 891
819 968
893 141
893 169
893 181
893 300
893 351
893 403
893 502
893 509
893 563
893 565
893 582
893 597
893 630
893 636
893 671
893 695
893 753
893 765
893 845
893 849
893 931
893 994
918 228
918 356
918 437
918 455
918 474
918 506
918 507
918 513
918 561
918 597
918 616
918 617
918 674
918 690
918 692
918 698
918 778
918 779
918 785
918 802
918 820
918 861
918 874
918 938
918 964
67 619
67 795
67 933
619 443
619 896
619 964
619 970
795 330
795 444
795 447
795 578
795 621
795 716
795 723
795 817
795 853
795 881
795 924
795 933
933 72
933 79
933 83
933 99
933 213
933 238
933 330
933 334
933 361
933 364
933 368
933 444
933 455
933 476
933 523
933 575
933 663
933 688
933 703
933 716
933 751
933 781
933 853
933 881
933 970
933 988
933 991
68 587
68 897
587 434
587 599
587 661
587 839
587 871
587 970
897 369
897 398
897 423
897 458
897 512
897 583
897 629
897 673
897 724
897 728
897 749
897 774
897 776
897 784
897 804
897 828
897 845
897 851
897 885
897 920
897 936
69 741
69 881
741 877
741 926
741 937
741 938
741 964
741 970
881 79
881 109
881 161
881 334
881 444
881 594
881 597
881 607
881 621
881 662
881 688
881 703
881 717
881 781
881 786
881 817
881 853
881 901
881 911
71 640
71 650
71 768
71 875
71 930
640 802
640 825
640 924
640 930
650 518
650 569
650 594
650 595
650 606
650 625
650 722
650 902
768 155
768 439
768 683
768 870
768 891
768 905
768 920
768 943
768 961
875 139
875 267
875 298
875 390
875 418
875 433
875 457
875 508
875 734
875 783
875 825
875 868
875 877
875 924
875 930
875 972
875 991
930 107
930 175
930 236
930 267
930 276
930 286
930 298
930 303
930 336
930 345
930 348
930 375
930 390
930 418
930 457
930 468
930 508
930 565
930 635
930 675
930 696
930 729
930 825
930 901
930 924
72 562
562 706
562 775
562 780
562 896
73 561
561 461
561 644
561 732
75 566
75 853
566 515
566 970
853 310
853 364
853 476
853 621
853 635
853 662
853 674
853 683
853 716
853 717
853 920
76 968
968 225
968 466
968 608
968 643
968 653
968 671
968 678
968 747
968 785
968 794
968 796
968 813
968 838
968 869
968 896
968 929
968 961
968 972
968 982
968 986
968 988
968 991
968 994
77 407
407 263
407 596
407 823
407 876
78 312
78 663
312 487
663 578
663 586
663 644
663 732
663 770
663 994
80 742
80 936
742 127
742 131
742 135
742 430
742 556
742 656
742 684
742 823
936 148
936 218
936 330
936 338
936 408
936 423
936 485
936 528
936 583
936 600
936 629
936 638
936 642
936 693
936 724
936 733
936 736
936 749
936 759
936 774
936 776
936 804
936 828
936 851
936 869
936 885
936 898
936 908
81 788
788 307
788 436
788 459
788 489
788 518
788 854
788 876
788 885
788 926
82 727
727 272
727 347
727 395
727 607
727 700
727 899
727 937
727 991
83 703
83 961
703 349
703 447
703 496
703 521
703 717
703 817
961 337
961 375
961 417
961 436
961 514
961 582
961 586
961 609
961 612
961 628
961 654
961 672
961 701
961 719
961 720
961 723
961 757
961 812
961 813
961 821
961 846
961 870
961 873
961 891
961 905
961 920
961 921
961 943
961 991
84 223
223 90
223 628
85 130
130 186
130 252
130 680
86 605
86 876
605 765
605 865
605 899
876 210
876 229
876 249
876 430
876 466
876 486
876 487
876 542
876 731
876 773
876 781
876 797
876 854
876 882
87 698
87 749
698 160
698 193
698 199
698 344
698 778
698 874
749 276
749 322
749 503
749 583
749 590
749 610
749 708
749 774
749 845
749 908
88 304
88 687
88 929
304 206
304 804
687 504
687 505
687 553
687 602
687 685
687 769
687 772
929 336
929 549
929 577
929 637
929 678
929 747
929 785
929 794
929 796
929 869
929 896
929 964
929 972
929 982
929 986
929 988
929 991
929 994
89 369
89 789
369 398
789 211
789 296
789 325
789 463
789 517
789 549
789 683
789 800
789 854
789 865
789 986
90 446
446 767
446 986
91 533
533 909
92 450
92 665
450 524
450 753
450 849
450 931
665 119
665 225
665 239
665 257
665 390
665 625
665 713
665 730
665 798
665 824
665 902
94 833
833 115
833 245
833 305
833 394
833 409
833 460
833 500
833 598
833 706
833 775
833 780
833 801
833 824
833 852
95 670
95 708
670 200
670 236
670 502
670 849
670 931
670 982
708 225
708 483
708 523
708 606
708 801
708 902
96 421
421 532
421 728
421 805
421 812
97 483
97 680
483 131
483 794
483 805
680 197
680 250
680 309
680 527
680 722
680 739
680 751
680 902
98 154
98 559
154 736
559 103
559 970
99 662
99 707
662 282
662 447
662 496
662 781
662 784
662 817
662 972
707 472
707 488
707 498
707 578
707 664
707 686
101 689
689 163
689 399
689 724
689 748
689 842
689 877
689 886
102 426
102 623
102 842
426 303
426 586
426 772
426 874
623 240
623 247
623 306
623 392
623 430
623 461
623 530
842 186
842 294
842 399
842 400
842 521
842 526
842 599
842 624
842 661
842 699
842 765
842 839
842 859
842 871
842 886
104 288
104 322
288 685
288 799
105 762
762 909
762 921
762 926
762 937
762 938
762 964
762 970
762 994
106 244
244 738
107 666
107 825
666 428
666 524
666 761
666 807
666 920
825 164
825 168
825 193
825 298
825 588
825 612
825 697
825 924
108 432
432 988
109 148
109 502
148 575
148 775
502 110
502 565
502 608
502 695
502 931
110 383
110 403
383 536
383 564
383 630
383 695
383 753
383 931
403 323
403 931
403 988
112 333
112 417
112 576
112 603
333 451
333 634
333 766
417 164
576 137
576 409
576 430
576 766
576 873
603 364
603 602
603 700
603 728
113 315
113 899
315 173
315 924
899 141
899 296
899 319
899 395
899 402
899 424
899 463
899 498
899 547
899 620
899 693
899 713
899 719
899 767
899 800
899 823
899 865
899 970
899 988
114 265
114 329
114 854
265 661
329 638
329 802
329 898
854 228
854 349
854 467
854 489
854 531
854 773
854 775
854 830
854 896
854 986
115 394
394 644
394 649
394 986
117 611
611 123
611 568
611 585
611 626
611 632
119 493
119 877
493 399
493 653
493 700
493 744
493 871
493 877
493 886
877 192
877 270
877 327
877 420
877 427
877 521
877 526
877 551
877 553
877 599
877 624
877 643
877 744
877 810
877 839
877 886
120 839
120 964
839 382
839 420
839 599
839 704
839 744
839 871
839 886
839 986
964 388
964 503
964 542
964 595
964 596
964 604
964 691
964 711
964 737
964 775
964 786
964 810
964 846
964 852
964 868
964 880
964 882
964 909
964 921
964 926
964 937
964 938
964 970
964 988
121 216
121 622
121 931
622 613
622 986
622 988
622 991
622 994
931 157
931 173
931 200
931 202
931 234
931 255
931 278
931 325
931 351
931 563
931 581
931 597
931 630
931 671
931 672
931 695
931 799
931 808
931 849
122 606
122 694
122 824
122 898
606 713
606 801
606 856
606 902
694 178
694 302
694 499
694 518
694 722
694 729
694 751
694 801
694 986
824 209
824 303
824 311
824 324
824 393
824 527
824 543
824 564
824 722
824 729
824 798
824 801
824 937
898 155
898 174
898 180
898 321
898 398
898 503
898 512
898 555
898 583
898 724
898 731
898 736
898 759
898 774
898 776
898 804
898 828
898 845
898 851
898 885
898 908
123 653
653 241
653 794
653 805
653 812
124 355
124 652
355 739
355 823
652 472
652 586
652 683
652 704
652 770
126 412
126 880
412 182
412 799
880 356
880 364
880 444
880 620
880 688
880 810
880 846
880 852
880 868
880 873
880 882
880 909
880 911
880 921
880 926
880 937
880 938
880 970
127 556
127 767
556 135
556 484
556 721
556 734
556 738
767 395
767 402
767 549
767 765
767 800
767 806
767 896
767 988
423 408
423 697
423 786
423 885
129 182
129 487
129 728
182 156
182 769
487 210
487 805
728 588
728 730
728 805
728 806
728 812
728 818
728 871
186 163
252 431
131 414
131 526
131 911
414 648
414 682
414 738
414 856
414 911
526 661
526 704
911 135
911 217
911 226
911 232
911 256
911 258
911 321
911 339
911 530
911 543
911 648
911 699
911 702
911 730
911 734
911 738
911 765
911 783
911 797
911 823
132 362
132 367
132 799
362 530
367 504
367 550
367 588
367 873
799 191
799 323
799 386
799 504
799 544
799 766
799 769
799 970
447 539
447 841
859 310
859 347
859 356
859 401
859 451
859 455
859 495
859 500
859 674
859 692
859 706
859 710
859 736
859 743
859 779
859 802
859 861
135 630
630 636
630 753
630 994
137 437
437 637
437 874
500 706
500 780
500 982
139 804
804 246
804 528
804 532
804 629
804 632
804 774
804 776
804 784
804 908
564 388
564 473
564 838
141 753
753 469
753 563
753 671
753 695
753 868
142 477
477 685
477 988
477 991
477 994
143 637
637 317
637 448
637 744
637 805
144 625
144 729
144 902
625 162
625 635
625 713
625 739
625 856
625 902
625 991
729 250
729 522
729 569
729 713
729 801
729 856
729 902
902 178
902 189
902 209
902 250
902 290
902 358
902 393
902 594
902 635
902 647
902 722
902 739
902 751
902 798
902 821
902 852
902 856
145 207
145 886
207 494
207 520
886 393
886 420
886 427
886 453
886 481
886 484
886 511
886 521
886 553
886 661
886 686
886 744
886 806
886 873
886 972
147 924
924 168
924 303
924 348
924 375
924 390
924 418
924 433
924 457
924 468
924 508
924 594
924 648
924 672
924 697
924 991
575 678
575 943
775 314
775 480
775 516
775 598
775 780
775 818
775 920
149 293
149 678
149 805
678 211
678 419
678 649
678 780
678 972
805 300
805 376
805 602
805 806
805 904
150 452
452 469
452 530
452 614
181 471
181 783
152 634
152 648
152 766
634 410
634 439
634 645
634 690
648 226
648 699
648 783
766 231
766 465
766 585
766 769
766 891
153 467
153 773
467 449
467 506
467 580
773 166
773 299
773 489
773 542
773 810
773 830
773 845
773 938
736 246
736 590
736 716
736 812
736 845
736 851
736 885
736 908
155 290
290 545
159 972
972 284
972 543
972 579
972 675
972 713
972 747
972 774
972 785
972 794
972 796
972 850
972 869
972 885
972 896
972 982
972 986
972 988
972 991
972 994
160 722
722 523
722 574
722 661
722 717
722 849
722 856
163 397
397 459
397 777
397 800
397 830
164 861
861 306
861 343
861 391
861 396
861 404
861 510
861 528
861 540
861 579
861 616
861 632
861 779
861 802
861 820
861 874
861 988
166 463
166 798
463 466
463 549
463 693
798 189
798 389
798 635
798 713
798 734
798 739
798 751
798 785
798 801
798 856
167 826
826 215
826 243
826 245
826 249
826 266
826 284
826 289
826 410
826 431
826 538
826 750
826 757
826 761
826 797
826 850
826 991
168 696
696 720
696 901
696 904
169 188
188 673
519 517
519 812
519 982
730 191
730 217
730 232
730 335
730 531
730 543
730 684
730 721
730 734
738 232
738 256
738 656
738 699
738 823
171 820
820 237
820 459
820 579
820 617
820 710
820 720
820 743
820 778
820 779
820 797
172 802
802 199
802 289
802 344
802 391
802 507
802 874
173 808
808 214
808 234
808 255
808 281
808 469
808 565
808 582
808 636
808 671
808 744
808 849
808 868
808 869
808 991
174 366
174 759
174 828
174 908
366 475
366 586
366 647
366 686
366 780
759 388
759 668
759 845
759 851
759 885
759 908
828 468
828 642
828 673
828 724
828 776
828 784
828 813
828 845
828 908
908 246
908 400
908 503
908 528
908 581
908 642
908 724
908 752
908 774
908 776
908 784
908 845
908 851
908 869
908 885
175 221
221 994
176 582
582 849
177 600
177 626
600 489
600 838
626 838
626 921
626 982
178 189
178 429
178 801
189 777
801 197
801 379
801 474
801 488
801 490
801 569
801 574
801 856
179 540
179 970
540 580
540 752
540 994
970 230
970 263
970 274
970 348
970 377
970 411
970 454
970 494
970 505
970 548
970 555
970 557
970 577
970 584
970 595
970 596
970 604
970 612
970 673
970 691
970 711
970 737
970 786
970 810
970 846
970 851
970 852
970 868
970 882
970 909
970 921
970 926
970 937
970 938
970 986
970 991
180 531
471 612
471 905
783 356
783 456
783 543
783 567
783 684
783 734
783 823
783 921
783 943
769 183
769 409
769 454
769 505
769 516
769 823
769 870
183 392
392 988
184 821
821 237
821 563
821 588
821 818
821 841
821 901
821 904
185 377
185 661
185 871
661 871
871 226
871 270
871 297
871 382
871 405
871 419
871 553
871 643
871 704
871 852
871 988
187 517
517 673
517 812
673 511
673 521
673 806
777 424
777 442
777 733
777 750
777 797
777 807
777 850
777 873
777 994
190 372
190 465
190 475
190 647
465 547
475 498
647 373
647 624
647 644
647 664
647 778
647 810
193 797
193 807
797 614
797 645
797 681
797 761
797 807
797 850
797 982
807 337
807 365
807 482
807 545
807 794
807 845
195 613
195 720
195 865
613 443
613 812
720 891
720 905
720 920
720 943
865 319
865 402
865 413
865 549
865 607
865 693
865 700
865 719
865 747
865 800
865 849
196 692
692 248
692 384
692 639
692 743
197 382
197 527
382 314
527 239
527 522
527 569
527 681
527 856
527 938
200 354
200 469
200 565
354 536
469 255
469 849
565 351
565 427
565 849
201 761
761 545
761 641
761 645
761 733
761 817
761 870
203 299
203 700
203 765
299 485
299 891
700 258
700 633
700 765
700 800
765 381
765 620
765 719
205 454
206 341
341 588
341 806
341 937
520 248
520 481
520 643
520 779
208 838
208 988
838 371
838 379
838 514
838 994
988 468
988 478
988 490
988 515
988 525
988 541
988 551
988 563
988 624
988 632
988 639
988 641
988 643
988 667
988 675
988 681
988 682
988 683
988 747
988 784
988 785
988 794
988 796
988 869
988 896
988 982
988 986
988 991
988 994
209 926
926 404
926 488
926 509
926 513
926 711
926 737
926 786
926 810
926 846
926 852
926 868
926 882
926 905
926 909
926 921
926 937
926 938
211 593
211 706
211 780
593 901
593 991
593 994
706 281
706 391
706 780
780 314
780 598
780 869
780 896
212 357
357 994
213 358
213 621
213 781
358 574
358 635
358 856
621 515
621 716
621 994
781 361
781 364
781 607
214 509
509 351
509 482
509 849
215 499
499 552
499 569
499 713
217 810
810 370
810 882
810 909
810 921
810 937
810 938
218 256
218 784
218 885
784 496
784 528
784 638
784 642
784 851
784 885
885 298
885 408
885 480
885 642
885 774
885 776
885 845
885 851
885 986
219 733
733 431
733 443
733 750
733 850
220 245
220 684
684 308
684 512
684 638
684 699
684 823
994 253
994 254
994 266
994 269
994 271
994 285
994 292
994 300
994 302
994 316
994 320
994 346
994 350
994 374
994 378
994 384
994 401
994 406
994 442
994 458
994 478
994 490
994 501
994 515
994 525
994 541
994 551
994 617
994 632
994 639
994 641
994 667
994 675
994 681
994 682
994 683
994 691
994 734
994 747
994 751
994 785
994 794
994 796
994 841
994 869
994 870
994 882
994 896
994 909
994 982
994 986
994 991
222 594
222 849
594 713
594 751
849 234
849 325
849 400
849 523
849 581
849 671
849 702
849 710
628 920
628 943
226 823
823 326
823 543
823 699
823 721
823 734
231 339
339 278
339 327
339 345
339 772
232 321
232 690
690 453
690 550
690 685
690 772
488 578
488 905
682 336
682 982
682 986
682 991
234 268
234 937
268 585
268 641
937 390
937 398
937 585
937 711
937 737
937 786
937 846
937 852
937 868
937 882
937 909
937 921
937 938
235 460
235 524
460 598
460 739
524 590
236 563
563 695
237 920
920 250
920 331
920 654
920 672
920 701
920 723
920 757
920 813
920 870
920 873
920 891
920 905
920 943
238 806
806 353
806 511
806 602
806 812
806 869
239 713
713 518
713 751
240 510
240 589
240 608
240 675
510 373
510 644
510 664
510 737
589 553
589 686
589 732
589 786
608 664
608 770
608 874
675 402
675 982
675 986
675 991
246 512
246 668
512 638
668 901
668 904
251 620
251 770
251 772
620 701
620 800
770 286
770 373
770 498
770 686
770 732
772 274
772 345
772 386
772 436
772 739
431 850
253 686
686 732
254 476
476 774
476 817
255 671
257 518
257 751
518 393
518 744
751 523
751 530
751 635
258 456
456 734
259 347
259 406
347 629
347 778
406 991
260 800
800 435
800 732
262 812
262 845
262 856
812 416
812 817
845 408
845 583
845 638
845 724
856 393
856 522
856 523
856 574
856 635
856 641
856 748
856 905
856 921
856 991
263 830
830 319
830 349
830 466
830 485
830 542
830 635
830 731
581 636
581 841
581 909
267 302
267 590
590 723
590 938
585 901
641 618
641 986
641 991
269 569
569 522
569 710
271 308
271 331
331 717
272 418
272 943
418 468
418 473
943 457
943 473
943 516
943 612
943 649
943 654
943 672
943 701
943 716
943 723
943 757
943 813
943 846
943 870
943 873
943 891
943 905
273 542
273 752
542 459
752 387
752 416
752 710
752 796
752 850
752 905
274 345
274 398
345 614
398 851
281 334
480 370
285 599
599 294
599 514
286 348
287 574
685 374
685 504
685 544
685 986
545 389
545 548
545 695
704 370
704 744
292 513
292 938
513 401
513 674
938 420
938 691
938 711
938 737
938 786
938 846
938 852
938 868
938 882
938 909
938 921
938 991
294 595
595 374
578 635
297 850
850 425
850 538
850 584
850 691
850 702
485 779
891 667
891 695
891 723
891 757
891 813
891 870
891 873
891 905
301 614
614 538
614 750
303 904
904 478
904 649
904 748
904 818
904 841
904 896
904 901
904 982
904 991
305 314
314 697
306 841
841 748
841 818
841 901
841 991
307 796
796 869
796 896
796 982
796 986
796 991
311 721
721 472
721 567
721 656
817 496
817 598
817 607
817 688
817 716
817 719
697 390
697 991
317 588
317 624
588 448
624 453
318 501
318 785
501 868
501 991
785 896
785 905
785 982
785 986
785 991
320 868
868 439
868 846
868 852
868 882
868 909
868 921
324 739
739 523
739 896
325 636
325 701
636 539
636 695
701 905
638 851
330 583
583 557
717 368
717 607
717 744
710 396
710 579
710 616
451 874
335 743
743 353
743 495
743 618
743 778
337 415
337 439
338 896
896 794
896 869
896 982
896 986
896 991
340 416
340 750
750 550
750 567
541 991
346 693
693 579
629 400
629 656
629 818
778 617
350 411
411 522
361 852
852 598
852 882
852 909
852 921
530 472
365 664
664 461
664 472
664 873
550 577
873 393
873 813
873 870
873 905
368 882
882 731
882 846
882 869
882 909
882 921
370 649
649 732
373 617
373 921
617 874
921 674
921 786
921 846
921 909
921 982
378 991
991 384
991 458
991 478
991 490
991 515
991 523
991 525
991 551
991 632
991 639
991 667
991 681
991 683
991 747
991 757
991 794
991 869
991 874
991 982
991 986
381 633
633 387
633 391
779 507
779 580
779 674
779 874
386 409
386 579
579 874
389 538
389 645
645 507
644 732
644 846
986 632
986 639
986 667
986 681
986 683
986 747
986 794
986 869
986 982
395 786
786 909
396 794
794 869
794 982
459 731
851 400
851 774
399 744
400 776
776 534
401 874
874 404
874 435
874 495
874 505
874 618
874 674
522 427
413 719
413 909
909 846
468 716
419 609
609 901
434 449
434 982
449 489
449 521
449 643
982 435
982 667
982 681
982 683
982 747
982 869
443 667
444 610
610 482
610 702
453 699
734 567
734 656
458 774
774 642
731 486
461 732
580 525
580 616
716 552
716 688
516 481
905 672
905 723
905 757
905 813
905 870
474 711
711 901
724 642
724 654
748 555
748 818
748 901
482 534
486 642
642 818
503 528
528 584
577 869
557 757
757 870
568 901
901 607
901 618
901 818
616 813
813 639
813 870
