0 832
0 869
0 875
0 909
0 952
832 123
832 309
832 446
832 460
832 506
832 572
832 576
832 594
832 599
832 652
832 705
832 724
832 799
832 815
832 823
832 839
832 869
832 875
832 893
832 909
832 979
832 989
869 156
869 159
869 165
869 228
869 386
869 399
869 456
869 460
869 506
869 550
869 572
869 594
869 659
869 675
869 724
869 754
869 762
869 815
869 823
869 855
869 875
869 877
869 909
869 934
869 953
869 960
875 50
875 59
875 114
875 241
875 257
875 310
875 456
875 460
875 550
875 572
875 584
875 599
875 669
875 675
875 682
875 724
875 754
875 823
875 836
875 866
875 893
875 903
875 908
875 909
875 960
909 8
909 51
909 59
909 123
909 132
909 136
909 165
909 188
909 228
909 257
909 309
909 317
909 327
909 410
909 456
909 506
909 550
909 572
909 575
909 584
909 594
909 599
909 634
909 675
909 716
909 724
909 754
909 765
909 790
909 815
909 823
909 893
909 905
909 971
909 976
909 987
952 462
952 502
952 508
952 572
952 646
952 667
952 734
952 747
952 755
952 771
952 812
952 813
952 815
952 838
952 839
952 846
952 859
952 862
952 867
952 892
952 896
952 912
952 926
952 930
952 932
952 958
952 962
952 963
952 964
952 966
952 970
952 972
952 975
952 979
952 980
952 981
952 991
1 121
1 703
1 789
1 903
1 948
121 223
121 249
121 879
121 948
703 6
703 293
703 466
703 500
703 737
703 828
703 847
703 859
703 879
703 903
703 905
703 933
703 948
789 360
789 636
789 860
789 923
789 960
789 976
789 978
789 982
789 983
789 985
789 987
789 988
789 989
789 990
789 993
789 995
789 996
789 997
903 6
903 25
903 175
903 208
903 244
903 253
903 357
903 360
903 396
903 423
903 428
903 466
903 477
903 500
903 566
903 576
903 578
903 606
903 653
903 662
903 698
903 717
903 773
903 812
903 818
903 828
903 837
903 849
903 851
903 948
903 950
903 968
903 996
948 3
948 6
948 25
948 38
948 48
948 68
948 90
948 134
948 200
948 211
948 216
948 221
948 223
948 242
948 253
948 293
948 346
948 357
948 360
948 362
948 428
948 433
948 466
948 477
948 500
948 566
948 578
948 606
948 625
948 653
948 654
948 662
948 668
948 698
948 712
948 741
948 773
948 818
948 823
948 828
948 837
948 846
948 847
948 851
948 879
948 880
948 888
948 927
948 930
948 950
948 971
948 978
948 980
948 984
948 995
948 999
2 911
2 972
2 979
2 981
2 991
911 8
911 18
911 81
911 116
911 149
911 174
911 198
911 212
911 268
911 279
911 287
911 320
911 339
911 353
911 382
911 426
911 433
911 435
911 545
911 553
911 564
911 571
911 622
911 693
911 711
911 739
911 760
911 784
911 792
911 804
911 812
911 821
911 824
911 854
911 914
911 955
911 961
911 973
911 981
972 3
972 67
972 119
972 126
972 153
972 155
972 184
972 203
972 204
972 224
972 256
972 263
972 276
972 278
972 283
972 308
972 313
972 367
972 390
972 417
972 436
972 481
972 510
972 513
972 519
972 523
972 526
972 549
972 558
972 560
972 571
972 593
972 603
972 604
972 614
972 638
972 643
972 646
972 718
972 729
972 734
972 747
972 755
972 760
972 768
972 802
972 812
972 813
972 838
972 839
972 847
972 859
972 862
972 867
972 888
972 896
972 907
972 912
972 923
972 928
972 958
972 963
972 964
972 970
972 975
972 979
972 981
972 985
972 986
979 96
979 106
979 119
979 153
979 154
979 158
979 179
979 184
979 185
979 186
979 197
979 203
979 217
979 218
979 276
979 278
979 308
979 313
979 331
979 367
979 374
979 390
979 417
979 420
979 436
979 453
979 467
979 475
979 481
979 510
979 513
979 519
979 523
979 549
979 560
979 593
979 606
979 614
979 631
979 638
979 643
979 646
979 673
979 734
979 747
979 812
979 813
979 838
979 839
979 859
979 862
979 867
979 896
979 900
979 901
979 912
979 913
979 929
979 936
979 958
979 963
979 964
979 967
979 970
979 975
979 981
979 989
979 991
979 994
979 999
981 23
981 57
981 63
981 96
981 119
981 155
981 158
981 184
981 185
981 186
981 203
981 204
981 256
981 263
981 276
981 278
981 283
981 313
981 331
981 367
981 374
981 390
981 399
981 417
981 436
981 462
981 481
981 484
981 510
981 513
981 519
981 523
981 526
981 549
981 551
981 560
981 588
981 593
981 613
981 614
981 638
981 643
981 646
981 657
981 661
981 734
981 747
981 812
981 813
981 838
981 839
981 855
981 859
981 862
981 867
981 879
981 885
981 896
981 912
981 915
981 951
981 954
981 958
981 960
981 963
981 964
981 968
981 970
981 975
981 977
981 987
981 988
981 989
991 146
991 157
991 192
991 196
991 262
991 307
991 323
991 345
991 348
991 352
991 388
991 398
991 402
991 410
991 437
991 442
991 447
991 465
991 490
991 499
991 512
991 522
991 556
991 567
991 585
991 587
991 589
991 596
991 605
991 611
991 618
991 619
991 623
991 641
991 650
991 653
991 654
991 657
991 659
991 664
991 665
991 686
991 687
991 717
991 726
991 728
991 729
991 750
991 752
991 768
991 786
991 794
991 817
991 840
991 846
991 865
991 873
991 874
991 880
991 882
991 885
991 901
991 927
991 930
991 938
991 941
991 942
991 946
991 950
991 968
991 973
991 974
991 977
991 980
991 982
991 984
991 986
991 988
991 992
991 993
991 994
991 998
991 999
3 578
3 879
3 924
578 68
578 396
578 500
578 737
578 851
578 879
578 966
578 987
879 25
879 112
879 221
879 311
879 357
879 396
879 409
879 428
879 500
879 566
879 606
879 653
879 668
879 698
879 744
879 776
879 818
879 828
879 837
879 847
879 889
879 916
879 939
924 10
924 42
924 50
924 60
924 79
924 91
924 166
924 229
924 252
924 280
924 302
924 315
924 405
924 455
924 512
924 517
924 544
924 547
924 551
924 583
924 629
924 634
924 641
924 678
924 694
924 704
924 726
924 750
924 751
924 814
924 825
924 835
924 841
924 850
924 882
924 888
924 898
924 915
924 920
924 932
924 933
924 949
924 955
924 982
924 987
4 206
4 722
4 921
4 927
4 946
206 570
206 811
206 836
206 917
206 930
722 658
722 779
722 787
722 803
722 827
722 854
722 856
722 920
722 927
722 944
722 946
722 949
722 951
722 955
921 73
921 325
921 352
921 461
921 569
921 737
921 797
921 818
921 845
921 852
921 880
921 883
921 885
921 889
921 922
921 929
921 935
921 937
921 954
921 960
921 973
921 976
921 978
921 982
921 983
921 985
921 987
921 988
921 989
921 990
921 995
921 996
921 997
927 14
927 26
927 39
927 93
927 137
927 164
927 249
927 260
927 273
927 277
927 311
927 354
927 372
927 373
927 379
927 405
927 413
927 464
927 491
927 511
927 521
927 528
927 586
927 616
927 620
927 629
927 658
927 714
927 761
927 787
927 802
927 803
927 808
927 827
927 854
927 856
927 878
927 896
927 916
927 920
927 946
927 967
927 994
946 33
946 39
946 73
946 93
946 113
946 137
946 142
946 164
946 210
946 249
946 260
946 273
946 291
946 311
946 354
946 372
946 373
946 379
946 393
946 405
946 413
946 445
946 484
946 491
946 507
946 511
946 521
946 528
946 552
946 586
946 616
946 619
946 620
946 631
946 658
946 697
946 704
946 714
946 779
946 787
946 803
946 827
946 843
946 854
946 856
946 857
946 878
946 916
946 920
946 931
946 937
946 943
946 962
946 978
946 987
946 999
5 841
5 873
5 933
5 949
5 989
841 315
841 517
841 535
841 583
841 629
841 704
841 726
841 740
841 750
841 825
841 835
841 888
841 898
841 915
841 932
841 933
841 942
841 949
841 964
841 968
841 983
841 994
873 645
873 814
873 844
873 865
873 874
873 880
873 882
873 899
873 901
873 913
873 941
873 950
873 968
873 971
873 973
873 974
873 984
873 986
873 988
873 992
873 993
873 994
873 998
873 999
933 10
933 42
933 56
933 79
933 166
933 274
933 275
933 280
933 302
933 367
933 391
933 455
933 517
933 544
933 547
933 556
933 583
933 626
933 629
933 634
933 704
933 714
933 726
933 742
933 750
933 751
933 766
933 812
933 814
933 825
933 835
933 861
933 878
933 888
933 898
933 915
933 916
933 932
933 939
933 947
933 949
933 962
933 966
933 985
949 10
949 42
949 44
949 50
949 56
949 60
949 71
949 79
949 91
949 117
949 166
949 176
949 226
949 229
949 274
949 275
949 280
949 302
949 315
949 389
949 391
949 455
949 517
949 520
949 544
949 547
949 556
949 583
949 585
949 600
949 608
949 626
949 629
949 634
949 640
949 664
949 680
949 704
949 726
949 750
949 751
949 814
949 825
949 829
949 835
949 888
949 898
949 915
949 932
949 940
949 950
949 954
949 957
949 963
949 974
949 995
989 7
989 24
989 45
989 86
989 99
989 103
989 106
989 147
989 175
989 178
989 207
989 237
989 248
989 322
989 323
989 375
989 376
989 407
989 422
989 423
989 450
989 470
989 471
989 507
989 527
989 592
989 595
989 600
989 608
989 617
989 691
989 709
989 725
989 732
989 738
989 744
989 748
989 751
989 756
989 772
989 776
989 783
989 785
989 790
989 799
989 805
989 807
989 818
989 821
989 828
989 837
989 843
989 852
989 862
989 871
989 878
989 883
989 885
989 894
989 915
989 922
989 929
989 937
989 938
989 954
989 957
989 958
989 960
989 961
989 970
989 976
989 978
989 982
989 983
989 985
989 987
989 988
989 990
989 995
989 996
989 997
6 732
6 821
732 718
732 902
732 970
732 976
732 978
732 982
732 983
732 985
732 987
732 988
732 990
732 995
732 996
732 997
821 128
821 769
821 906
821 937
821 954
821 960
821 961
821 976
821 978
821 982
821 983
821 985
821 987
821 988
821 990
821 992
821 995
821 996
821 997
7 845
7 995
7 996
7 997
845 30
845 167
845 200
845 205
845 228
845 326
845 389
845 420
845 561
845 631
845 699
845 709
845 733
845 820
845 867
845 877
845 895
845 906
845 910
845 944
845 947
845 956
845 961
995 24
995 26
995 44
995 45
995 74
995 86
995 103
995 106
995 132
995 147
995 178
995 214
995 236
995 247
995 248
995 254
995 296
995 306
995 322
995 375
995 376
995 407
995 422
995 423
995 450
995 452
995 460
995 470
995 471
995 485
995 504
995 507
995 527
995 590
995 592
995 595
995 600
995 608
995 617
995 688
995 691
995 706
995 733
995 744
995 748
995 765
995 772
995 776
995 778
995 781
995 783
995 785
995 805
995 807
995 843
995 851
995 852
995 855
995 863
995 883
995 884
995 885
995 888
995 900
995 918
995 922
995 928
995 929
995 937
995 951
995 953
995 954
995 960
995 971
995 976
995 978
995 982
995 983
995 985
995 987
995 988
995 990
995 992
995 996
995 997
996 24
996 45
996 74
996 86
996 99
996 103
996 147
996 175
996 178
996 207
996 214
996 223
996 236
996 247
996 248
996 296
996 306
996 322
996 346
996 363
996 375
996 376
996 402
996 407
996 422
996 423
996 450
996 470
996 471
996 476
996 507
996 517
996 527
996 555
996 592
996 595
996 600
996 608
996 609
996 615
996 617
996 641
996 660
996 684
996 691
996 727
996 744
996 746
996 748
996 772
996 776
996 779
996 783
996 785
996 801
996 805
996 807
996 811
996 842
996 843
996 852
996 854
996 883
996 885
996 888
996 890
996 892
996 894
996 902
996 922
996 929
996 937
996 954
996 955
996 960
996 975
996 976
996 978
996 982
996 983
996 985
996 986
996 987
996 988
996 990
996 997
996 999
997 24
997 26
997 45
997 74
997 85
997 86
997 87
997 99
997 106
997 147
997 175
997 178
997 207
997 214
997 236
997 247
997 248
997 296
997 306
997 322
997 333
997 375
997 376
997 407
997 412
997 422
997 423
997 450
997 466
997 470
997 471
997 507
997 527
997 532
997 536
997 592
997 594
997 595
997 600
997 608
997 617
997 618
997 676
997 691
997 727
997 744
997 748
997 752
997 772
997 776
997 783
997 785
997 805
997 807
997 826
997 835
997 838
997 843
997 847
997 852
997 863
997 880
997 883
997 885
997 888
997 919
997 922
997 929
997 935
997 937
997 938
997 954
997 958
997 960
997 962
997 964
997 968
997 976
997 978
997 980
997 982
997 983
997 985
997 987
997 988
997 990
997 992
997 998
8 495
8 711
8 976
495 198
495 709
495 711
495 739
495 804
495 810
495 824
495 950
711 198
711 212
711 428
711 535
711 545
711 553
711 564
711 665
711 693
711 824
711 870
711 968
976 388
976 481
976 536
976 585
976 628
976 716
976 748
976 756
976 772
976 774
976 776
976 781
976 783
976 785
976 790
976 805
976 806
976 807
976 843
976 852
976 876
976 883
976 885
976 893
976 922
976 925
976 929
976 931
976 937
976 940
976 954
976 957
976 960
976 969
976 978
976 982
976 983
976 985
976 986
976 987
976 988
976 990
976 999
9 406
9 613
9 806
9 951
9 977
406 594
406 934
406 955
406 956
406 962
406 967
406 969
613 82
613 446
613 557
613 664
613 667
613 749
613 904
613 951
613 966
613 988
806 23
806 61
806 109
806 364
806 431
806 432
806 446
806 554
806 690
806 753
806 796
806 849
806 895
806 925
806 930
806 940
806 951
806 958
806 977
951 42
951 61
951 63
951 78
951 138
951 168
951 199
951 224
951 254
951 285
951 318
951 324
951 338
951 370
951 407
951 431
951 446
951 452
951 462
951 464
951 468
951 554
951 557
951 612
951 622
951 633
951 651
951 657
951 663
951 667
951 689
951 695
951 738
951 745
951 746
951 749
951 761
951 767
951 769
951 796
951 809
951 849
951 881
951 888
951 897
951 902
951 904
951 925
951 929
951 937
951 966
951 971
951 973
951 977
951 990
977 16
977 63
977 70
977 76
977 82
977 87
977 100
977 101
977 109
977 138
977 164
977 168
977 199
977 202
977 224
977 231
977 254
977 255
977 285
977 326
977 338
977 370
977 385
977 421
977 431
977 452
977 462
977 464
977 468
977 475
977 557
977 586
977 612
977 622
977 633
977 651
977 663
977 667
977 689
977 690
977 695
977 746
977 749
977 767
977 774
977 782
977 796
977 803
977 822
977 825
977 826
977 849
977 860
977 895
977 897
977 904
977 905
977 913
977 925
977 934
977 939
977 941
977 955
977 966
977 970
977 980
977 982
977 987
10 932
10 992
932 50
932 60
932 71
932 124
932 176
932 226
932 229
932 233
932 274
932 275
932 280
932 302
932 315
932 375
932 391
932 449
932 455
932 479
932 517
932 544
932 547
932 556
932 568
932 592
932 629
932 663
932 704
932 706
932 726
932 746
932 750
932 751
932 814
932 825
932 835
932 878
932 888
932 898
932 902
932 915
932 998
932 999
992 43
992 69
992 83
992 89
992 106
992 182
992 256
992 267
992 293
992 299
992 321
992 347
992 359
992 388
992 394
992 398
992 442
992 447
992 465
992 482
992 490
992 494
992 499
992 512
992 522
992 532
992 565
992 567
992 580
992 585
992 587
992 589
992 596
992 605
992 611
992 618
992 619
992 623
992 641
992 650
992 654
992 657
992 659
992 664
992 665
992 680
992 686
992 687
992 717
992 729
992 739
992 752
992 768
992 786
992 794
992 795
992 799
992 804
992 865
992 874
992 880
992 882
992 890
992 901
992 923
992 926
992 941
992 943
992 947
992 950
992 968
992 969
992 973
992 974
992 980
992 984
992 986
992 993
992 994
992 998
992 999
11 905
11 959
11 965
11 980
11 990
905 259
905 530
905 534
905 542
905 591
905 593
905 642
905 647
905 660
905 670
905 674
905 680
905 682
905 769
905 778
905 819
905 826
905 830
905 842
905 894
905 918
905 934
905 955
905 956
905 962
905 966
905 967
905 968
905 969
905 998
959 19
959 32
959 56
959 84
959 104
959 172
959 177
959 219
959 227
959 264
959 265
959 281
959 284
959 290
959 301
959 303
959 333
959 350
959 363
959 437
959 459
959 467
959 518
959 520
959 524
959 570
959 577
959 579
959 581
959 586
959 597
959 632
959 637
959 671
959 698
959 738
959 745
959 760
959 763
959 770
959 799
959 824
959 826
959 837
959 887
959 890
959 891
959 900
959 908
959 918
959 938
959 943
959 945
959 947
959 950
959 953
959 957
959 963
959 965
959 971
959 974
959 980
959 982
965 41
965 49
965 67
965 84
965 86
965 102
965 127
965 169
965 172
965 176
965 197
965 219
965 227
965 255
965 264
965 281
965 290
965 301
965 303
965 314
965 333
965 350
965 363
965 371
965 437
965 459
965 467
965 518
965 520
965 524
965 557
965 570
965 572
965 577
965 579
965 581
965 597
965 632
965 637
965 658
965 666
965 710
965 738
965 745
965 755
965 799
965 844
965 887
965 889
965 890
965 900
965 907
965 912
965 918
965 943
965 945
965 947
965 953
965 956
965 957
965 971
965 974
965 980
965 986
965 999
980 19
980 21
980 32
980 65
980 67
980 84
980 104
980 110
980 112
980 153
980 169
980 172
980 197
980 219
980 227
980 255
980 265
980 281
980 284
980 287
980 290
980 301
980 303
980 314
980 333
980 363
980 371
980 437
980 459
980 467
980 518
980 520
980 524
980 570
980 577
980 579
980 581
980 597
980 632
980 637
980 683
980 731
980 738
980 745
980 784
980 799
980 839
980 854
980 855
980 867
980 887
980 890
980 892
980 895
980 900
980 918
980 930
980 943
980 945
980 953
980 957
980 961
980 971
980 974
980 978
980 998
990 26
990 74
990 175
990 207
990 214
990 227
990 236
990 247
990 248
990 296
990 306
990 322
990 331
990 337
990 338
990 375
990 376
990 407
990 422
990 423
990 436
990 450
990 470
990 471
990 507
990 527
990 583
990 592
990 595
990 598
990 600
990 607
990 608
990 609
990 610
990 617
990 691
990 744
990 748
990 772
990 776
990 783
990 785
990 805
990 807
990 834
990 843
990 852
990 881
990 883
990 885
990 901
990 906
990 916
990 922
990 923
990 929
990 935
990 937
990 953
990 954
990 955
990 956
990 958
990 960
990 961
990 978
990 982
990 983
990 984
990 985
990 987
990 988
990 999
12 261
12 429
12 662
12 858
12 923
261 339
261 762
261 864
261 898
261 923
429 415
429 422
429 537
429 574
429 908
429 915
429 926
662 211
662 244
662 466
662 477
662 587
662 773
662 818
662 835
662 851
662 867
858 34
858 151
858 201
858 300
858 305
858 330
858 505
858 559
858 576
858 604
858 635
858 639
858 692
858 717
858 720
858 762
858 763
858 790
858 795
858 834
858 871
858 923
858 936
858 938
858 963
923 18
923 28
923 34
923 190
923 235
923 300
923 305
923 330
923 342
923 343
923 347
923 348
923 381
923 468
923 472
923 493
923 496
923 576
923 588
923 604
923 639
923 644
923 671
923 678
923 692
923 762
923 763
923 788
923 790
923 795
923 807
923 826
923 864
923 871
923 920
923 928
923 943
923 993
923 998
13 629
13 814
13 860
13 898
13 915
629 417
629 530
629 556
629 898
629 915
814 368
814 379
814 391
814 544
814 547
814 677
814 750
814 751
814 825
814 835
814 888
814 898
814 904
814 915
814 947
814 967
860 62
860 139
860 277
860 308
860 425
860 525
860 569
860 575
860 620
860 627
860 713
860 730
860 731
860 736
860 771
860 816
860 829
860 848
860 857
860 881
860 883
860 884
860 942
898 44
898 71
898 91
898 176
898 215
898 229
898 274
898 517
898 544
898 547
898 556
898 571
898 625
898 666
898 704
898 726
898 750
898 775
898 825
898 835
898 857
898 881
898 888
898 915
898 920
898 953
915 44
915 56
915 166
915 176
915 226
915 229
915 274
915 315
915 455
915 544
915 556
915 583
915 634
915 637
915 672
915 704
915 726
915 750
915 751
915 771
915 825
915 835
915 861
915 871
915 872
915 881
915 888
915 918
915 920
14 634
14 899
14 913
14 936
634 572
634 751
634 825
634 835
634 888
634 897
899 36
899 120
899 195
899 217
899 289
899 328
899 342
899 376
899 377
899 402
899 492
899 548
899 562
899 580
899 590
899 591
899 628
899 681
899 700
899 708
899 723
899 758
899 802
899 819
899 820
899 834
899 847
899 868
899 886
899 902
899 913
899 936
899 939
899 970
913 95
913 120
913 195
913 217
913 239
913 337
913 344
913 397
913 456
913 461
913 463
913 548
913 590
913 596
913 600
913 628
913 681
913 700
913 706
913 708
913 723
913 757
913 758
913 802
913 819
913 834
913 868
913 883
913 886
913 902
913 936
913 939
913 947
913 964
913 993
936 36
936 118
936 120
936 150
936 194
936 195
936 217
936 239
936 252
936 289
936 328
936 331
936 335
936 344
936 397
936 440
936 463
936 533
936 548
936 562
936 566
936 580
936 590
936 628
936 681
936 686
936 700
936 708
936 723
936 758
936 783
936 802
936 819
936 834
936 852
936 863
936 868
936 878
936 886
936 902
936 929
936 939
936 950
936 964
936 984
15 385
15 533
15 612
15 761
15 966
385 365
385 743
385 746
385 874
385 925
533 122
533 610
533 615
533 767
533 798
533 840
533 931
533 935
612 702
612 791
612 796
612 897
612 902
612 904
612 925
612 934
612 966
761 23
761 100
761 164
761 414
761 503
761 557
761 746
761 782
761 796
761 897
761 904
761 925
761 961
761 966
966 61
966 63
966 78
966 82
966 100
966 101
966 109
966 224
966 231
966 254
966 324
966 326
966 334
966 338
966 361
966 364
966 365
966 370
966 421
966 426
966 452
966 462
966 464
966 468
966 554
966 557
966 558
966 622
966 633
966 651
966 663
966 667
966 689
966 695
966 719
966 729
966 746
966 748
966 749
966 750
966 758
966 767
966 774
966 796
966 807
966 849
966 895
966 897
966 904
966 931
966 945
966 964
966 969
966 983
966 984
966 986
966 998
16 132
16 231
16 421
16 452
132 823
132 893
231 774
231 897
231 993
421 627
421 895
421 904
421 914
421 925
452 849
452 895
452 914
17 831
17 870
17 885
17 908
17 926
831 46
831 163
831 187
831 189
831 240
831 491
831 509
831 609
831 617
831 621
831 649
831 712
831 725
831 742
831 755
831 811
831 870
831 908
831 926
831 931
831 961
831 968
870 115
870 192
870 224
870 251
870 265
870 295
870 316
870 341
870 345
870 482
870 537
870 609
870 648
870 649
870 712
870 742
870 746
870 753
870 755
870 764
870 855
870 906
870 908
870 926
870 993
885 65
885 603
885 786
885 883
885 900
885 918
885 922
885 929
885 937
885 953
885 954
885 960
885 969
885 978
885 982
885 983
885 985
885 987
885 988
908 49
908 131
908 189
908 316
908 341
908 361
908 384
908 413
908 415
908 418
908 451
908 479
908 509
908 531
908 537
908 574
908 579
908 621
908 649
908 693
908 712
908 716
908 725
908 742
908 753
908 760
908 764
908 776
908 855
908 872
908 926
908 953
908 961
908 993
926 46
926 49
926 81
926 131
926 189
926 240
926 245
926 295
926 303
926 316
926 341
926 345
926 356
926 384
926 415
926 418
926 479
926 482
926 509
926 531
926 537
926 574
926 621
926 649
926 657
926 712
926 716
926 719
926 725
926 742
926 752
926 753
926 764
926 896
926 937
926 974
926 983
926 984
926 998
18 727
18 763
18 871
727 342
727 449
727 493
727 604
727 635
727 671
727 762
727 763
727 790
727 795
727 864
727 907
763 289
763 347
763 473
763 493
763 504
763 576
763 588
763 604
763 644
763 762
763 769
763 825
871 28
871 35
871 235
871 305
871 330
871 347
871 348
871 472
871 493
871 496
871 565
871 644
871 678
871 692
871 736
871 762
871 795
871 839
871 842
871 864
871 881
871 929
871 956
19 957
19 971
19 983
957 24
957 32
957 65
957 67
957 112
957 129
957 169
957 227
957 255
957 265
957 284
957 290
957 301
957 314
957 333
957 350
957 363
957 371
957 392
957 437
957 459
957 467
957 518
957 520
957 524
957 564
957 570
957 577
957 579
957 581
957 597
957 632
957 637
957 659
957 738
957 745
957 785
957 799
957 867
957 887
957 890
957 893
957 894
957 900
957 918
957 925
957 928
957 943
957 945
957 953
957 954
957 971
957 975
957 982
957 988
957 998
971 32
971 65
971 84
971 102
971 104
971 110
971 112
971 142
971 172
971 197
971 219
971 238
971 255
971 264
971 281
971 284
971 290
971 301
971 303
971 314
971 333
971 350
971 363
971 371
971 437
971 459
971 461
971 467
971 518
971 520
971 524
971 540
971 570
971 577
971 579
971 581
971 597
971 618
971 628
971 632
971 637
971 684
971 738
971 745
971 799
971 829
971 887
971 890
971 891
971 900
971 910
971 912
971 918
971 943
971 944
971 945
971 953
971 963
971 967
971 969
971 975
983 131
983 353
983 443
983 473
983 541
983 568
983 618
983 643
983 691
983 736
983 744
983 748
983 772
983 776
983 783
983 785
983 805
983 807
983 837
983 843
983 852
983 855
983 856
983 883
983 910
983 922
983 929
983 931
983 935
983 937
983 953
983 954
983 960
983 962
983 968
983 970
983 978
983 982
983 985
983 986
983 987
983 988
20 366
20 469
20 696
20 891
20 938
366 208
366 467
366 688
366 844
366 938
366 994
469 800
469 808
469 840
469 866
469 882
469 931
469 935
696 378
696 476
696 487
696 502
696 532
696 538
696 539
696 565
696 767
696 769
696 938
696 947
696 978
891 41
891 54
891 56
891 117
891 144
891 208
891 301
891 378
891 414
891 432
891 457
891 460
891 476
891 483
891 502
891 532
891 538
891 543
891 563
891 565
891 608
891 669
891 688
891 757
891 812
891 844
891 864
891 938
891 962
891 964
938 29
938 31
938 41
938 54
938 94
938 109
938 117
938 133
938 140
938 189
938 208
938 297
938 378
938 414
938 432
938 476
938 483
938 487
938 502
938 514
938 515
938 532
938 538
938 539
938 543
938 563
938 565
938 607
938 636
938 669
938 676
938 688
938 731
938 757
938 842
938 844
938 877
938 884
938 895
938 922
938 931
21 540
21 601
21 775
21 917
540 213
540 332
540 494
540 720
540 781
540 850
540 907
540 928
601 22
601 209
601 243
601 501
601 666
601 793
601 838
601 889
601 930
601 967
775 27
775 373
775 403
775 501
775 536
775 583
775 710
775 770
775 830
775 836
775 850
775 861
775 889
775 917
775 922
775 930
917 37
917 52
917 85
917 158
917 243
917 351
917 358
917 400
917 403
917 419
917 441
917 444
917 473
917 503
917 516
917 536
917 559
917 631
917 641
917 655
917 666
917 679
917 683
917 695
917 707
917 710
917 765
917 770
917 787
917 793
917 811
917 827
917 861
917 878
917 896
917 930
917 931
917 935
917 968
22 313
22 721
22 853
22 940
313 193
313 970
313 975
721 329
721 378
721 430
721 448
721 558
721 626
721 677
721 694
721 801
721 846
721 856
721 897
721 940
721 956
853 215
853 329
853 340
853 387
853 474
853 489
853 558
853 573
853 660
853 665
853 684
853 697
853 735
853 782
853 801
853 817
853 846
853 863
853 876
853 940
853 960
853 982
853 988
853 998
940 42
940 73
940 99
940 152
940 162
940 170
940 215
940 292
940 319
940 329
940 404
940 408
940 411
940 430
940 434
940 448
940 474
940 481
940 488
940 489
940 498
940 507
940 514
940 529
940 558
940 573
940 582
940 630
940 646
940 650
940 660
940 677
940 684
940 694
940 697
940 702
940 757
940 782
940 801
940 817
940 846
940 863
940 876
940 884
940 974
23 202
23 767
202 839
202 849
202 904
202 925
767 224
767 431
767 446
767 663
767 695
767 735
767 746
767 774
767 796
767 827
767 876
767 895
25 848
25 961
848 93
848 225
848 271
848 432
848 443
848 453
848 555
848 579
848 627
848 654
848 685
848 713
848 730
848 736
848 742
848 766
848 771
848 816
848 829
848 854
848 881
848 919
848 942
961 30
961 55
961 70
961 72
961 148
961 154
961 167
961 187
961 200
961 205
961 210
961 246
961 287
961 288
961 304
961 369
961 370
961 389
961 401
961 409
961 412
961 416
961 420
961 454
961 458
961 479
961 480
961 486
961 488
961 499
961 561
961 632
961 656
961 661
961 699
961 709
961 719
961 728
961 733
961 756
961 759
961 766
961 791
961 797
961 809
961 820
961 830
961 877
961 892
961 895
961 906
961 910
961 920
961 944
961 947
26 888
888 60
888 218
888 226
888 391
888 455
888 471
888 547
888 556
888 583
888 704
888 726
888 750
888 751
888 783
888 825
888 835
27 516
27 679
27 920
27 930
516 286
516 637
516 710
516 861
516 868
516 880
516 889
679 229
679 286
679 382
679 441
679 501
679 770
679 793
679 884
679 889
679 901
679 930
920 39
920 122
920 137
920 142
920 208
920 260
920 273
920 283
920 291
920 311
920 373
920 393
920 405
920 413
920 445
920 484
920 491
920 511
920 521
920 528
920 586
920 616
920 685
920 714
920 749
920 779
920 787
920 803
920 827
920 854
920 856
920 878
920 916
920 930
920 974
930 85
930 90
930 191
930 209
930 232
930 243
930 270
930 286
930 372
930 390
930 403
930 419
930 441
930 473
930 503
930 536
930 559
930 583
930 631
930 655
930 666
930 683
930 706
930 710
930 741
930 765
930 770
930 778
930 793
930 811
930 836
930 861
930 889
930 950
930 986
28 381
28 650
28 795
381 190
381 235
381 656
381 675
381 864
650 645
650 670
650 974
650 984
650 986
650 993
650 994
650 998
650 999
795 34
795 588
795 644
795 660
795 671
795 678
795 692
795 762
795 790
795 805
795 864
795 968
795 970
795 988
29 539
29 636
29 902
29 916
539 31
539 414
539 538
539 636
539 837
539 840
539 937
636 117
636 144
636 378
636 514
636 565
636 588
636 969
636 998
902 36
902 186
902 217
902 239
902 252
902 321
902 328
902 335
902 440
902 461
902 463
902 562
902 580
902 628
902 700
902 708
902 723
902 758
902 772
902 792
902 802
902 819
902 834
902 868
902 886
902 939
902 999
916 39
916 113
916 151
916 249
916 260
916 311
916 372
916 373
916 393
916 405
916 445
916 484
916 491
916 521
916 586
916 587
916 599
916 616
916 620
916 658
916 714
916 779
916 787
916 798
916 803
916 827
916 854
916 856
916 862
916 878
916 937
916 947
916 955
916 962
30 124
30 441
30 453
124 719
124 906
124 944
441 310
441 631
441 811
441 889
453 771
453 816
453 857
453 881
453 942
31 141
31 563
31 844
141 843
141 884
141 907
141 928
563 297
563 514
563 532
563 688
563 768
563 897
563 945
844 54
844 457
844 476
844 483
844 502
844 514
844 515
844 532
844 538
844 543
844 607
844 669
844 676
844 688
844 757
844 764
844 892
844 960
844 988
32 827
827 93
827 354
827 372
827 484
827 521
827 658
827 714
827 779
827 803
827 856
827 859
827 878
827 904
827 944
827 994
33 199
33 615
33 787
33 856
199 59
199 254
199 925
615 554
615 701
615 718
615 780
615 798
615 840
615 866
615 931
615 935
787 113
787 242
787 249
787 311
787 445
787 511
787 586
787 714
787 856
787 874
787 944
787 982
856 234
856 372
856 379
856 491
856 528
856 616
856 620
856 658
856 779
856 803
856 854
856 872
856 912
856 935
856 954
856 998
34 475
34 825
475 667
475 689
475 904
475 925
475 967
825 91
825 207
825 580
825 680
825 726
825 750
825 751
825 835
825 868
35 201
35 576
35 588
35 859
201 496
201 552
201 607
201 790
576 340
576 348
576 639
576 778
576 864
588 259
588 342
588 790
588 864
588 999
859 59
859 131
859 315
859 812
859 813
859 823
859 838
859 839
859 862
859 867
859 896
859 912
859 958
859 963
859 964
859 970
859 975
859 998
36 886
36 945
886 74
886 95
886 115
886 118
886 123
886 150
886 183
886 252
886 344
886 397
886 549
886 562
886 681
886 685
886 700
886 708
886 723
886 758
886 802
886 804
886 819
886 834
886 868
886 918
886 939
886 986
886 993
945 150
945 247
945 260
945 518
945 570
945 577
945 579
945 581
945 597
945 616
945 632
945 633
945 637
945 738
945 745
945 747
945 799
945 838
945 864
945 887
945 890
945 900
945 906
945 912
945 918
945 931
945 943
945 953
945 987
945 988
37 85
37 394
37 510
37 836
85 765
394 72
394 993
394 994
394 998
394 999
510 376
510 964
510 968
510 970
510 975
836 53
836 133
836 232
836 245
836 351
836 386
836 444
836 473
836 515
836 537
836 559
836 631
836 765
836 770
836 788
836 793
836 861
836 889
836 925
38 847
38 851
38 901
38 937
847 40
847 52
847 134
847 209
847 221
847 242
847 253
847 346
847 362
847 466
847 477
847 531
847 543
847 566
847 653
847 741
847 829
847 851
851 68
851 312
851 428
851 451
851 500
851 555
851 566
851 579
851 625
851 653
851 668
851 773
851 828
851 837
851 943
851 950
851 954
851 994
901 357
901 478
901 651
901 776
901 794
901 812
901 835
901 843
901 865
901 874
901 880
901 882
901 941
901 950
901 968
901 973
901 974
901 984
901 986
901 993
901 994
901 998
901 999
937 237
937 464
937 497
937 584
937 693
937 716
937 790
937 805
937 807
937 842
937 843
937 852
937 855
937 883
937 922
937 929
937 954
937 960
937 978
937 982
937 985
937 987
937 988
39 958
958 107
958 300
958 330
958 353
958 468
958 496
958 593
958 614
958 624
958 638
958 640
958 643
958 646
958 734
958 747
958 785
958 812
958 813
958 838
958 839
958 855
958 862
958 867
958 896
958 912
958 925
958 963
958 964
958 970
958 975
958 978
958 987
40 474
40 591
40 817
40 863
474 319
474 577
474 791
474 801
474 863
591 725
591 894
591 934
591 955
591 956
591 962
591 967
591 969
817 129
817 282
817 448
817 488
817 558
817 582
817 624
817 626
817 697
817 702
817 754
817 782
817 820
817 846
817 863
817 876
817 892
817 900
863 55
863 162
863 317
863 349
863 387
863 430
863 558
863 582
863 626
863 660
863 677
863 684
863 697
863 731
863 782
863 801
863 854
863 876
863 947
41 515
41 931
515 543
515 669
515 757
515 883
515 962
931 43
931 122
931 145
931 159
931 161
931 173
931 180
931 181
931 266
931 380
931 395
931 427
931 478
931 485
931 493
931 505
931 508
931 568
931 602
931 610
931 672
931 701
931 718
931 740
931 780
931 788
931 798
931 800
931 822
931 840
931 866
931 935
931 955
931 963
931 978
931 994
43 404
43 610
43 718
404 380
404 737
404 777
404 780
404 935
404 962
610 211
610 478
610 602
610 737
610 800
610 837
610 865
610 935
718 145
718 190
718 282
718 654
718 737
718 780
718 788
718 798
718 935
718 970
44 840
840 181
840 266
840 359
840 380
840 427
840 485
840 505
840 740
840 758
840 772
840 777
840 788
840 798
840 800
840 822
840 892
840 935
45 259
259 496
259 639
259 762
46 415
46 518
46 753
415 163
415 755
415 941
415 974
518 881
518 953
753 356
753 479
753 482
753 485
753 537
753 574
753 621
753 649
753 725
753 896
753 978
753 999
47 690
47 956
47 962
47 967
47 969
690 318
690 371
690 561
690 663
690 667
690 695
690 796
690 895
690 904
690 925
690 956
956 75
956 76
956 107
956 126
956 130
956 135
956 171
956 177
956 210
956 216
956 233
956 250
956 269
956 298
956 340
956 349
956 355
956 395
956 424
956 438
956 492
956 494
956 529
956 530
956 534
956 542
956 570
956 630
956 642
956 647
956 670
956 674
956 680
956 682
956 769
956 771
956 778
956 786
956 794
956 801
956 822
956 826
956 830
956 842
956 894
956 922
956 934
956 955
956 962
956 967
956 969
956 993
956 994
962 66
962 75
962 77
962 80
962 107
962 135
962 156
962 171
962 177
962 210
962 214
962 233
962 250
962 269
962 298
962 340
962 349
962 355
962 375
962 424
962 438
962 454
962 492
962 494
962 529
962 530
962 534
962 542
962 545
962 589
962 642
962 647
962 670
962 674
962 680
962 682
962 691
962 705
962 769
962 778
962 826
962 830
962 842
962 892
962 894
962 934
962 954
962 955
962 967
962 969
962 994
967 66
967 75
967 77
967 80
967 91
967 107
967 126
967 130
967 135
967 156
967 171
967 177
967 178
967 210
967 233
967 250
967 269
967 298
967 340
967 349
967 355
967 424
967 438
967 440
967 492
967 494
967 526
967 529
967 530
967 534
967 542
967 624
967 642
967 647
967 670
967 674
967 680
967 682
967 697
967 769
967 778
967 796
967 805
967 810
967 822
967 826
967 830
967 842
967 894
967 919
967 934
967 939
967 947
967 955
967 969
967 973
969 66
969 75
969 77
969 80
969 92
969 107
969 126
969 130
969 135
969 156
969 170
969 171
969 177
969 210
969 233
969 250
969 269
969 272
969 298
969 299
969 334
969 340
969 341
969 349
969 355
969 371
969 424
969 438
969 492
969 494
969 529
969 530
969 534
969 542
969 642
969 647
969 670
969 674
969 680
969 682
969 700
969 717
969 769
969 778
969 826
969 830
969 842
969 866
969 868
969 877
969 894
969 934
969 955
969 973
969 988
969 993
48 346
48 498
48 837
48 929
346 365
346 606
346 773
498 129
498 617
498 677
498 694
498 782
498 801
498 876
837 223
837 253
837 312
837 357
837 360
837 428
837 606
837 625
837 653
837 698
837 704
837 750
837 818
837 889
929 160
929 184
929 619
929 689
929 709
929 843
929 852
929 883
929 887
929 918
929 922
929 925
929 942
929 954
929 960
929 978
929 982
929 985
929 987
929 988
49 712
49 716
712 192
712 479
712 710
712 730
712 742
712 752
712 755
712 855
712 890
716 82
716 251
716 295
716 356
716 451
716 531
716 609
716 855
716 974
50 865
865 67
865 399
865 607
865 608
865 874
865 877
865 880
865 882
865 941
865 950
865 968
865 973
865 974
865 982
865 984
865 986
865 993
865 994
865 998
865 999
51 105
51 243
51 368
51 815
105 309
105 701
105 747
105 893
243 53
243 978
368 194
368 386
368 653
368 724
368 893
815 114
815 188
815 317
815 399
815 456
815 506
815 594
815 599
815 675
815 698
815 811
815 823
815 893
815 943
815 985
815 986
815 988
52 773
52 818
52 828
773 312
773 360
773 455
773 530
773 550
773 625
773 653
773 714
773 766
773 818
773 828
773 925
818 216
818 477
818 606
818 625
818 668
818 684
818 698
818 714
818 741
818 828
818 900
818 922
818 953
828 134
828 211
828 242
828 362
828 396
828 455
828 653
828 698
828 720
828 741
828 809
828 960
828 982
828 999
53 666
53 889
53 941
666 485
666 683
666 765
666 770
666 793
666 889
666 970
889 119
889 209
889 232
889 245
889 286
889 358
889 383
889 444
889 473
889 536
889 559
889 582
889 706
889 710
889 770
889 793
889 861
889 919
889 935
941 230
941 246
941 538
941 543
941 617
941 768
941 786
941 794
941 807
941 822
941 824
941 838
941 874
941 880
941 882
941 894
941 896
941 950
941 955
941 968
941 973
941 974
941 984
941 986
941 993
941 994
941 998
941 999
54 94
54 509
94 514
94 532
94 603
509 131
509 537
509 609
509 708
509 855
55 458
55 786
55 797
458 729
458 800
458 906
458 910
458 918
458 947
786 780
786 881
786 922
786 950
786 968
786 973
786 974
786 984
786 986
786 993
786 994
786 998
786 999
797 389
797 401
797 454
797 561
797 596
797 701
797 709
797 728
797 877
797 892
797 906
797 910
797 922
797 925
797 944
797 947
797 973
57 730
57 964
57 970
57 975
730 250
730 336
730 555
730 731
730 801
730 816
730 829
730 857
730 881
730 919
730 942
730 982
964 66
964 119
964 153
964 155
964 179
964 184
964 186
964 204
964 216
964 218
964 221
964 263
964 270
964 283
964 308
964 331
964 367
964 374
964 413
964 419
964 436
964 481
964 519
964 523
964 526
964 549
964 560
964 593
964 614
964 623
964 638
964 643
964 646
964 681
964 734
964 747
964 758
964 812
964 813
964 838
964 839
964 862
964 867
964 876
964 896
964 900
964 906
964 912
964 963
964 970
964 975
964 994
970 87
970 96
970 153
970 179
970 184
970 185
970 203
970 204
970 256
970 263
970 278
970 308
970 331
970 374
970 380
970 390
970 417
970 424
970 481
970 513
970 519
970 523
970 526
970 549
970 560
970 566
970 593
970 609
970 614
970 638
970 643
970 646
970 677
970 713
970 734
970 747
970 790
970 801
970 812
970 813
970 838
970 839
970 861
970 862
970 867
970 892
970 896
970 907
970 912
970 922
970 963
970 975
975 155
975 158
975 179
975 181
975 186
975 203
975 218
975 256
975 276
975 283
975 288
975 308
975 331
975 367
975 374
975 390
975 416
975 417
975 436
975 481
975 513
975 519
975 523
975 526
975 549
975 560
975 593
975 614
975 638
975 643
975 646
975 658
975 659
975 663
975 670
975 734
975 747
975 794
975 811
975 812
975 813
975 838
975 839
975 852
975 862
975 866
975 867
975 881
975 890
975 896
975 897
975 912
975 934
975 963
975 973
975 984
975 985
975 994
58 258
58 288
58 439
58 676
58 705
258 264
258 707
258 884
258 914
258 928
288 892
288 944
288 947
439 706
439 777
439 780
439 800
439 822
439 866
439 935
676 64
676 715
676 833
676 872
676 884
676 907
676 914
676 928
676 998
705 160
705 193
705 213
705 327
705 664
705 707
705 715
705 781
705 808
705 907
705 928
59 652
652 165
652 257
652 550
652 599
652 675
652 688
652 754
652 872
652 893
652 925
652 973
60 835
835 275
835 583
835 726
835 749
835 750
835 751
835 770
835 776
835 973
61 220
61 746
220 108
220 627
220 640
220 766
220 954
746 446
746 651
746 695
746 887
746 897
746 925
62 193
62 816
62 881
62 942
193 707
193 884
193 914
816 77
816 336
816 383
816 425
816 640
816 710
816 736
816 766
816 803
816 829
816 857
816 881
816 883
816 919
816 942
816 960
816 982
881 127
881 128
881 230
881 333
881 336
881 361
881 377
881 383
881 569
881 575
881 673
881 713
881 771
881 857
881 919
881 942
942 88
942 98
942 115
942 139
942 225
942 230
942 271
942 277
942 328
942 336
942 361
942 377
942 383
942 425
942 443
942 450
942 484
942 525
942 526
942 528
942 551
942 555
942 569
942 575
942 627
942 640
942 682
942 685
942 713
942 731
942 733
942 735
942 736
942 764
942 771
942 805
942 829
942 857
942 904
942 919
942 988
942 999
63 443
443 513
443 640
443 736
443 771
64 621
64 754
64 833
64 914
621 483
621 574
621 649
621 725
621 755
621 807
621 823
754 257
754 309
754 317
754 403
754 460
754 506
754 572
754 628
754 724
754 893
754 963
833 160
833 407
833 448
833 504
833 582
833 598
833 616
833 645
833 692
833 707
833 720
833 735
833 743
833 781
833 808
833 849
833 850
833 872
833 907
833 914
833 928
914 92
914 93
914 143
914 213
914 238
914 325
914 332
914 392
914 504
914 541
914 546
914 549
914 553
914 603
914 645
914 648
914 707
914 715
914 720
914 735
914 781
914 808
914 850
914 872
914 884
914 907
914 922
914 928
914 944
914 963
914 978
914 984
914 994
65 953
953 77
953 102
953 104
953 110
953 112
953 169
953 197
953 255
953 264
953 303
953 314
953 344
953 350
953 371
953 437
953 459
953 467
953 520
953 524
953 534
953 570
953 577
953 579
953 581
953 583
953 597
953 626
953 632
953 637
953 657
953 695
953 715
953 738
953 745
953 799
953 852
953 864
953 887
953 890
953 900
953 918
953 939
953 943
66 673
673 525
673 575
673 589
673 604
673 731
673 736
673 771
673 829
673 857
673 919
68 633
68 749
633 109
633 338
633 663
633 883
633 895
633 897
633 925
749 285
749 364
749 442
749 663
749 687
749 689
749 774
749 895
749 897
69 125
69 994
69 998
69 999
125 552
125 784
125 810
125 994
994 83
994 182
994 196
994 267
994 299
994 321
994 323
994 327
994 352
994 359
994 388
994 402
994 410
994 423
994 435
994 442
994 447
994 465
994 490
994 499
994 512
994 519
994 522
994 567
994 585
994 587
994 589
994 596
994 605
994 611
994 618
994 619
994 623
994 641
994 654
994 657
994 659
994 664
994 665
994 686
994 687
994 715
994 717
994 729
994 752
994 768
994 770
994 793
994 794
994 799
994 810
994 874
994 880
994 882
994 887
994 892
994 893
994 897
994 907
994 943
994 950
994 968
994 973
994 974
994 978
994 984
994 986
994 993
994 998
994 999
998 83
998 116
998 146
998 157
998 182
998 196
998 267
998 299
998 307
998 312
998 321
998 323
998 327
998 344
998 352
998 359
998 386
998 388
998 398
998 402
998 403
998 410
998 442
998 447
998 465
998 489
998 490
998 499
998 512
998 522
998 528
998 567
998 585
998 587
998 589
998 596
998 605
998 611
998 618
998 619
998 623
998 639
998 641
998 654
998 657
998 659
998 664
998 665
998 674
998 686
998 687
998 717
998 729
998 743
998 752
998 768
998 794
998 834
998 874
998 876
998 880
998 882
998 895
998 939
998 950
998 968
998 973
998 974
998 978
998 984
998 985
998 986
998 987
998 993
998 999
999 83
999 84
999 89
999 146
999 157
999 182
999 196
999 251
999 267
999 284
999 295
999 299
999 307
999 321
999 323
999 327
999 352
999 354
999 359
999 362
999 388
999 397
999 398
999 402
999 410
999 442
999 447
999 465
999 490
999 499
999 512
999 522
999 544
999 567
999 574
999 585
999 587
999 589
999 596
999 605
999 611
999 618
999 619
999 623
999 625
999 641
999 651
999 654
999 657
999 659
999 664
999 665
999 686
999 687
999 694
999 717
999 729
999 736
999 752
999 768
999 794
999 861
999 874
999 877
999 880
999 882
999 907
999 934
999 950
999 968
999 973
999 974
999 984
999 986
999 993
70 887
70 944
70 947
887 143
887 344
887 360
887 383
887 593
887 738
887 745
887 777
887 799
887 890
887 900
887 918
887 943
944 146
944 148
944 167
944 200
944 205
944 222
944 265
944 268
944 287
944 304
944 319
944 389
944 409
944 412
944 416
944 420
944 431
944 454
944 480
944 561
944 640
944 656
944 661
944 699
944 709
944 719
944 728
944 729
944 733
944 756
944 759
944 764
944 791
944 809
944 877
944 892
944 893
944 906
944 910
944 947
944 960
944 984
947 72
947 154
947 167
947 187
947 188
947 205
947 222
947 246
947 287
947 304
947 322
947 336
947 369
947 389
947 401
947 409
947 412
947 420
947 448
947 454
947 480
947 486
947 561
947 643
947 656
947 661
947 699
947 709
947 719
947 728
947 733
947 734
947 756
947 759
947 791
947 794
947 809
947 820
947 867
947 877
947 892
947 906
947 910
71 442
71 704
442 993
704 655
704 750
704 988
72 756
72 906
756 154
756 188
756 550
756 589
756 656
756 719
756 733
756 791
756 809
756 892
756 906
906 187
906 200
906 287
906 342
906 369
906 401
906 412
906 454
906 480
906 661
906 668
906 699
906 709
906 719
906 723
906 728
906 759
906 782
906 791
906 803
906 809
906 820
906 910
906 987
906 993
73 626
73 846
626 129
626 152
626 170
626 793
626 801
846 170
846 215
846 329
846 389
846 408
846 434
846 463
846 488
846 489
846 522
846 660
846 694
846 697
846 702
846 782
846 839
846 876
75 900
900 616
900 639
900 738
900 745
900 799
900 890
900 897
900 918
900 943
76 78
76 635
76 897
78 762
78 925
635 179
635 190
635 493
635 496
635 604
635 639
635 644
635 678
635 954
897 80
897 87
897 101
897 103
897 113
897 326
897 365
897 554
897 622
897 649
897 651
897 663
897 689
897 774
897 796
897 849
897 895
897 904
897 925
762 98
762 151
762 334
762 348
762 692
762 864
762 934
925 87
925 168
925 215
925 318
925 326
925 334
925 370
925 446
925 468
925 622
925 667
925 687
925 689
925 695
925 740
925 774
925 796
925 849
925 857
925 872
925 895
925 904
925 974
79 950
79 984
950 140
950 148
950 559
950 637
950 752
950 765
950 768
950 794
950 803
950 861
950 874
950 880
950 882
950 890
950 894
950 968
950 973
950 974
950 984
950 986
950 993
984 163
984 200
984 225
984 241
984 364
984 424
984 446
984 470
984 493
984 574
984 575
984 585
984 589
984 596
984 605
984 611
984 618
984 619
984 623
984 641
984 654
984 657
984 659
984 664
984 665
984 686
984 687
984 717
984 729
984 752
984 768
984 794
984 811
984 843
984 874
984 880
984 882
984 894
984 968
984 973
984 974
984 982
984 986
984 993
80 318
318 100
318 715
318 774
81 522
81 760
81 792
522 521
522 993
760 294
760 320
760 339
760 372
760 435
760 545
760 624
760 693
760 739
760 810
760 824
760 934
792 149
792 198
792 294
792 339
792 490
792 552
792 564
792 571
792 624
792 693
792 739
792 757
792 784
792 804
792 866
792 904
792 985
82 904
904 138
904 219
904 324
904 364
904 365
904 370
904 537
904 651
904 663
904 667
904 689
904 692
904 695
904 784
904 808
904 829
904 838
904 849
904 895
83 355
355 861
355 955
765 90
765 272
765 419
765 456
765 473
765 506
765 631
765 655
765 706
88 127
88 647
88 919
88 939
127 736
127 757
647 813
647 824
647 842
647 894
647 934
647 955
647 988
919 98
919 108
919 115
919 128
919 130
919 139
919 212
919 230
919 277
919 361
919 377
919 383
919 425
919 525
919 551
919 569
919 586
919 627
919 632
919 646
919 685
919 686
919 713
919 725
919 736
919 742
919 759
919 766
919 769
919 771
919 829
919 857
939 95
939 110
939 118
939 150
939 183
939 195
939 217
939 239
939 252
939 278
939 289
939 328
939 335
939 337
939 344
939 397
939 440
939 461
939 463
939 548
939 562
939 571
939 580
939 590
939 628
939 681
939 700
939 708
939 723
939 758
939 803
939 819
939 820
939 834
939 839
939 855
939 868
939 987
89 689
89 890
89 993
689 185
689 695
689 733
689 895
890 431
890 529
890 738
890 745
890 799
890 866
890 918
890 943
890 985
993 97
993 128
993 157
993 182
993 271
993 307
993 321
993 323
993 327
993 349
993 352
993 359
993 398
993 402
993 410
993 447
993 448
993 465
993 490
993 499
993 512
993 517
993 567
993 585
993 587
993 589
993 596
993 605
993 611
993 618
993 619
993 623
993 627
993 641
993 654
993 657
993 658
993 659
993 664
993 665
993 685
993 686
993 687
993 717
993 724
993 729
993 752
993 758
993 768
993 779
993 794
993 819
993 857
993 874
993 880
993 882
993 896
993 954
993 963
993 968
993 973
993 974
993 986
90 546
90 861
546 392
546 407
546 598
546 699
546 715
546 884
546 907
546 928
861 209
861 232
861 286
861 377
861 400
861 419
861 536
861 559
861 683
861 710
861 770
861 793
861 811
861 986
92 808
92 907
92 928
808 160
808 238
808 423
808 504
808 541
808 598
808 720
808 735
808 783
808 850
808 868
808 884
808 907
808 988
907 97
907 143
907 173
907 234
907 263
907 325
907 332
907 504
907 541
907 590
907 645
907 648
907 707
907 715
907 720
907 735
907 779
907 781
907 785
907 850
907 872
907 884
907 928
907 987
928 97
928 111
928 160
928 234
928 237
928 238
928 299
928 369
928 392
928 449
928 492
928 497
928 504
928 541
928 603
928 630
928 648
928 707
928 715
928 720
928 735
928 743
928 777
928 781
928 804
928 823
928 842
928 850
928 872
928 884
928 955
928 960
928 988
514 133
514 565
514 935
532 133
532 504
603 541
603 600
603 630
603 648
603 850
603 884
95 868
95 985
868 196
868 204
868 335
868 337
868 397
868 554
868 580
868 681
868 700
868 708
868 723
868 758
868 802
868 819
868 834
868 943
985 335
985 370
985 434
985 451
985 581
985 592
985 595
985 598
985 600
985 617
985 691
985 698
985 737
985 744
985 748
985 772
985 776
985 779
985 783
985 785
985 800
985 805
985 807
985 830
985 843
985 850
985 852
985 874
985 880
985 883
985 922
985 954
985 960
985 963
985 968
985 978
985 982
985 987
985 988
96 502
96 829
502 144
502 483
502 607
829 230
829 277
829 551
829 555
829 569
829 575
829 605
829 685
829 766
829 834
829 857
97 630
97 850
630 449
630 541
630 602
630 648
630 850
630 884
630 943
850 444
850 449
850 497
850 500
850 598
850 649
850 720
850 735
850 743
850 781
850 872
850 884
850 934
98 361
98 685
361 191
685 276
685 425
685 525
685 713
685 771
685 973
99 594
594 123
594 573
594 823
594 893
100 668
668 134
668 332
668 360
668 528
668 653
668 698
668 702
101 435
101 622
435 624
435 739
435 804
435 810
622 562
622 651
622 707
622 849
622 895
102 130
102 701
701 161
701 248
701 508
701 672
701 737
701 822
701 866
701 882
701 935
103 350
350 645
104 922
922 436
922 720
922 780
922 790
922 843
922 852
922 883
922 954
922 960
922 978
922 982
922 987
922 988
309 398
309 935
747 137
747 784
747 798
747 896
747 912
747 963
893 114
893 136
893 165
893 223
893 228
893 310
893 456
893 460
893 506
893 548
893 572
893 584
893 675
893 724
893 779
893 794
893 823
893 918
893 943
108 302
108 354
108 766
302 347
354 803
354 854
766 128
766 225
766 271
766 326
766 713
766 731
766 843
766 857
110 826
826 264
826 566
826 680
826 682
826 769
826 778
826 830
826 842
826 894
826 934
826 955
111 490
111 504
111 648
111 884
490 643
648 297
648 325
648 645
648 663
648 862
648 884
884 237
884 238
884 245
884 645
884 675
884 713
884 715
884 720
884 735
884 743
884 813
884 872
884 988
113 854
854 164
854 315
854 379
854 393
854 405
854 434
854 445
854 511
854 616
854 620
854 779
854 878
114 135
114 599
599 487
599 511
599 584
599 823
115 555
555 191
555 520
555 575
116 353
116 678
116 693
353 268
353 739
353 810
678 300
678 342
678 496
678 632
678 639
678 864
678 894
693 180
693 320
693 343
693 545
693 780
693 784
693 824
117 487
487 144
487 414
487 461
487 723
487 757
118 337
118 619
337 672
337 802
619 543
619 986
120 534
120 935
534 744
534 934
534 955
935 122
935 145
935 159
935 173
935 180
935 181
935 235
935 266
935 282
935 341
935 380
935 395
935 466
935 485
935 505
935 508
935 568
935 602
935 672
935 740
935 777
935 780
935 788
935 798
935 800
935 822
935 866
935 912
935 943
223 362
249 867
122 987
987 204
987 283
987 380
987 390
987 414
987 422
987 450
987 470
987 491
987 507
987 527
987 535
987 560
987 592
987 595
987 600
987 608
987 617
987 675
987 683
987 691
987 717
987 744
987 748
987 772
987 776
987 783
987 785
987 805
987 807
987 843
987 852
987 883
987 943
987 954
987 960
987 978
987 982
987 988
123 675
675 136
675 823
675 960
719 187
719 316
719 561
719 809
719 820
719 910
719 974
552 571
552 739
552 784
552 804
552 810
552 912
784 149
784 294
784 419
784 426
784 513
784 564
784 571
784 649
784 804
784 810
784 824
810 212
810 268
810 279
810 433
810 471
810 526
810 535
810 624
810 780
810 804
810 824
810 968
126 819
819 195
819 367
819 391
819 461
819 548
819 565
819 580
819 628
819 708
819 723
819 802
819 955
736 575
736 731
736 769
736 771
736 955
757 208
757 432
757 483
757 565
757 607
757 642
757 669
757 688
129 573
573 387
573 411
573 644
573 677
573 728
573 782
823 136
823 194
823 241
823 271
823 399
823 584
823 849
823 864
133 457
457 140
457 543
457 688
457 793
457 986
134 437
136 422
137 878
878 142
878 270
878 379
878 400
878 405
878 413
878 484
878 521
878 528
878 586
878 616
878 620
878 658
878 714
878 779
878 803
878 986
138 167
138 794
794 234
794 968
794 973
794 974
794 986
139 564
139 986
564 343
564 545
564 739
564 781
986 179
986 281
986 339
986 392
986 499
986 523
986 524
986 561
986 567
986 585
986 587
986 589
986 596
986 605
986 611
986 618
986 623
986 641
986 654
986 657
986 659
986 664
986 665
986 686
986 687
986 717
986 729
986 752
986 758
986 768
986 788
986 802
986 874
986 880
986 882
986 896
986 968
986 973
986 974
986 978
140 543
140 714
543 688
714 291
714 393
714 777
714 779
843 606
843 781
843 895
843 954
843 960
843 978
843 982
843 988
142 752
752 580
752 968
752 973
752 974
143 213
143 743
213 872
213 982
743 497
743 645
743 707
743 715
743 735
743 839
743 864
743 872
743 943
144 305
305 639
305 724
145 180
145 968
180 672
180 691
968 149
968 298
968 324
968 384
968 604
968 729
968 768
968 813
968 874
968 880
968 882
968 973
968 974
146 982
982 246
982 253
982 378
982 401
982 538
982 665
982 691
982 702
982 725
982 744
982 748
982 772
982 776
982 783
982 785
982 805
982 807
982 852
982 883
982 934
982 954
982 960
982 978
982 988
147 241
241 550
241 584
148 820
148 910
820 416
820 420
820 486
820 656
820 687
820 695
820 759
820 791
820 804
820 809
820 877
820 892
820 910
910 197
910 222
910 232
910 279
910 320
910 369
910 416
910 420
910 454
910 459
910 480
910 486
910 561
910 597
910 655
910 656
910 661
910 709
910 713
910 728
910 733
910 759
910 774
910 791
910 809
910 877
910 892
910 974
149 804
804 198
804 343
804 535
804 553
804 571
804 617
804 638
804 643
804 824
150 834
834 335
834 410
834 580
834 590
834 681
834 700
834 708
834 709
834 723
834 758
834 954
151 671
151 864
671 181
671 493
671 644
671 692
671 790
671 809
671 852
671 864
864 235
864 330
864 347
864 351
864 472
864 567
864 614
864 639
864 644
864 790
152 694
152 801
152 872
694 319
694 488
694 590
694 658
694 801
694 876
694 974
801 319
801 401
801 434
801 558
801 582
801 616
801 697
872 237
872 325
872 332
872 392
872 449
872 477
872 497
872 547
872 598
872 645
872 707
872 720
872 781
154 809
809 480
809 557
809 661
809 699
809 733
809 791
809 877
809 960
809 988
155 772
772 275
772 960
772 963
772 978
772 988
156 955
955 211
955 250
955 269
955 340
955 349
955 393
955 424
955 438
955 492
955 494
955 529
955 530
955 542
955 638
955 642
955 670
955 674
955 680
955 682
955 699
955 707
955 726
955 769
955 778
955 779
955 830
955 842
955 894
955 934
157 857
857 226
857 240
857 377
857 383
857 525
857 551
857 569
857 577
857 627
857 713
857 731
158 620
620 521
620 605
620 803
620 973
159 260
159 788
788 173
788 508
788 558
788 670
788 672
788 740
788 777
788 780
788 798
788 800
788 866
161 173
161 708
161 777
708 440
708 802
708 943
708 988
777 262
777 282
777 363
777 427
777 485
777 737
777 759
777 798
777 800
777 978
162 387
162 479
162 488
387 411
387 894
387 988
479 316
479 764
488 411
488 751
488 876
163 451
163 667
451 356
451 482
451 855
667 849
667 894
667 963
165 988
988 396
988 408
988 499
988 507
988 527
988 592
988 595
988 600
988 608
988 617
988 691
988 744
988 748
988 759
988 776
988 783
988 785
988 805
988 807
988 852
988 883
988 895
988 954
988 960
988 978
166 741
741 211
741 216
741 244
741 253
741 357
741 396
741 489
741 523
741 698
741 726
168 395
168 895
395 282
395 822
395 866
895 334
895 365
895 431
895 468
895 554
895 557
895 574
895 585
895 774
895 796
895 849
895 963
169 934
934 438
934 454
934 492
934 494
934 529
934 530
934 542
934 632
934 642
934 670
934 674
934 680
934 682
934 769
934 778
934 796
934 830
934 842
934 894
934 974
170 782
782 434
782 558
782 614
782 660
782 684
782 687
782 702
782 877
171 706
706 245
706 358
706 419
706 444
706 710
706 793
706 811
172 545
545 525
545 535
545 824
174 553
174 624
174 713
174 824
553 304
553 343
553 382
553 624
553 839
624 544
624 739
624 824
713 627
713 731
713 849
824 212
824 343
824 426
824 433
824 447
824 535
824 536
824 882
178 496
496 440
672 262
672 416
672 478
672 525
672 800
672 866
691 569
691 598
181 505
505 614
505 638
505 798
505 822
182 978
978 265
978 438
978 625
978 744
978 748
978 774
978 776
978 783
978 785
978 796
978 805
978 807
978 852
978 862
978 866
978 883
978 954
978 960
978 973
183 267
183 592
183 758
183 802
267 450
592 291
758 463
758 723
758 802
802 328
802 461
802 562
802 590
802 702
802 728
185 960
185 963
960 192
960 327
960 412
960 444
960 551
960 557
960 776
960 783
960 785
960 805
960 807
960 852
960 862
960 883
960 954
963 218
963 219
963 222
963 420
963 436
963 465
963 481
963 486
963 500
963 513
963 519
963 526
963 549
963 560
963 593
963 614
963 638
963 642
963 643
963 646
963 710
963 734
963 812
963 813
963 838
963 839
963 862
963 867
963 896
963 912
186 892
892 222
892 246
892 401
892 409
892 412
892 416
892 486
892 656
892 699
892 709
892 728
892 733
892 759
892 791
892 877
187 798
798 560
798 644
798 737
798 780
798 781
798 800
798 822
798 866
188 310
188 399
310 550
310 584
310 744
399 724
189 764
189 855
764 192
764 251
764 345
764 384
764 398
764 418
764 609
764 611
764 855
855 240
855 316
855 341
855 418
855 574
855 609
855 725
855 742
855 755
190 472
190 597
472 240
472 506
472 604
472 790
597 862
597 943
191 225
191 537
191 551
225 880
537 384
551 425
551 640
192 725
725 295
725 341
725 649
725 781
707 397
707 720
707 781
194 230
194 460
194 572
195 874
874 351
874 396
874 486
874 556
874 683
874 880
874 882
874 973
874 974
196 251
251 742
198 883
883 336
883 482
883 800
883 954
254 524
607 297
607 476
607 483
607 669
790 348
790 411
790 639
790 644
839 813
839 838
839 862
839 867
839 896
839 912
849 334
849 338
849 464
849 468
849 651
849 677
849 681
849 774
849 954
203 411
411 684
411 702
205 830
205 877
830 417
830 430
830 489
830 769
830 778
830 842
830 894
877 279
877 369
877 409
877 412
877 480
877 656
877 661
877 674
877 699
877 709
877 728
877 759
877 862
570 954
811 245
811 272
811 300
811 403
811 503
811 655
811 683
811 710
811 748
811 793
207 577
577 943
209 503
503 400
503 444
503 770
503 973
212 279
279 739
214 602
602 478
602 508
602 737
602 740
602 822
602 882
215 876
876 292
876 311
876 329
876 408
876 430
876 434
876 448
876 489
876 582
876 661
876 684
876 697
876 702
876 728
876 776
216 362
362 618
218 314
314 512
627 321
627 731
627 751
640 271
640 731
640 771
640 785
954 285
954 304
954 582
954 669
954 724
954 770
954 776
954 796
954 805
954 807
954 852
221 500
221 882
882 417
882 593
882 748
882 880
882 912
882 973
882 974
222 405
880 661
880 735
880 793
880 973
880 974
226 440
440 289
227 236
236 584
228 374
228 456
374 674
774 334
774 478
774 554
774 768
774 796
232 536
536 419
233 486
486 759
234 332
234 735
332 625
735 408
735 645
735 781
235 783
783 656
783 813
584 433
584 724
237 715
715 598
715 726
715 781
238 292
292 582
292 677
292 684
239 373
239 737
373 528
737 427
737 740
737 800
737 866
240 755
755 356
755 425
755 482
755 609
755 738
755 742
755 912
550 386
550 651
242 247
242 428
428 427
244 449
244 566
244 606
449 781
566 606
606 431
246 791
791 343
791 445
791 639
791 656
791 709
791 733
791 778
867 587
867 812
867 813
867 838
867 862
867 896
867 912
867 974
742 482
742 531
742 549
742 609
742 751
252 731
731 771
731 896
524 312
256 655
655 351
655 400
655 556
655 710
655 770
655 793
257 542
257 796
542 323
542 581
796 282
796 324
796 695
339 426
339 523
262 484
262 485
262 866
484 803
485 800
866 478
866 508
866 541
866 568
866 740
866 780
866 805
866 822
866 973
263 663
266 430
266 568
266 740
430 582
430 702
568 723
568 740
568 780
568 822
740 554
740 642
740 780
740 800
740 822
268 294
268 595
294 531
294 651
595 427
595 800
269 497
497 325
497 781
497 974
270 631
270 683
270 770
631 272
631 501
631 559
683 351
683 473
683 710
683 793
683 973
770 272
770 541
770 559
272 700
700 590
700 644
700 681
700 918
273 425
273 658
273 974
658 779
974 611
974 654
974 657
974 659
974 664
974 665
974 686
974 687
974 692
974 717
974 729
974 744
974 745
974 768
974 805
974 973
274 659
275 608
276 587
277 377
278 611
611 670
739 382
739 476
739 571
739 744
739 894
280 359
280 471
281 483
483 669
284 669
669 298
669 432
669 538
285 326
285 728
728 661
728 759
286 445
445 803
289 508
508 973
290 418
418 345
418 409
418 649
291 616
291 697
697 388
697 408
697 660
697 684
582 702
677 434
677 623
677 660
677 684
684 470
684 660
293 477
293 698
293 800
477 973
698 312
698 393
800 822
800 912
531 384
531 649
531 654
651 364
295 513
296 459
296 463
463 628
297 432
297 912
432 378
912 328
912 492
912 646
912 734
912 812
912 813
912 838
912 862
912 896
300 692
692 342
692 347
692 547
692 644
304 733
733 517
733 623
733 699
724 317
724 386
724 681
306 645
306 793
645 541
793 338
793 403
793 501
307 322
307 745
745 812
745 918
745 943
312 625
625 466
625 653
512 384
316 426
426 433
426 562
317 369
317 386
319 408
319 638
408 702
320 382
320 424
320 535
382 519
382 535
535 358
324 464
324 805
464 918
325 335
329 403
329 609
330 604
330 822
604 605
822 380
822 476
822 478
822 780
336 575
575 720
345 491
345 574
491 779
365 720
348 438
351 710
352 842
842 642
842 674
842 680
842 682
842 769
842 778
842 894
842 973
803 364
803 413
803 586
803 779
356 400
356 973
400 807
973 529
973 681
973 686
973 687
973 717
973 729
973 768
357 501
501 358
501 586
501 670
358 444
358 562
562 590
688 414
688 482
688 565
688 682
653 768
674 511
674 894
379 918
918 738
918 785
918 799
918 943
656 413
656 547
894 642
894 670
894 680
894 682
894 769
894 778
391 780
780 427
780 709
392 598
598 569
807 493
702 427
409 579
410 699
699 664
699 759
414 538
538 480
416 567
567 734
649 544
433 571
433 723
723 580
771 527
771 569
771 813
447 520
448 489
489 660
462 554
462 557
462 686
686 943
628 548
628 681
465 799
799 838
799 943
506 750
480 896
896 734
896 759
896 812
896 813
896 838
896 862
759 661
759 862
751 527
751 726
660 548
779 511
494 521
614 548
511 852
852 644
852 738
637 596
637 943
525 665
581 682
581 943
548 681
559 646
560 768
561 838
838 812
838 813
838 862
734 661
734 862
734 943
778 769
778 813
943 632
943 738
862 812
862 813
623 695
785 717
641 748
