0: 0 51 59 105 114 123 132 136 165 188 194 228 241 257 309 310 317 368 386 399 456 460 506 550 572 584 594 599 652 675 724 754 815 823 832 869 875 893 909
1: 1 3 6 25 38 48 52 68 121 134 211 216 221 223 242 244 253 293 312 346 357 360 362 396 428 466 477 500 566 578 606 625 653 662 668 698 703 741 773 818 828 837 847 851 879 903 948
2: 2 57 96 119 153 155 158 179 184 185 186 203 204 218 256 263 276 278 283 308 313 331 367 374 390 417 436 481 510 513 519 523 526 549 560 593 614 638 643 646 734 747 812 813 838 839 859 862 867 896 912 952 958 963 964 970 972 975 979 981
3: 4 33 39 93 113 137 142 164 249 260 273 291 311 354 372 373 379 393 405 413 445 484 491 511 521 528 586 616 620 658 714 722 779 787 803 827 854 856 878 916 920 927 946
4: 5 10 13 42 44 50 56 60 71 79 91 166 176 226 229 274 275 280 302 315 391 455 517 544 547 556 583 629 634 704 726 750 751 814 825 835 841 888 898 915 924 932 933 949
5: 7 24 26 45 74 86 99 103 106 147 175 178 207 214 236 247 248 296 306 322 375 376 407 422 423 450 470 471 507 527 592 595 600 608 617 691 732 744 748 772 776 783 785 789 805 807 821 843 852 883 885 921 922 929 937 954 960 976 978 982 983 985 987 988 989 990 995 996 997
6: 8 81 116 125 149 174 198 212 268 279 294 320 339 343 353 382 426 433 435 495 535 545 552 553 564 571 624 693 711 739 760 784 792 804 810 824 911
7: 9 15 16 23 61 63 76 78 82 87 100 101 109 138 168 199 202 224 231 254 285 318 324 326 334 338 364 365 370 385 421 431 446 452 462 464 468 475 554 557 612 613 622 633 651 663 667 689 690 695 746 749 761 767 774 796 806 849 895 897 904 925 951 966 977
8: 11 19 32 65 67 84 102 104 110 112 169 172 197 219 227 255 264 265 281 284 290 301 303 314 333 350 363 371 437 459 467 518 520 524 570 577 579 581 597 632 637 738 745 799 887 890 900 918 943 945 953 957 959 965 971 980
9: 12 18 28 34 35 151 190 201 235 259 261 300 305 330 342 347 348 381 472 493 496 576 588 604 635 639 644 671 678 692 727 762 763 790 795 858 864 871 923
10: 14 36 95 118 120 150 183 195 217 239 252 289 328 335 337 344 397 440 461 463 548 562 580 590 628 681 700 708 723 758 802 819 834 868 886 899 902 913 936 939
11: 17 46 49 131 163 189 192 240 251 295 316 341 345 356 384 415 418 429 451 479 482 509 531 537 574 609 621 649 712 716 725 742 753 755 764 831 855 870 908 926
12: 20 29 31 41 54 94 117 133 140 144 208 297 366 378 414 432 457 476 483 487 502 514 515 532 538 539 543 563 565 607 636 669 688 696 757 844 891 938
13: 21 27 37 53 85 90 206 209 232 243 245 270 272 286 351 358 400 403 419 441 444 473 501 503 516 536 559 601 631 655 666 679 683 706 710 765 770 775 793 811 836 861 889 917 930
14: 22 40 73 129 152 162 170 215 292 319 329 387 408 411 430 434 448 474 488 489 498 558 573 582 626 660 677 684 694 697 702 721 782 801 817 846 853 863 876 940
15: 30 55 70 72 124 148 154 167 187 200 205 222 246 287 288 304 369 389 401 409 412 416 420 454 458 480 486 561 656 661 699 709 719 728 733 756 759 791 797 809 820 845 877 892 906 910 944 947 961
16: 43 122 145 159 161 173 180 181 262 266 282 380 395 404 427 439 469 478 485 505 508 533 568 602 610 615 672 701 718 737 740 777 780 788 798 800 822 840 866 931 935
17: 47 66 75 77 80 107 126 130 135 156 171 177 210 233 250 269 298 340 349 355 406 424 438 492 494 529 530 534 542 591 642 647 670 674 680 682 769 778 826 830 842 894 905 934 955 956 962 967 969
18: 58 64 92 97 111 141 143 160 193 213 234 237 238 258 325 332 392 449 497 504 540 541 546 598 603 630 645 648 676 705 707 715 720 735 743 781 808 833 850 872 884 907 914 928
19: 62 88 98 108 115 127 128 139 191 220 225 230 271 277 336 361 377 383 425 443 453 525 551 555 569 575 627 640 673 685 713 730 731 736 766 771 816 829 848 857 860 881 919 942
20: 69 83 89 146 157 182 196 267 299 307 321 323 327 352 359 388 394 398 402 410 442 447 465 490 499 512 522 567 585 587 589 596 605 611 618 619 623 641 650 654 657 659 664 665 686 687 717 729 752 768 786 794 865 873 874 880 882 901 941 950 968 973 974 984 986 991 992 993 994 998 999
