0: 0 3 8 78 102 150 190 233 240 251 295 366 373 426 438 452 461 465 472 475 488 498 510 530 560 561 578 586 589 601 608 623 644 647 652 663 664 686 707 732 756 758 770 803 884 913 974
1: 1 31 53 71 107 124 139 147 168 175 267 286 298 303 315 332 336 348 375 390 418 433 445 457 468 508 529 640 697 791 825 847 862 875 890 892 915 922 924 930
2: 2 9 85 92 122 130 144 166 178 189 197 209 225 239 250 257 324 355 358 393 464 499 518 522 523 527 569 574 594 606 625 635 650 665 680 694 708 709 713 722 729 739 746 751 763 792 798 801 824 856 902 919 965
3: 4 18 30 36 73 89 113 118 195 203 260 266 272 296 319 331 363 381 395 402 413 446 463 547 549 570 605 620 633 693 700 719 727 765 767 789 800 827 865 867 889 899 923 928 941 942 952
4: 5 39 41 48 87 157 159 164 171 179 196 199 228 237 248 259 289 306 335 344 347 356 391 396 401 404 422 435 437 440 451 455 474 495 507 513 540 571 579 580 616 617 674 676 692 698 705 710 743 778 779 802 820 848 859 861 874 883 918 945 976 984 989
5: 6 16 17 24 38 40 55 70 84 90 123 128 133 154 155 177 208 223 268 290 308 340 371 388 473 479 484 497 554 564 568 573 585 592 600 611 626 627 714 790 834 838 840 878 887 907 925 927 950
6: 7 10 47 60 65 101 103 105 143 158 161 176 202 221 253 254 265 269 271 285 292 300 302 320 346 350 357 374 378 384 406 442 458 477 478 490 501 515 525 541 551 622 631 632 639 641 667 675 681 682 683 747 785 787 794 796 869 872 896 929 968 972 982 986 988 991 994 996 997 998 999
7: 11 22 77 119 120 145 163 185 186 207 270 280 291 294 352 382 399 420 427 434 441 449 453 481 493 520 521 526 553 587 599 624 643 661 689 704 744 745 754 764 782 839 842 844 871 877 886 906 959 969
8: 12 32 51 64 97 129 149 162 188 241 244 262 282 293 313 317 341 380 385 416 421 448 483 487 511 517 519 588 602 603 637 653 673 728 805 806 812 822 832 857 947 953 957
9: 13 50 174 218 246 329 369 398 400 408 423 503 512 528 583 590 629 638 642 724 736 749 759 774 776 784 804 811 815 816 828 835 836 845 851 855 885 897 898 900 908 936 948
10: 14 27 33 37 80 127 131 135 151 170 181 217 220 226 232 256 258 321 414 456 491 537 543 546 556 567 572 591 615 648 656 659 684 699 718 721 730 734 738 742 783 814 823 911 912 916
11: 15 43 72 94 109 115 138 148 211 245 281 283 305 314 370 394 419 460 470 480 500 516 562 575 598 649 658 678 706 775 780 831 833 863 864 917 935
12: 19 57 76 96 108 125 167 187 193 194 201 215 243 249 252 273 279 284 297 328 337 362 387 389 410 424 431 439 443 471 482 524 534 538 545 610 613 614 645 666 702 715 726 733 750 752 761 777 797 807 826 850 914 934 940 951 962 979 987
13: 20 29 44 88 104 112 132 137 152 182 183 206 231 261 274 278 288 304 322 323 333 339 345 367 386 409 412 430 504 505 535 544 550 576 634 669 685 687 690 712 735 740 766 769 772 799 829 837 910 932 954
14: 21 23 42 45 91 100 106 140 146 165 184 192 212 224 230 235 242 247 275 312 338 354 377 392 411 415 428 432 454 494 548 555 557 559 566 577 584 595 596 604 619 691 711 737 741 760 762 786 810 846 852 868 880 882 909 921 926 937 938 964 970 977 978 990 992 993 995
15: 25 67 68 69 74 75 79 83 99 213 227 238 310 330 334 361 364 368 444 447 476 492 496 607 621 660 662 677 688 703 716 717 781 793 795 817 843 853 879 881 933 955 963
16: 26 49 54 62 66 81 86 114 116 126 153 172 180 210 229 263 299 307 342 349 397 407 459 466 467 485 486 489 531 542 558 646 725 731 773 788 819 830 854 858 876 888 895 903 944 966
17: 28 35 46 52 56 59 61 82 95 117 134 136 156 191 198 277 287 301 326 360 365 372 376 417 425 436 462 514 609 612 628 654 672 701 720 723 757 768 813 860 870 873 891 905 920 943 956 961 971 980 981 983 985
18: 34 93 98 111 142 160 169 204 205 216 219 276 309 311 316 318 327 343 353 359 379 405 429 506 532 533 536 539 552 593 618 655 657 668 696 748 818 821 841 866 901 904 939 949 958 960 967 973 975
19: 58 63 110 121 141 173 200 214 222 234 236 255 264 325 351 383 403 450 469 502 509 563 565 581 582 597 630 636 651 670 671 679 695 753 755 771 808 809 849 893 894 931 946
