0: 0 48 53 55 84 87 148 154 163 197 214 234 238 246 267 271 300 308 316 378 399 426 449 508 531 578 611 616 624 645 757 773 802 848 860 895 910 921 968 1009 1032 1094 1183 1201 1286 1333 1336 1374 1391 1420 1424 1427 1435 1504 1519 1545 1566 1603 1605 1625 1664 1667 1715 1729 1741 1753 1793 1813 1817 1826 1859 1915 1952 1960
1: 1 6 96 123 164 312 331 420 592 652 779 795 806 903 920 974 994 1068 1085 1114 1174 1229 1273 1318 1376 1440 1551 1597 1604 1614 1627 1650 1660 1665 1682 1705 1885 1900
2: 2 34 43 51 73 91 172 196 215 229 248 252 299 342 369 406 493 511 539 553 610 626 666 670 704 728 745 776 836 865 870 892 894 898 899 938 941 982 997 998 1007 1067 1078 1142 1166 1168 1184 1205 1231 1248 1312 1320 1330 1432 1447 1474 1506 1518 1531 1557 1592 1617 1630 1643 1662 1709 1746 1827 1844 1853 1854 1856 1877 1880 1928 1963 1980 1984 1991
3: 3 97 130 142 155 193 360 401 430 438 503 533 568 660 669 697 723 799 827 850 862 939 1034 1077 1104 1126 1361 1438 1553 1554 1655 1666
4: 4 7 18 26 78 79 99 111 176 187 188 235 240 311 319 328 362 366 368 371 452 486 504 560 569 576 605 627 633 639 651 664 671 676 692 699 871 884 946 1002 1020 1079 1132 1157 1161 1185 1223 1256 1270 1279 1300 1317 1321 1415 1445 1539 1593 1612 1621 1637 1641 1671 1691 1698 1699 1736 1737 1744 1749 1769 1892 1908 1946 1992
5: 5 86 136 159 232 260 350 414 513 680 709 719 781 819 890 919 930 1062 1210 1220 1324 1378 1383 1484 1490 1696 1738 1742 1779 1850 1852
6: 8 45 101 117 156 166 182 201 223 247 318 330 341 343 394 456 464 465 547 566 579 594 601 625 686 694 720 722 805 814 818 839 863 885 908 911 928 943 965 996 999 1041 1080 1137 1145 1169 1171 1196 1214 1244 1245 1269 1271 1285 1346 1379 1401 1429 1444 1450 1452 1464 1482 1499 1578 1601 1629 1635 1639 1656 1685 1728 1730 1743 1764 1798 1823 1857 1869 1890 1894 1897 1909 1911 1955 1959 1993 1996
7: 9 41 203 250 302 304 345 357 358 363 364 400 404 409 442 467 500 515 520 525 542 574 588 615 691 717 725 792 833 916 942 956 1019 1049 1082 1116 1124 1131 1160 1167 1206 1219 1238 1303 1380 1381 1394 1408 1428 1436 1442 1472 1485 1498 1502 1534 1569 1576 1589 1590 1700 1723 1771 1820 1839 1846 1886 1903 1918 1919 1936 1941 1943 1962 1982
8: 10 42 100 120 127 140 177 185 189 191 209 210 213 216 218 251 265 303 386 468 506 514 577 598 630 635 649 714 769 788 790 932 959 960 1036 1050 1076 1103 1127 1178 1217 1255 1260 1268 1307 1365 1367 1386 1462 1571 1580 1640 1658 1683 1832 1843 1907 1922 1923 1961
9: 11 40 69 98 121 152 161 169 277 279 283 291 296 317 334 336 338 370 427 437 459 475 482 483 485 490 501 561 596 602 603 621 654 665 726 732 733 746 771 796 812 826 876 927 949 962 970 976 977 1001 1084 1105 1133 1139 1150 1152 1172 1200 1208 1228 1233 1253 1288 1310 1314 1338 1356 1369 1377 1409 1456 1469 1478 1523 1546 1552 1577 1595 1616 1632 1657 1661 1684 1693 1706 1799 1816 1847 1878 1904 1924 1948 1950 1958 1972 1974 1989
10: 12 21 29 64 76 81 85 126 190 208 258 349 351 517 528 534 609 653 706 710 715 766 768 791 831 838 859 868 900 934 953 1006 1040 1074 1108 1170 1186 1216 1236 1274 1278 1287 1313 1340 1362 1418 1448 1542 1622 1636 1642 1670 1678 1762 1777 1800 1829 1841 1848 1871 1879 1881 1916 1921 1930 1938 1940 1978 1979 1995
11: 13 37 80 83 110 129 135 143 145 270 315 375 422 424 439 440 471 535 632 644 656 761 765 785 835 841 845 854 855 886 923 940 980 984 985 1005 1015 1016 1037 1052 1058 1073 1096 1123 1154 1192 1234 1237 1242 1243 1252 1294 1315 1343 1395 1406 1453 1477 1513 1520 1549 1594 1600 1615 1626 1673 1686 1708 1713 1724 1727 1752 1802 1815 1957 1969 1970 1983 1988
12: 14 227 275 309 324 346 383 541 640 702 815 873 975 1010 1118 1194 1247 1259 1355 1467 1537 1540 1581 1583 1598 1618 1704 1731 1787 1814
13: 15 16 52 62 109 124 128 132 134 144 204 245 305 333 355 397 408 428 447 463 489 509 516 522 526 538 551 564 587 599 634 677 678 687 688 705 712 744 756 801 809 824 843 856 875 951 987 1004 1060 1066 1088 1100 1102 1109 1121 1181 1182 1267 1280 1302 1316 1360 1439 1449 1457 1475 1480 1509 1529 1555 1559 1572 1609 1619 1674 1716 1748 1757 1773 1778 1795 1821 1825 1865 1893 1912 1934 1942
14: 17 23 25 30 88 116 168 175 282 288 294 365 372 380 382 415 441 445 477 521 527 546 563 648 650 683 690 735 758 762 774 784 787 794 858 878 882 891 947 954 963 971 990 1021 1022 1026 1035 1045 1047 1053 1071 1090 1117 1119 1148 1222 1225 1282 1283 1297 1304 1322 1328 1347 1351 1352 1375 1392 1398 1403 1416 1430 1434 1446 1468 1473 1486 1493 1527 1558 1560 1585 1591 1690 1694 1702 1711 1786 1790 1801 1810 1822 1824 1835 1874 1876 1973
15: 19 56 61 63 82 139 157 158 160 226 273 321 347 431 466 474 494 510 591 607 617 620 623 638 667 695 729 731 734 738 753 760 763 767 777 786 844 864 881 897 926 966 995 1013 1030 1043 1048 1054 1099 1151 1180 1188 1230 1261 1275 1284 1359 1385 1414 1423 1459 1494 1495 1507 1521 1526 1548 1556 1568 1606 1644 1677 1680 1695 1703 1726 1733 1751 1758 1836 1845 1855 1873 1896 1910 1977 1987
16: 20 44 46 75 153 249 285 436 444 537 573 585 613 655 740 825 852 872 1091 1344 1390 1433 1511 1528 1719 1768 1808 1838
17: 22 66 89 103 220 254 259 263 278 292 306 313 339 373 434 453 462 497 507 524 532 545 557 580 589 597 612 700 701 711 736 737 804 830 834 853 887 979 1014 1033 1063 1072 1087 1092 1095 1141 1163 1165 1235 1326 1404 1405 1417 1466 1503 1535 1538 1633 1687 1697 1722 1770 1842 1849 1861 1864 1905 1937 1939 1951 1968 1971 1976 1990 1998
18: 24 38 57 114 205 379 419 480 495 512 523 556 604 724 832 842 846 883 918 937 948 958 964 986 988 1011 1017 1023 1028 1086 1175 1290 1296 1323 1339 1483 1491 1624 1631 1747 1761 1774 1780 1785 1791 1812 1902 1913 1954
19: 27 49 50 70 179 184 211 237 255 274 284 297 325 337 374 384 390 391 392 412 413 417 421 435 470 496 548 552 559 590 606 684 698 708 741 754 755 775 783 874 888 907 915 944 955 973 1027 1081 1098 1120 1130 1156 1187 1195 1227 1246 1249 1257 1281 1298 1311 1327 1382 1399 1411 1413 1443 1460 1487 1496 1510 1532 1575 1584 1610 1620 1638 1653 1707 1750 1776 1784 1794 1805 1828 1833 1895 1917 1920 1926 1929 1947 1953 1956 1964 1986 1997
20: 28 31 74 301 432 554 659 925 991 1069 1111 1144 1146 1190 1226 1353 1461 1588 1628 1681
21: 32 47 173 174 186 231 233 268 307 323 326 327 473 505 682 716 929 931 981 1029 1038 1042 1110 1122 1213 1221 1263 1266 1337 1489 1500 1505 1508 1740 1755 1789 1837 1899
22: 33 39 65 112 113 170 183 322 329 335 352 353 359 416 451 479 555 575 636 637 748 823 829 847 879 905 935 1018 1025 1055 1061 1115 1125 1164 1173 1193 1203 1218 1272 1276 1308 1335 1342 1350 1368 1384 1400 1407 1421 1454 1471 1479 1517 1562 1563 1587 1596 1613 1645 1646 1648 1651 1688 1689 1701 1735 1739 1759 1760 1781 1783 1788 1796 1804 1818 1831 1858 1862 1868 1884 1901 1932 1933 1949 1967 1975 1999
23: 35 68 92 94 138 167 194 195 212 221 222 225 241 261 348 376 398 402 423 448 450 543 562 643 658 663 673 681 713 770 808 810 857 917 945 950 1075 1097 1158 1199 1293 1299 1363 1372 1396 1543 1565 1570 1599 1634 1675 1734 1767 1806 1860 1867 1914
24: 36 102 104 118 122 131 151 243 344 403 458 484 488 498 530 536 544 586 593 622 646 675 679 840 922 967 1159 1197 1212 1289 1292 1295 1329 1358 1497 1524 1564 1586 1611 1623 1652 1668 1669 1775 1811 1840 1851 1863 1875 1931 1944
25: 54 115 147 150 180 199 244 269 295 340 356 361 387 405 407 455 461 499 570 571 600 614 618 619 641 642 657 718 742 778 789 813 820 828 837 849 906 909 957 983 992 1057 1065 1107 1112 1138 1140 1149 1176 1177 1215 1239 1254 1265 1277 1291 1305 1325 1364 1412 1455 1514 1525 1533 1550 1579 1672 1717 1718 1745 1766 1772 1782 1803 1819 1830 1872 1882 1883 1887 1891 1906 1927 1966 1981 1985 1994
26: 58 72 93 95 207 230 478 481 491 584 629 685 730 793 851 869 1162 1241 1441 1470 1522 1654 1676
27: 59 67 71 106 125 137 146 181 200 202 236 253 257 266 293 298 332 389 410 411 425 443 472 487 492 540 549 550 581 595 647 672 674 696 747 752 800 816 861 972 1003 1008 1039 1064 1083 1089 1093 1129 1135 1179 1204 1224 1258 1301 1319 1348 1387 1437 1488 1492 1515 1530 1547 1573 1607 1608 1647 1649 1663 1721 1756 1765 1870 1888 1889 1925 1935 1965
28: 60 77 90 133 262 314 457 518 529 727 743 749 880 896 902 904 936 1024 1101 1136 1232 1349 1357 1402 1465 1476 1582
29: 105 171 178 217 281 388 395 429 454 469 476 502 519 772 798 803 811 914 952 969 1012 1031 1056 1113 1128 1147 1250 1306 1309 1334 1370 1373 1397 1422 1512 1541 1809
30: 107 119 141 149 192 198 206 219 272 276 320 367 381 393 396 418 558 583 608 628 661 668 693 721 739 759 764 782 817 866 877 901 912 913 961 989 1000 1044 1051 1059 1134 1189 1198 1207 1209 1240 1262 1264 1331 1332 1341 1354 1371 1389 1393 1458 1567 1602 1679 1692 1712 1714 1720 1725 1732 1834 1898 1945
31: 108 228 239 286 310 354 377 385 433 446 565 572 582 662 689 751 821 889 978 993 1153 1202 1211 1345 1419 1425 1451 1463 1516 1544 1574 1710 1792 1866
32: 162 264 287 289 567 703 707 750 797 867 893 1143 1155 1388 1410 1426 1431 1481 1501 1659 1754 1763 1797 1807
33: 165 224 242 256 280 290 460 631 780 807 822 924 933 1046 1070 1106 1191 1251 1366 1536 1561
