0: 0 14 51 83 108 120 124 127 144 149 184 186 197 222 228 259 277 307 342 349 352 353 386 441 535 574 601 604 659 689 692 708 709 723 730 747 770 813 860 890 937 991 998 1008 1112 1117 1118 1148 1169 1172 1197 1248 1256 1257 1258 1298 1311 1340 1351 1379 1387 1408 1427 1441 1461 1482 1514 1566 1579 1606 1612 1659 1697 1711 1734 1745 1755 1764 1807 1817 1821 1825 1836 1924 1937 1944 1986 1995 1998
1: 1 72 112 138 210 221 388 404 420 511 544 579 627 648 649 719 735 756 762 787 797 841 876 882 897 994 1005 1102 1158 1170 1178 1199 1276 1301 1310 1316 1319 1325 1391 1424 1458 1487 1517 1543 1572 1591 1696 1739 1750 1758 1760 1808 1911 1936
2: 2 46 137 202 251 262 278 281 299 345 394 521 525 526 540 557 686 688 722 780 915 948 955 1021 1024 1159 1210 1237 1254 1274 1401 1423 1438 1451 1554 1557 1563 1674 1702 1749
3: 3 31 65 88 194 237 309 362 573 820 838 840 898 942 1061 1100 1109 1304 1398 1529
4: 4 39 44 103 135 146 158 178 224 243 275 288 361 369 416 423 437 477 478 492 605 658 675 680 809 836 856 872 912 931 939 985 1033 1074 1099 1138 1150 1202 1230 1238 1291 1300 1355 1397 1399 1409 1422 1494 1568 1618 1718 1728 1744 1756 1792 1833 1849 1916 1930 1941 1978
5: 5 15 102 205 272 273 398 545 546 559 651 657 678 713 725 733 745 766 783 843 889 949 1019 1108 1180 1326 1360 1367 1521 1558 1600 1624 1625 1629 1710 1723 1742 1761 1794 1872
6: 6 23 43 56 130 189 229 232 403 449 482 516 629 645 772 779 800 874 978 983 1036 1103 1110 1122 1137 1208 1241 1270 1378 1440 1486 1547 1548 1626 1669 1720 1784 1806 1812 1860 1874 1900 1914
7: 7 50 58 150 159 199 253 323 357 401 476 505 548 586 610 613 653 700 704 785 878 1048 1101 1174 1190 1421 1426 1450 1504 1587 1615 1665 1693 1729 1746 1775 1831 1913
8: 8 30 123 200 230 236 293 301 444 445 460 498 519 536 566 784 807 816 859 900 917 934 940 961 965 1020 1025 1034 1076 1113 1192 1204 1264 1288 1383 1455 1462 1470 1498 1536 1611 1767 1829 1843 1846 1855 1905
9: 9 142 338 339 382 414 513 530 534 808 844 869 880 962 989 1002 1028 1046 1229 1293 1357 1376 1429 1570
10: 10 136 280 340 347 387 418 643 742 929 1231 1356 1380 1393 1419 1466 1633 1648 1716 1736
11: 11 75 198 245 257 390 467 485 494 510 607 646 701 803 819 887 908 1012 1098 1346 1412 1428 1592 1654 1682 1779 1809
12: 12 29 36 94 105 109 153 223 276 289 297 363 402 619 624 720 738 768 793 920 922 956 1014 1132 1166 1239 1242 1247 1269 1407 1454 1512 1531 1561 1636 1645 1647 1796 1799 1830 1875 1904 1926 1932
13: 13 38 49 117 118 122 170 171 181 207 241 263 267 279 333 381 435 473 509 515 520 568 618 644 711 721 739 789 804 806 833 884 896 902 905 907 923 1060 1142 1185 1228 1277 1305 1312 1322 1344 1396 1445 1453 1484 1502 1503 1511 1541 1599 1642 1658 1709 1816 1891 1893 1933 1953 1958 1961 1967 1970 1988
14: 16 19 208 256 286 310 331 487 503 523 679 788 893 1013 1084 1303 1361 1382 1444 1464 1652 1655 1675 1678 1681 1687 1748 1837
15: 17 42 64 203 239 290 292 321 392 399 429 517 563 577 612 687 712 726 761 802 926 928 969 975 1010 1026 1038 1127 1181 1209 1244 1302 1333 1335 1343 1371 1392 1404 1413 1480 1546 1551 1578 1588 1650 1677 1708 1773 1786 1787 1802 1895 1942 1956
16: 18 82 351 440 499 661 668 672 750 839 862 950 968 1227 1280 1389 1436 1475 1522 1603 1608 1757 1778
17: 20 62 68 73 89 116 187 234 248 314 315 317 373 419 432 455 524 532 550 683 731 879 958 960 980 1004 1016 1029 1146 1165 1179 1260 1266 1324 1373 1385 1459 1537 1589 1632 1640 1661 1686 1731 1759 1841 1845
18: 21 125 160 211 258 433 454 457 518 576 625 650 743 744 857 925 935 944 990 1063 1070 1086 1096 1114 1175 1219 1222 1272 1329 1334 1414 1501 1577 1617 1653 1781 1793 1803 1804 1834 1931 1935
19: 22 92 99 121 155 213 235 240 255 264 306 341 366 372 479 496 502 537 542 551 553 555 567 575 685 751 759 781 821 825 870 952 976 1001 1007 1045 1066 1073 1131 1163 1187 1198 1287 1339 1384 1534 1560 1564 1607 1627 1712 1724 1726 1785 1840 1859 1870 1889 1892 1898 1945 1974 1982 1991
20: 24 47 93 100 119 134 161 218 242 250 298 312 322 334 336 431 436 438 533 603 620 637 663 691 718 727 728 736 740 748 764 795 801 827 829 892 910 918 954 977 981 992 1023 1040 1047 1055 1068 1079 1083 1088 1107 1120 1124 1135 1140 1195 1206 1212 1216 1218 1268 1349 1362 1403 1405 1420 1434 1439 1472 1479 1483 1525 1526 1643 1688 1689 1706 1727 1762 1769 1777 1822 1856 1883 1884 1887 1901 1908 1921 1923 1939 1949 1960 1965 1968
21: 25 70 113 133 152 167 173 179 185 191 220 316 330 350 371 407 410 443 446 481 483 547 552 611 634 638 662 670 671 817 845 865 970 987 995 1035 1064 1065 1078 1136 1160 1259 1353 1358 1386 1417 1418 1430 1463 1471 1473 1505 1519 1602 1609 1613 1620 1644 1730 1798 1811 1885 1920 1934 1938 1943 1983 1984 1992 1994 1996
22: 26 53 95 139 164 190 260 261 282 378 389 442 599 617 673 796 828 933 1062 1072 1097 1151 1152 1156 1246 1251 1296 1299 1328 1330 1425 1431 1468 1496 1509 1530 1571 1598 1747 1813 1839 1853 1864 1880 1888
23: 27 148 154 343 375 395 409 430 451 456 578 580 596 665 757 760 826 832 849 861 957 972 1003 1126 1173 1196 1214 1253 1255 1388 1567 1657 1705 1715 1789 1827 1858 1902 1922
24: 28 76 107 151 219 377 400 771 792 852 927 1188 1220 1232 1320 1381 1395 1460 1520 1631 1704
25: 32 79 80 176 238 285 346 354 356 360 379 396 408 465 486 562 569 592 630 652 695 715 777 835 848 863 881 885 943 945 947 971 988 1030 1042 1053 1075 1115 1125 1157 1167 1182 1183 1189 1194 1233 1240 1262 1295 1306 1315 1336 1354 1369 1443 1449 1465 1467 1478 1499 1506 1524 1533 1549 1562 1580 1628 1630 1667 1713 1768 1819 1848 1871 1876 1882 1896 1947 1962 1993
26: 33 37 177 227 335 367 461 609 676 810 818 1041 1069 1085 1123 1133 1263 1342 1402 1491 1518 1553 1719
27: 34 40 52 57 60 110 145 206 212 215 246 337 393 427 474 480 489 538 572 591 600 626 681 837 864 886 916 921 924 1171 1184 1201 1294 1332 1365 1437 1469 1477 1481 1539 1574 1581 1656 1664 1700 1740 1805 1820 1835 1852 1863 1879 1897 1899 1925 1946 1966 1972 1975 1977 1987
28: 35 55 157 165 174 214 300 304 313 326 327 359 452 493 556 565 571 583 595 635 647 656 660 706 714 769 798 824 850 853 854 866 919 964 1011 1050 1081 1111 1128 1129 1141 1143 1279 1308 1317 1338 1348 1359 1410 1416 1476 1528 1545 1575 1583 1596 1649 1738 1772 1907 1912 1917 1919 1955 1976 1979 1989
29: 41 54 98 180 233 254 271 284 318 319 329 358 368 374 391 434 453 490 491 500 561 564 582 585 621 669 677 696 707 716 755 765 791 799 812 903 946 951 966 1022 1027 1049 1191 1207 1235 1252 1292 1327 1345 1368 1400 1510 1513 1555 1582 1634 1668 1692 1698 1828 1847 1881 1915
30: 45 61 128 376 462 466 590 594 763 842 974 993 1145 1168 1289 1372 1375 1415 1508 1527 1550 1593 1594 1621 1663 1695 1752 1765 1854
31: 48 66 97 129 166 183 196 265 380 384 397 459 463 471 543 593 606 631 794 805 822 823 855 914 984 1018 1039 1057 1071 1092 1153 1186 1273 1318 1394 1495 1515 1535 1565 1614 1635 1701 1741 1770 1790 1838 1866 1868 1878 1918 1948 1959
32: 59 71 84 101 111 126 132 140 147 156 162 169 193 195 291 308 311 370 383 417 426 439 464 488 495 512 541 636 699 705 734 752 774 786 814 899 911 932 973 986 1006 1032 1051 1056 1067 1080 1121 1144 1234 1286 1314 1350 1370 1374 1452 1485 1559 1619 1639 1673 1703 1717 1725 1763 1850 1869 1950 1990
33: 63 168 201 217 226 325 344 469 531 655 847 895 1139 1217 1448 1507 1532 1616 1646 1680 1691 1694
34: 67 77 78 85 87 114 163 172 182 244 268 274 355 422 450 508 539 558 570 581 584 587 589 608 623 639 684 690 694 717 729 746 754 883 904 913 938 997 1015 1043 1052 1058 1082 1087 1089 1090 1116 1177 1249 1282 1283 1297 1321 1364 1366 1432 1442 1488 1497 1516 1523 1586 1601 1623 1637 1662 1714 1721 1732 1735 1751 1766 1771 1788 1791 1797 1814 1824 1832 1873 1927 1928 1929 1954 1957 1971 1980 1981 1985 1997
35: 69 81 86 90 106 192 209 252 283 295 302 324 364 406 415 472 507 514 522 632 641 664 674 710 732 741 749 767 773 790 868 873 901 1009 1031 1094 1106 1130 1193 1205 1224 1236 1278 1284 1285 1363 1411 1433 1500 1538 1542 1569 1573 1605 1610 1671 1684 1685 1707 1743 1754 1844 1861 1862 1910 1952 1963 1964 1969 1973 1999
36: 74 143 175 320 405 412 421 468 501 504 588 614 776 871 909 963 996 1017 1037 1077 1154 1200 1213 1226 1250 1275 1313 1323 1390 1446 1456 1556 1670 1774 1782 1795 1800 1823 1842 1865
37: 91 131 141 225 296 413 424 458 484 527 529 549 597 598 633 778 834 894 941 1054 1095 1105 1134 1149 1161 1176 1267 1271 1290 1307 1347 1352 1377 1435 1490 1544 1552 1597 1604 1651 1660 1699 1780 1826 1886 1903 1951
38: 96 104 204 231 249 287 425 448 470 475 506 622 640 666 724 753 782 858 953 999 1000 1093 1211 1265 1337 1622 1722 1733 1776 1783 1810 1815 1857 1867
39: 115 188 266 294 303 328 332 348 428 497 554 615 616 654 667 682 697 703 815 867 875 888 930 979 982 1059 1119 1162 1203 1221 1447 1474 1489 1492 1584 1590 1595 1679 1690 1737 1753 1818 1851 1877 1906 1909
40: 216 247 270 365 411 528 560 602 642 693 758 775 811 830 831 906 936 959 1044 1091 1104 1155 1164 1223 1243 1245 1261 1309 1341 1406 1457 1493 1540 1638 1641 1666 1672 1676 1683 1801 1890 1894 1940
41: 269 305 385 447 628 698 702 737 846 851 877 891 967 1147 1215 1225 1281 1331 1576 1585
