0: 0 30 70 90 92 117 132 155 187 201 223 249 275 286 373 411 434 451 455 462 516 530 536 659 675 705 711 728 753 794 817 854 876 894 940 951 954 1039 1045 1069 1073 1129 1161 1175 1186 1201 1279 1314 1333 1438 1467 1550 1616 1636 1701 1765 1794 1822 1837 1902 1935 2016 2100 2161 2162 2168 2173 2175 2206 2222 2244 2286 2307 2308 2359 2400 2420 2429 2486 2568 2571 2596 2598 2645 2654 2744 2796 2814 2840 2901 2913 2918 2969 2988
1: 1 7 10 75 78 123 124 133 134 135 149 163 172 265 268 279 299 331 337 342 402 425 427 453 463 485 502 568 575 581 590 607 668 695 743 760 783 819 822 837 857 864 872 877 911 925 947 953 961 964 972 974 976 1023 1040 1061 1079 1090 1125 1133 1176 1196 1243 1253 1294 1313 1354 1355 1375 1399 1402 1403 1407 1412 1417 1422 1427 1449 1453 1522 1525 1569 1607 1611 1642 1669 1679 1685 1735 1757 1825 1877 1891 1919 1965 1975 2019 2075 2117 2139 2140 2196 2220 2228 2293 2306 2437 2495 2502 2522 2566 2593 2604 2612 2642 2651 2662 2694 2719 2764 2791 2827 2863 2865 2890 2960 2964 2978
2: 2 73 74 94 208 213 243 250 274 285 452 475 544 572 592 602 608 611 626 704 720 762 767 811 853 866 909 916 935 1001 1052 1054 1071 1092 1140 1160 1178 1211 1213 1252 1271 1276 1293 1338 1339 1486 1491 1540 1559 1628 1640 1683 1718 1751 1763 1808 1840 1881 1898 1899 1903 1910 1963 2007 2013 2061 2101 2170 2189 2199 2259 2332 2341 2354 2356 2405 2544 2546 2603 2659 2674 2683 2746 2759 2779 2793 2802 2825 2839 2888 2930 2979
3: 3 11 14 25 93 174 176 219 222 263 284 288 297 301 317 343 344 348 371 378 382 414 422 479 525 531 537 549 553 578 583 588 596 601 640 643 662 664 673 706 718 744 746 747 757 776 791 792 801 834 879 891 918 920 966 982 994 1058 1072 1078 1086 1094 1119 1144 1179 1190 1251 1265 1292 1301 1352 1353 1362 1364 1391 1418 1420 1488 1538 1578 1580 1598 1629 1655 1690 1697 1699 1719 1759 1785 1798 1800 1803 1829 1856 1863 1936 1941 1953 1971 1983 1996 2020 2113 2164 2246 2253 2322 2325 2335 2347 2348 2349 2353 2357 2363 2409 2416 2445 2450 2467 2494 2513 2514 2576 2597 2606 2629 2641 2658 2701 2714 2716 2731 2769 2780 2788 2794 2876 2912 2954 2977 2991
4: 4 34 66 104 141 233 253 270 283 295 303 328 345 361 430 439 454 520 559 564 600 682 689 698 717 732 741 809 863 902 1053 1077 1152 1164 1170 1212 1239 1270 1273 1303 1335 1345 1401 1429 1541 1582 1670 1732 1781 1819 2165 2233 2251 2267 2372 2531 2652 2675 2756 2789 2887 2958 2975
5: 5 137 146 156 232 264 312 413 441 504 540 546 558 622 751 838 1005 1028 1029 1155 1234 1259 1261 1263 1264 1285 1295 1376 1446 1476 1552 1646 1649 1725 1731 1799 1826 1838 1859 1864 1908 2026 2041 2059 2060 2123 2272 2282 2388 2419 2461 2511 2517 2572 2695 2713 2762 2774 2797 2846 2883 2961 2968
6: 6 23 31 128 198 238 260 380 390 395 442 476 486 515 567 646 745 786 818 858 904 919 983 1097 1115 1199 1216 1282 1297 1483 1501 1518 1532 1553 1570 1746 1784 1848 1851 1886 1928 1950 1972 1982 2149 2171 2213 2315 2319 2323 2336 2371 2403 2554 2587 2648 2655 2739 2749 2830 2832 2894 2904 2971 2981 2985
7: 8 77 130 171 179 292 321 336 353 357 383 406 407 472 497 506 552 606 619 657 658 795 850 913 924 956 995 1002 1012 1089 1091 1109 1120 1122 1126 1218 1315 1319 1326 1349 1350 1431 1496 1524 1557 1630 1647 1674 1677 1720 1733 1741 1779 1809 1830 1850 1901 1986 2010 2025 2038 2067 2102 2178 2216 2290 2313 2370 2383 2398 2438 2523 2559 2636 2670 2679 2684 2686 2697 2699 2777 2818 2826 2844 2866 2994
8: 9 27 153 161 184 200 227 333 424 517 518 630 645 677 777 788 790 882 908 963 1022 1063 1142 1217 1300 1360 1445 1452 1472 1526 1575 1680 1767 1783 1828 1895 1917 1932 1948 1964 1978 2002 2008 2046 2112 2185 2197 2245 2277 2318 2337 2346 2365 2428 2432 2537 2575 2586 2775 2813 2858 2874 2889 2910 2916 2935 2939 2980 2989
9: 12 15 37 59 143 151 195 211 242 262 272 290 300 309 347 351 359 369 385 450 484 488 495 534 541 550 580 597 603 650 687 712 719 750 815 828 860 890 929 945 960 965 986 990 1024 1123 1132 1139 1187 1197 1254 1274 1288 1318 1323 1332 1341 1370 1380 1554 1558 1565 1566 1592 1617 1641 1643 1658 1689 1691 1696 1722 1726 1769 1780 1791 1793 1806 1849 1867 1878 1887 1990 2006 2040 2047 2065 2077 2096 2135 2154 2176 2202 2221 2260 2276 2295 2342 2414 2426 2440 2457 2539 2549 2631 2649 2692 2734 2792 2800 2923 2936 2974 2983 2990 2995 2999
10: 13 39 127 400 492 768 825 870 907 946 977 1137 1188 1215 1304 1322 1351 1396 1561 1651 1676 1703 1756 1835 1876 2009 2030 2090 2126 2131 2134 2333 2417 2591 2720 2850 2881
11: 16 32 50 55 296 363 464 483 503 505 582 605 625 694 761 769 805 816 883 910 967 969 1011 1020 1062 1093 1100 1106 1165 1210 1255 1275 1278 1290 1296 1327 1359 1363 1461 1482 1539 1574 1576 1612 1622 1623 1709 1716 1747 1772 1786 1817 1818 1845 1869 1921 1961 1973 1999 2052 2084 2110 2151 2210 2236 2250 2305 2309 2368 2377 2389 2451 2453 2472 2541 2551 2583 2595 2607 2660 2742 2747 2757 2914 2921 2943
12: 17 105 122 193 266 356 362 440 542 573 674 722 941 1006 1098 1128 1200 1272 1298 1471 1614 1666 1721 1736 1762 1787 1795 1832 1854 1884 1892 1955 1956 1984 1991 1992 2085 2095 2121 2163 2310 2314 2343 2379 2460 2503 2508 2530 2536 2582 2609 2616 2678 2688 2781 2787 2845 2860 2924 2941 2944 2950
13: 18 36 46 57 85 111 112 147 167 181 183 190 202 218 235 281 304 305 323 325 360 368 384 397 447 460 554 571 587 623 628 635 647 737 775 789 793 798 852 934 981 1000 1034 1038 1043 1088 1141 1145 1150 1154 1156 1258 1262 1289 1305 1307 1336 1357 1386 1411 1433 1441 1442 1459 1520 1577 1631 1657 1686 1752 1802 1814 1853 1862 2001 2023 2088 2128 2172 2218 2237 2278 2281 2352 2433 2435 2480 2500 2521 2550 2573 2588 2630 2639 2667 2820 2854 2878 2915 2932 2998
14: 19 24 33 43 48 49 67 88 113 199 255 277 293 313 320 324 387 412 431 444 458 482 510 523 538 584 636 641 655 679 685 756 759 772 784 823 836 855 868 873 895 912 915 926 984 996 999 1016 1030 1048 1076 1080 1103 1105 1181 1195 1207 1222 1238 1286 1287 1308 1310 1361 1378 1390 1423 1434 1436 1443 1497 1515 1517 1560 1579 1602 1605 1608 1619 1627 1635 1672 1687 1694 1712 1724 1729 1739 1801 1805 1873 1875 1882 1909 1939 1942 1969 2032 2035 2078 2105 2119 2129 2142 2179 2186 2198 2208 2212 2223 2225 2261 2270 2274 2283 2297 2304 2321 2327 2330 2331 2394 2434 2464 2468 2470 2520 2524 2548 2592 2599 2618 2635 2668 2690 2700 2723 2745 2760 2805 2879 2886 2926 2952 2973 2976 2982 2987
15: 20 65 83 121 212 254 314 319 354 377 398 420 433 490 551 774 842 931 936 1047 1157 1177 1316 1415 1450 1494 1586 1688 1834 2108 2156 2169 2177 2182 2209 2215 2255 2296 2329 2345 2390 2402 2452 2462 2491 2610 2611 2627 2704 2721 2725 2735 2751 2834
16: 21 63 96 194 269 340 432 459 491 512 667 676 778 804 831 928 1183 1324 1384 1425 1519 1571 1827 1872 1993 2093 2137 2148 2190 2195 2234 2249 2269 2564 2712 2801 2809
17: 22 58 114 205 216 316 386 417 429 467 604 634 764 899 943 962 1035 1124 1193 1291 1481 1573 1664 1774 1782 2048 2107 2252 2344 2412 2441 2475 2590 2601 2620 2709 2732 2778 2803 2819 2862 2867
18: 26 106 165 206 217 330 367 394 418 438 456 469 528 618 651 671 691 749 754 773 1203 1404 1474 1475 1487 1547 1589 1700 1717 1748 1789 1824 1839 1865 1912 2005 2031 2070 2087 2124 2147 2157 2256 2265 2317 2382 2411 2527 2574 2580 2584 2623 2766 2821 2841 2938
19: 28 98 102 103 125 164 177 282 389 449 524 561 713 714 832 846 849 851 921 1060 1184 1347 1466 1535 1682 1706 1744 1773 1775 1885 1906 1931 1938 2000 2054 2089 2125 2152 2183 2204 2685 2722 2768 2852 2861 2877
20: 29 86 138 144 209 224 245 278 405 423 615 670 699 755 766 829 839 888 903 952 1102 1220 1242 1257 1269 1330 1419 1421 1430 1536 1555 1594 1610 1624 1708 1713 1750 1841 1889 2012 2050 2081 2146 2153 2194 2229 2284 2302 2328 2386 2391 2406 2444 2447 2463 2506 2519 2535 2646 2689 2730 2753 2810 2859 2882 2937
21: 35 54 131 182 291 365 419 509 593 614 735 797 938 949 987 1056 1191 1198 1321 1367 1512 1593 1625 1847 1868 1940 1957 2036 2058 2184 2217 2262 2465 2482 2534 2637 2647 2733 2798
22: 38 76 97 175 221 246 256 352 595 684 701 770 782 802 821 942 1026 1049 1065 1084 1113 1393 1416 1521 1527 1595 1760 1777 2280 2288 2298 2300 2392 2421 2488 2512 2515 2525 2545 2622 2657 2663 2681 2835 2868 2885 2906
23: 40 51 80 168 178 230 437 468 496 499 591 927 971 978 1032 1114 1127 1131 1135 1167 1168 1192 1209 1250 1268 1340 1379 1408 1439 1463 1523 1533 1599 1684 1730 1738 1916 1923 1944 1951 1970 1976 2106 2114 2351 2376 2381 2395 2418 2422 2478 2501 2528 2614 2656 2671 2786 2955
24: 41 136 139 180 204 207 306 327 379 404 445 513 563 579 612 669 672 715 740 748 780 787 810 845 847 862 896 897 988 1010 1050 1108 1110 1138 1185 1205 1221 1229 1236 1240 1306 1328 1394 1395 1534 1544 1584 1653 1723 1749 1770 1790 1900 1954 1974 2003 2018 2029 2055 2071 2191 2205 2279 2427 2449 2507 2538 2608 2705 2726 2790 2842 2880 2900 2920 2925 2948 2957 2967 2992 2993
25: 42 53 71 89 145 150 236 374 511 526 529 532 569 609 620 656 686 688 742 799 820 824 830 843 887 930 1208 1241 1344 1356 1377 1405 1454 1455 1516 1693 1715 1768 1833 1905 1911 1967 1980 2011 2015 2033 2056 2133 2144 2224 2291 2303 2358 2448 2456 2570 2619 2687 2763 2847 2898 2908 2931
26: 44 45 60 61 84 95 119 126 129 186 214 241 287 366 399 448 461 478 507 533 539 577 585 648 663 708 709 725 727 758 765 781 814 826 859 923 975 1007 1014 1015 1041 1148 1182 1194 1204 1224 1231 1281 1317 1320 1325 1334 1346 1387 1388 1424 1426 1440 1457 1478 1489 1490 1505 1507 1511 1542 1543 1562 1564 1581 1588 1597 1618 1637 1662 1742 1743 1745 1821 1842 1883 1904 1925 1933 1934 1968 1985 2021 2043 2064 2076 2079 2094 2120 2160 2193 2239 2240 2242 2257 2264 2301 2340 2364 2378 2380 2385 2404 2430 2442 2459 2473 2485 2492 2504 2510 2540 2542 2553 2555 2567 2664 2666 2672 2708 2748 2772 2799 2811 2823 2891 2911 2917 2928 2940 2949 2953 2963 2970 2972 2996
27: 47 56 101 166 185 231 308 381 388 415 521 547 594 633 642 716 729 731 812 900 958 979 980 1025 1283 1410 1477 1508 1549 1585 1870 1871 1897 1907 1914 1966 1981 2053 2118 2122 2227 2232 2263 2326 2362 2399 2458 2552 2565 2585 2653 2669 2693 2702 2849 2856 2933 2946 2962
28: 52 120 258 276 318 341 346 375 421 428 436 654 692 710 869 1042 1134 1342 1373 1456 1468 1493 1531 1665 1705 1812 1890 2063 2109 2116 2268 2476 2477 2479 2563 2717 2767 2782
29: 62 162 188 349 477 480 489 494 522 548 576 624 629 637 653 697 738 779 905 922 933 948 1009 1021 1064 1082 1083 1118 1121 1151 1163 1225 1237 1247 1267 1348 1398 1460 1479 1480 1495 1537 1568 1604 1615 1668 1678 1711 1714 1740 1755 1761 1776 1796 1810 1926 1937 1943 1949 1987 2039 2072 2073 2074 2097 2098 2111 2136 2167 2192 2203 2254 2266 2273 2292 2423 2425 2431 2469 2471 2474 2487 2489 2526 2633 2711 2750 2884 2922 2945 2956 2959
30: 64 157 252 267 334 358 410 416 435 487 493 543 724 752 917 950 970 989 1149 1180 1226 1245 1266 1409 1458 1499 1528 1572 1603 1639 1654 1692 1704 1766 1815 1880 1913 1915 1929 1945 1946 2066 2080 2141 2235 2238 2366 2490 2532 2533 2617 2626 2677 2755 2785 2815 2897 2942
31: 68 72 100 159 247 298 335 376 392 465 574 638 666 721 726 813 841 875 881 885 914 1018 1066 1087 1147 1233 1365 1371 1447 1638 1652 1710 1753 1874 1930 1988 2103 2158 2180 2285 2339 2369 2665 2680 2783
32: 69 79 140 203 244 391 409 443 466 678 733 763 827 944 997 1059 1143 1230 1244 1246 1277 1413 1530 1606 1613 1650 1702 1771 1813 1816 1893 1979 1995 2027 2057 2241 2247 2258 2367 2375 2410 2578 2602 2673 2707 2724 2736 2869 2892
33: 81 91 99 116 118 142 225 257 311 338 470 500 562 796 803 861 973 985 1017 1036 1130 1162 1214 1260 1385 1389 1428 1435 1462 1503 1548 1563 1633 1698 1823 1831 1866 1920 1962 2214 2231 2316 2443 2466 2493 2496 2505 2518 2625 2634 2638 2727 2741 2804 2806 2816 2817 2836 2838 2851 2857 2929 2951
34: 82 173 220 248 251 259 273 370 426 481 519 555 556 589 631 652 665 736 871 892 893 991 992 998 1081 1099 1107 1206 1219 1228 1309 1329 1358 1366 1406 1451 1510 1621 1660 1667 1671 1728 1764 1924 1958 1977 1994 2014 2034 2037 2069 2083 2091 2104 2230 2271 2374 2387 2415 2454 2481 2497 2761 2795 2934
35: 87 234 239 408 473 613 617 632 734 856 865 867 1008 1013 1019 1027 1033 1046 1117 1172 1223 1256 1280 1392 1397 1414 1469 1485 1498 1596 1601 1663 2022 2062 2092 2155 2219 2294 2384 2393 2397 2640 2643 2644 2650 2682 2754 2758 2784 2808 2812 2829 2864 2873
36: 107 108 109 191 197 210 228 229 237 271 302 355 396 403 457 498 527 557 560 565 566 639 649 660 683 702 707 730 771 785 800 807 840 844 848 878 886 901 906 932 957 993 1003 1004 1037 1055 1068 1074 1096 1111 1136 1146 1158 1159 1171 1174 1248 1249 1331 1374 1381 1382 1437 1444 1464 1465 1470 1484 1502 1504 1514 1529 1567 1609 1626 1648 1656 1661 1673 1675 1734 1737 1754 1758 1792 1820 1855 1922 1959 1997 2044 2045 2115 2130 2132 2143 2145 2150 2174 2200 2201 2243 2289 2338 2355 2413 2446 2455 2499 2557 2560 2561 2562 2569 2615 2676 2703 2710 2715 2737 2743 2771 2773 2837 2843 2848 2893 2895 2899 2905 2909 2927 2947 2966 2984 2986 2997
37: 110 158 169 294 307 339 401 471 598 610 680 833 884 898 1044 1067 1104 1173 1235 1299 1302 1343 1369 1506 1545 1583 1591 1600 1620 1836 1843 1896 1952 1960 1998 2017 2082 2248 2299 2311 2350 2396 2407 2439 2516 2558 2613 2661 2728 2729 2738 2740 2831 2855 2872 2896 2919
38: 115 154 215 226 326 332 350 446 508 535 586 599 616 627 690 835 889 1085 1095 1153 1202 1312 1372 1432 1448 1727 1846 1861 1879 1894 2004 2068 2086 2181 2211 2287 2320 2424 2498 2547 2691 2696 2698 2752 2822 2824 2871
39: 148 152 160 170 189 196 240 280 315 322 372 501 514 545 644 693 703 723 806 808 874 939 955 1051 1070 1112 1166 1227 1500 1509 1556 1632 1644 1645 1659 1807 1844 1852 1858 1918 1947 2028 2049 2051 2166 2187 2188 2275 2324 2373 2401 2483 2556 2577 2579 2632 2718 2765 2770 2807 2833 2875 2903 2907 2965
40: 192 261 289 310 329 393 681 696 700 880 937 959 1031 1075 1116 1189 1232 1284 1311 1383 1400 1513 1546 1551 1634 1707 1778 1788 1804 1811 1857 1888 2042 2099 2127 2226 2312 2334 2360 2436 2484 2529 2581 2589 2600 2605 2621 2624 2828 2870 2902
41: 364 474 570 621 661 739 968 1057 1101 1169 1337 1368 1473 1492 1587 1590 1681 1695 1797 1860 1927 1989 2024 2138 2159 2207 2361 2408 2509 2543 2594 2628 2706 2776 2853
