0: 0 45 46 62 116 122 125 144 162 196 227 237 259 266 269 294 303 346 355 385 402 430 508 519 554 595 616 646 674 744 747 754 840 850 857 861 898 906 915 993 1021 1040 1056 1078 1095 1097 1108 1141 1196 1205 1224 1230 1242 1243 1292 1293 1304 1306 1318 1329 1344 1358 1363 1385 1416 1476 1492 1501 1503 1510 1597 1647 1658 1687 1689 1706 1726 1738 1767 1796 1851 1863 1878 1933 1964 1988 1997 2015 2028 2063 2068 2115 2142 2173 2201 2262 2264 2271 2296 2314 2329 2336 2358 2359 2394 2405 2430 2435 2453 2488 2519 2548 2577 2613 2651 2662 2670 2697 2704 2732 2756 2767 2774 2787 2826 2846 2848 2869 2902 2921 2931 2973 2987
1: 1 10 87 146 184 232 268 304 400 401 518 548 577 591 614 627 657 817 822 920 983 1115 1131 1185 1207 1282 1328 1341 1342 1370 1560 1571 1572 1645 1675 1680 1773 1779 1785 1809 1858 1942 2022 2102 2161 2187 2253 2325 2532 2541 2693 2893 2909
2: 2 24 110 158 170 176 190 200 201 288 290 336 352 356 376 381 404 412 464 478 497 506 515 517 522 556 573 579 620 667 670 706 776 796 811 831 832 859 869 871 910 938 955 957 959 970 973 999 1036 1049 1055 1088 1107 1122 1146 1186 1244 1248 1265 1283 1314 1317 1331 1336 1387 1403 1411 1418 1421 1438 1479 1505 1539 1566 1567 1581 1591 1612 1626 1627 1657 1695 1709 1718 1725 1783 1791 1811 1852 1871 1941 2003 2018 2025 2075 2095 2106 2131 2146 2196 2204 2214 2232 2239 2251 2294 2322 2335 2406 2469 2494 2510 2546 2579 2661 2674 2679 2687 2736 2740 2834 2860 2865 2873 2877 2896 2911 2933 2944 2956 2963 2974 2992 2999
3: 3 14 28 112 114 135 147 185 203 243 255 292 343 350 361 414 421 422 424 436 458 463 472 540 572 619 634 650 683 701 743 759 792 815 860 889 904 913 1004 1069 1076 1101 1124 1126 1144 1161 1163 1251 1257 1333 1343 1377 1471 1489 1528 1534 1536 1622 1624 1651 1666 1703 1713 1746 1771 1778 1916 1938 1968 2000 2005 2017 2033 2034 2054 2108 2126 2134 2137 2176 2266 2347 2354 2372 2384 2403 2409 2412 2433 2437 2445 2475 2489 2531 2559 2607 2621 2633 2667 2694 2714 2751 2786 2789 2794 2795 2840 2932 2961 2993
4: 4 5 7 12 35 66 78 90 165 167 209 363 364 433 434 443 476 492 514 551 575 590 635 704 725 758 782 789 905 911 929 933 935 975 1031 1032 1145 1154 1157 1170 1229 1233 1299 1310 1330 1334 1440 1449 1454 1472 1514 1558 1582 1584 1587 1588 1631 1640 1652 1679 1681 1694 1707 1795 1834 1900 1932 1949 1991 2014 2031 2056 2067 2098 2111 2138 2141 2159 2169 2202 2219 2235 2244 2290 2317 2331 2340 2417 2418 2454 2461 2474 2501 2525 2543 2555 2570 2596 2598 2668 2702 2708 2737 2742 2769 2824 2841 2850 2890 2906 2920 2925 2945 2986 2988 2990 2991
5: 6 29 37 41 58 79 98 117 152 191 198 228 234 242 301 338 373 403 411 426 461 466 535 549 587 603 647 653 662 739 803 808 854 874 891 948 956 987 991 1000 1011 1015 1096 1169 1177 1227 1266 1273 1281 1348 1369 1380 1441 1473 1508 1515 1521 1526 1533 1575 1613 1664 1686 1701 1724 1750 1756 1772 1818 1835 1870 1887 1910 1969 2002 2010 2069 2099 2125 2157 2182 2190 2191 2203 2230 2246 2320 2334 2338 2389 2391 2407 2414 2443 2462 2465 2478 2542 2557 2563 2589 2635 2669 2684 2716 2720 2779 2859 2900 2916 2924 2926 2934 2966 2979 2995
6: 8 32 69 151 263 327 369 389 417 428 529 532 643 673 694 715 735 741 773 798 918 1003 1027 1075 1094 1136 1159 1208 1288 1289 1327 1445 1517 1529 1531 1603 1621 1777 1790 1800 1827 1839 1918 1943 1946 2074 2116 2236 2278 2293 2326 2352 2366 2415 2467 2583 2586 2591 2597 2602 2615 2618 2619 2647 2680 2698 2706 2707 2722 2754 2771 2773 2796 2801 2807 2904 2923 2970
7: 9 63 141 312 329 393 398 475 491 569 601 649 768 824 844 925 936 937 971 1039 1057 1065 1085 1090 1092 1128 1172 1216 1262 1307 1401 1425 1428 1555 1611 1696 1735 1766 1774 1832 1868 1898 1986 2220 2243 2357 2378 2500 2504 2518 2523 2537 2550 2605 2610 2617 2629 2665 2677 2692 2780 2847 2917 2968 2978
8: 11 99 121 180 239 276 442 471 480 534 561 565 749 1156 1354 1458 1484 1545 1562 1643 1758 1802 1804 1841 1848 2180 2197 2210 2374 2377 2470 2508 2521 2551 2578 2686 2723 2806 2866
9: 13 18 50 101 106 124 133 216 236 272 300 330 351 498 528 602 656 690 713 721 733 734 761 769 787 809 848 864 866 901 972 1079 1084 1112 1245 1276 1296 1313 1323 1324 1326 1335 1372 1404 1442 1450 1455 1535 1593 1650 1719 1751 1784 1793 1794 1799 1807 1823 1869 1888 1902 1956 1981 1994 2030 2113 2166 2188 2254 2289 2305 2316 2327 2344 2422 2441 2496 2572 2624 2626 2638 2645 2673 2685 2703 2721 2750 2755 2758 2823 2842 2852 2868 2872 2883 2912 2927 2946 2948 2952 2980 2982
10: 15 38 102 136 225 258 347 459 468 502 557 669 835 907 966 1042 1198 1200 1238 1315 1397 1541 1548 1576 1628 1641 1697 1710 1769 1891 1917 1978 2009 2162 2274 2277 2343 2599 2604 2741 2816
11: 16 20 23 104 208 313 431 671 820 825 870 890 893 914 947 949 951 965 1058 1274 1362 1386 1463 1468 1507 1520 1544 1609 1633 1747 1781 1894 1958 1999 2037 2089 2090 2228 2283 2306 2321 2337 2432 2446 2479 2502 2526 2552 2701 2713 2727 2815 2849
12: 17 31 84 120 280 297 319 325 388 574 576 583 604 663 799 810 875 962 980 989 1067 1180 1193 1220 1231 1286 1420 1443 1457 1497 1542 1605 1669 1711 1821 1842 1884 1911 1985 2082 2147 2200 2217 2267 2361 2436 2516 2562 2676 2738 2791 2810 2835 2874 2881 2907 2929 2937
13: 19 25 218 309 371 429 432 566 629 737 802 814 837 899 964 984 1081 1106 1412 1451 1481 1602 1786 1817 1840 1895 1960 1965 2080 2101 2194 2207 2245 2285 2300 2371 2386 2413 2544 2623 2639 2715
14: 21 55 57 83 123 137 148 192 229 310 331 415 455 547 580 655 672 720 801 807 816 852 888 985 1001 1034 1054 1113 1120 1183 1240 1252 1277 1287 1305 1554 1620 1659 1667 1698 1722 1745 1752 1792 1820 1856 1862 1881 1953 1980 2004 2127 2152 2156 2165 2178 2189 2297 2393 2448 2451 2509 2575 2728 2763 2776 2880 2947 2964 2971 2983
15: 22 47 105 139 160 349 525 597 613 703 716 745 790 880 896 903 921 1074 1275 1452 1500 1644 1712 1889 1924 1937 2021 2060 2083 2097 2124 2143 2241 2434 2459 2499 2584 2601 2641 2744 2845
16: 26 42 53 54 61 96 130 164 182 207 233 244 261 271 278 279 293 299 394 407 413 482 531 546 568 596 617 677 746 777 806 879 923 942 997 1007 1010 1013 1024 1046 1064 1072 1125 1137 1138 1147 1152 1189 1209 1249 1271 1309 1357 1379 1396 1424 1429 1466 1470 1568 1594 1614 1638 1639 1678 1754 1768 1901 1950 1975 2013 2052 2071 2135 2148 2167 2192 2211 2213 2287 2291 2315 2363 2390 2400 2401 2404 2447 2560 2568 2594 2634 2705 2752 2768 2805 2814 2884 2908 2914 2918 2949 2959
17: 27 34 44 64 75 107 173 187 199 231 251 260 265 334 435 441 449 465 503 521 523 537 564 582 593 630 717 756 836 894 900 974 1102 1158 1171 1250 1374 1506 1525 1580 1606 1607 1653 1656 1665 1685 1730 1849 1854 1874 1948 1971 2079 2093 2151 2292 2341 2350 2397 2402 2458 2554 2593 2632 2793 2887
18: 30 81 88 284 321 505 507 542 618 764 1006 1071 1091 1149 1165 1212 1217 1255 1366 1402 1405 1410 1540 1673 1731 1765 1780 1892 1959 1983 2008 2348 2399 2566 2567 2664 2783 2825
19: 33 39 40 80 95 103 155 157 197 235 283 291 342 378 382 392 406 408 440 469 536 543 563 612 686 700 712 762 772 785 786 804 821 823 830 851 856 863 881 887 908 922 932 940 963 968 979 1002 1048 1052 1153 1173 1234 1259 1270 1291 1302 1321 1346 1392 1409 1431 1436 1464 1502 1524 1543 1549 1625 1629 1677 1692 1740 1763 1797 1810 1826 1886 1903 1915 1982 2006 2016 2036 2040 2047 2120 2121 2128 2133 2150 2185 2199 2259 2281 2301 2302 2303 2310 2313 2346 2387 2411 2429 2450 2460 2466 2493 2495 2588 2590 2627 2770 2803 2833 2857 2875 2879 2898 2901 2910 2940 2953 2967
20: 36 60 67 91 100 134 153 159 193 194 206 220 224 226 247 289 302 317 339 341 354 370 375 533 545 598 636 658 659 687 738 753 795 819 882 885 924 943 1026 1043 1068 1100 1111 1133 1143 1179 1191 1214 1253 1285 1320 1364 1375 1381 1426 1447 1453 1488 1504 1519 1532 1546 1561 1596 1601 1618 1630 1649 1668 1683 1733 1737 1739 1764 1775 1822 1843 1861 1890 1935 1955 1987 2041 2042 2048 2086 2088 2130 2140 2175 2198 2216 2221 2233 2298 2376 2383 2398 2416 2464 2472 2497 2507 2545 2564 2582 2595 2612 2646 2657 2675 2690 2717 2748 2757 2762 2778 2822 2829 2853 2894 2938 2939 2942 2943 2951 2955 2969 2972 2984 2985
21: 43 174 736 877 919 958 1022 1033 1119 1460 1483 1490 1671 1742 1761 1782 1803 2050 2103 2114 2149 2155 2168 2193 2258 2272 2379 2491 2527 2576 2660
22: 48 49 94 115 211 212 252 254 256 418 553 571 585 666 685 711 728 757 805 827 978 981 1018 1019 1030 1045 1176 1203 1290 1339 1345 1360 1373 1383 1398 1499 1676 1721 1762 1945 2104 2132 2177 2240 2256 2263 2280 2332 2345 2442 2520 2538 2553 2558 2573 2574 2606 2608 2609 2611 2643 2659 2663 2695 2726 2765 2792 2812 2876 2919 2928 2976
23: 51 76 150 188 214 230 248 267 270 298 322 337 344 357 358 365 380 410 416 481 483 495 496 538 541 560 578 586 588 621 631 665 676 680 702 742 813 839 855 912 926 939 941 969 990 1017 1041 1062 1082 1105 1114 1117 1118 1123 1175 1190 1210 1215 1221 1263 1303 1359 1365 1384 1391 1434 1439 1523 1527 1563 1586 1592 1599 1608 1632 1662 1688 1699 1748 1755 1789 1801 1816 1830 1838 1867 1873 1882 1897 1923 1926 1939 1957 2026 2043 2049 2051 2107 2109 2122 2123 2129 2163 2181 2184 2225 2270 2295 2318 2324 2349 2368 2375 2380 2381 2410 2420 2423 2438 2456 2457 2630 2652 2683 2709 2718 2725 2749 2797 2818 2827 2851 2854 2858 2882 2903 2913 2915 2950 2962 2994 2996
24: 52 77 163 169 204 223 286 296 305 425 457 490 499 530 570 626 628 648 668 675 679 699 730 783 784 842 853 946 952 1023 1050 1051 1059 1083 1127 1284 1298 1325 1347 1400 1414 1496 1537 1570 1616 1635 1660 1749 1770 1788 1845 1875 1893 1904 1951 1976 2064 2070 2110 2206 2209 2249 2268 2330 2367 2373 2517 2556 2653 2724 2729 2892 2965 2977 2989 2998
25: 56 59 111 178 275 399 447 487 493 501 510 592 625 740 750 781 800 897 1300 1308 1474 1485 1518 1585 1615 1670 1672 1860 1905 1947 1961 1967 2023 2275 2286 2299 2505 2547 2603 2861 2891
26: 65 97 113 215 332 333 359 387 395 396 489 526 562 600 719 727 767 927 977 1020 1047 1098 1134 1166 1188 1199 1218 1254 1261 1272 1312 1351 1371 1427 1462 1477 1513 1550 1564 1595 1610 1646 1776 1815 1831 1912 1930 1990 2027 2076 2174 2215 2237 2238 2269 2279 2308 2425 2482 2487 2511 2522 2536 2549 2631 2734 2817 2862 2930 2936 2997
27: 68 142 145 195 245 306 379 397 462 509 708 812 1235 1267 1269 1408 1491 1530 1565 1682 1814 1908 1973 2007 2057 2388 2449 2476 2592 2614 2745
28: 70 118 129 175 274 281 340 383 448 477 637 693 858 928 945 1116 1121 1184 1246 1256 1399 1465 1478 1604 1855 1992 1993 2065 2153 2164 2226 2284 2323 2427 2512 2515 2581 2656 2766 2788 2843 2871
29: 71 119 166 246 353 409 439 451 516 544 607 652 654 748 779 930 1014 1029 1103 1130 1160 1164 1280 1430 1583 1655 1828 2046 2087 2091 2195 2307 2360 2439 2455 2480 2524 2642 2654 2743
30: 72 161 217 250 326 420 452 473 504 916 1012 1213 1322 1469 1516 1578 1674 1714 1760 1812 1853 1927 1931 1944 1974 1996 2077 2139 2154 2218 2231 2304 2339
31: 73 128 213 264 282 386 419 513 555 610 633 732 793 895 1223 1406 1444 1551 1661 1879 1913 2055 2058 2059 2261 2365 2408 2421 2540 2622 2658 2671 2689 2747 2831
32: 74 186 257 374 444 456 494 500 558 589 638 723 876 988 1073 1099 1204 1228 1241 1390 1475 1487 1577 1708 1798 1866 1970 2096 2179 2223 2288 2355 2385 2431 2580 2650 2784 2799
33: 82 89 179 189 210 240 391 486 488 559 594 606 608 632 641 678 688 695 709 828 867 1070 1110 1174 1201 1239 1295 1422 1480 1569 1805 1833 1846 1934 2044 2212 2222 2265 2356 2392 2534 2644 2710 2753 2785 2790 2819 2839 2897
34: 85 109 154 241 308 316 324 368 450 474 485 692 705 718 770 794 826 833 834 845 862 868 884 996 1035 1037 1061 1063 1148 1192 1211 1279 1332 1355 1415 1417 1433 1512 1691 1716 1808 1819 1836 1859 1864 1865 1966 1977 2035 2045 2144 2145 2170 2242 2312 2503 2681 2691 2731 2760 2782 2811 2828 2838 2922
35: 86 92 108 131 168 172 348 366 367 423 484 511 584 624 640 684 697 698 707 729 766 797 841 843 849 883 892 902 953 967 1038 1139 1168 1194 1268 1301 1376 1382 1435 1456 1459 1498 1538 1556 1573 1589 1590 1619 1623 1637 1717 1741 1829 1883 1907 1922 1972 2053 2073 2078 2085 2094 2205 2276 2311 2342 2382 2396 2426 2463 2481 2483 2484 2498 2506 2535 2620 2628 2719 2730 2777 2781 2802 2804 2830 2870 2885 2888 2895 2954 2958 2960 2975
36: 93 183 328 377 384 427 445 539 639 774 1060 1140 1337 1349 1353 1368 1388 1423 1486 1552 1598 1642 1723 1732 1734 1813 1844 1850 1877 1914 1919 2032 2038 2072 2136 2158 2227 2255 2333 2370 2428 2440 2533 2640 2655 2739 2759
37: 126 132 262 307 315 372 446 467 512 520 615 696 726 791 818 872 944 994 998 1066 1093 1135 1167 1202 1222 1356 1389 1579 1654 1702 1705 1720 1736 1744 1787 1872 1876 1899 1909 1962 1995 1998 2061 2084 2160 2183 2208 2247 2260 2273 2319 2471 2486 2514 2616 2636 2700 2733 2761 2775 2836 2863 2981
38: 127 202 249 273 311 470 605 642 751 755 760 873 1028 1086 1264 1311 1316 1319 1378 1493 1495 1547 1574 1684 1700 1743 1837 1954 2011 2024 2117 2172 2248 2444 2477 2561 2585 2600 2625 2648 2666 2712 2764 2808 2820 2821 2867
39: 138 219 405 437 454 681 689 714 763 788 886 909 917 986 1005 1044 1053 1132 1142 1206 1294 1361 1367 1394 1437 1482 1757 1885 1920 1921 1928 1952 2001 2029 2081 2119 2186 2229 2369 2424 2513 2528 2699 2889 2899
40: 140 177 287 320 362 390 479 651 661 691 724 731 775 838 982 1087 1104 1197 1226 1247 1260 1340 1350 1432 1446 1461 1494 1553 1600 1617 1634 1825 1896 1940 1963 1984 2062 2066 2092 2100 2250 2309 2328 2353 2364 2395 2473 2485 2565 2672 2678 2800 2832 2856 2957
41: 143 156 171 221 222 253 314 323 438 527 567 599 611 645 780 878 931 960 961 1077 1080 1150 1151 1155 1182 1225 1232 1237 1297 1352 1448 1663 1690 1704 1753 1880 1929 1989 2012 2039 2118 2252 2362 2468 2530 2682 2837 2844 2855 2864 2886
42: 149 295 318 460 644 710 847 995 1016 1109 1162 1236 1338 1393 1407 1522 1557 1636 1728 1759 1824 1847 1857 1925 2452 2490 2492 2587 2735 2746 2772
43: 181 238 285 552 581 622 623 660 682 722 771 778 865 934 976 1008 1025 1089 1219 1395 1413 1511 1559 1727 1729 1936 2171 2224 2257 2529 2569 2637 2798
44: 205 277 335 345 360 453 524 550 609 664 752 765 829 846 950 954 992 1009 1129 1178 1181 1187 1195 1258 1278 1419 1467 1509 1648 1693 1715 1806 1906 1979 2019 2020 2105 2112 2234 2282 2351 2419 2539 2571 2649 2688 2696 2711 2809 2813 2878 2905 2935 2941
