0: 0 38 43 60 64 69 149 165 225 232 248 263 276 310 377 383 469 492 503 586 598 616 635 665 668 678 690 693 717 723 736 782 806 836 850 860 894 905 961 976 983 1020 1060 1081 1101 1104 1113 1120 1137 1217 1231 1406 1434 1463 1466 1538 1556 1574 1629 1647 1689 1700 1732 1808 1820 1834 1836 1850 1869 1919 1979 1993 2012 2025 2027 2030 2035 2053 2057 2083 2110 2119 2129 2199 2273 2307 2353 2363 2379 2404 2458 2461 2485 2496 2591 2602 2621 2648 2671 2672 2699 2714 2720 2731 2761 2818 2848 2865 2878 2889 2890 2909 2932 2939 2973 2987 3064 3065 3081 3083 3145 3160 3179 3204 3206 3304 3335 3361 3367 3413 3430 3487 3501 3554 3560 3583 3587 3604 3614 3646 3673 3678 3706 3730 3744 3752 3765 3798 3815 3824 3891 3917 3944 4003 4014 4017 4028 4051 4083 4099 4242 4243 4245 4291 4308 4331 4335 4391 4427 4428 4434 4441 4450 4452 4455 4467 4508 4558 4588 4593 4602 4624 4651 4656 4674 4685 4705 4721 4734 4759 4762 4778 4790 4793 4794 4807 4828 4830 4839 4843 4854 4883 4886 4905
1: 1 4 117 179 220 392 567 756 853 871 958 1117 1140 1151 1152 1185 1405 1425 1437 1484 1606 1613 1623 1740 1746 1779 1902 1941 2165 2193 2218 2249 2337 2387 2444 2483 2552 2628 2947 2972 3067 3147 3184 3202 3212 3281 3301 3331 3343 3358 3368 3389 3466 3511 3546 3701 3735 3885 3909 3982 4011 4168 4189 4198 4257 4336 4372 4574 4600 4645 4722 4942 4981 4996
2: 2 18 74 106 113 123 127 182 222 246 298 311 317 330 367 373 387 438 485 551 552 561 565 680 695 739 771 778 868 887 890 893 994 1004 1007 1021 1022 1088 1262 1328 1332 1357 1390 1411 1443 1470 1478 1493 1562 1590 1612 1667 1725 1752 1762 1782 1785 1788 1802 1831 1842 1899 2011 2017 2109 2135 2163 2261 2272 2302 2374 2386 2397 2442 2465 2509 2527 2536 2557 2649 2684 2708 2737 2748 2755 2764 2794 2851 2868 2875 2895 3022 3055 3100 3119 3210 3228 3300 3310 3407 3424 3439 3490 3563 3618 3664 3697 3700 3723 3729 3779 3795 3816 3818 3822 3847 3852 3884 4029 4060 4086 4087 4095 4102 4131 4142 4155 4166 4187 4196 4213 4215 4223 4234 4240 4256 4258 4286 4310 4389 4390 4447 4448 4527 4536 4541 4543 4549 4608 4649 4678 4688 4694 4742 4822 4835 4841 4913 4931 4967
3: 3 21 53 75 101 102 103 104 183 254 274 357 372 393 436 577 618 630 761 769 790 792 845 870 897 899 925 939 946 990 992 993 1026 1048 1064 1086 1100 1115 1123 1147 1149 1187 1191 1295 1296 1402 1410 1456 1485 1541 1552 1633 1742 1794 1813 1817 1859 1874 1892 1949 1955 1961 1969 2024 2059 2065 2084 2132 2133 2159 2162 2175 2203 2222 2260 2270 2343 2375 2419 2441 2457 2463 2519 2522 2583 2599 2620 2627 2650 2659 2681 2695 2703 2730 2734 2777 2821 2830 2838 2839 2877 2888 2901 2917 2944 3037 3101 3135 3141 3146 3164 3168 3218 3224 3226 3248 3254 3284 3324 3375 3397 3420 3423 3432 3451 3465 3545 3548 3552 3556 3619 3641 3659 3689 3728 3770 3780 3787 3805 3821 3825 3833 3837 3907 3911 3925 3928 3955 3956 3990 4001 4004 4019 4040 4073 4098 4130 4153 4181 4252 4260 4289 4363 4376 4377 4420 4423 4433 4457 4464 4548 4578 4643 4672 4691 4713 4746 4774 4791 4863 4896 4945
4: 5 14 54 76 270 380 405 490 498 591 627 731 747 754 767 855 922 929 964 989 1264 1281 1290 1304 1415 1419 1476 1486 1620 1652 1712 1787 1846 1881 1962 1974 1987 2047 2075 2079 2131 2160 2177 2180 2220 2234 2236 2268 2285 2316 2500 2503 2613 2736 2843 2867 2916 3008 3031 3095 3171 3213 3283 3297 3401 3421 3523 3537 3575 3579 3592 3627 3672 3748 3789 3808 3842 4002 4018 4136 4179 4199 4453 4550 4597 4598 4659 4708 4747 4802 4819 4865 4875 4909
5: 6 34 57 71 85 145 166 211 233 237 342 424 445 499 516 555 580 700 785 787 826 889 919 972 973 1006 1017 1068 1129 1203 1273 1318 1338 1384 1393 1398 1401 1422 1461 1586 1699 1929 1988 2039 2282 2311 2436 2526 2587 2711 2724 2735 2820 2957 3153 3181 3348 3454 3484 3488 3620 3708 3838 3904 3916 3940 3969 4007 4143 4154 4171 4358 4393 4406 4515 4655 4739 4881 4885 4938 4994
6: 7 87 136 150 176 181 189 307 401 543 569 625 657 742 804 819 867 923 1079 1257 1285 1335 1341 1345 1378 1412 1483 1609 1675 1730 1768 1781 1800 1838 1841 1890 1936 1971 1984 2002 2018 2033 2105 2173 2252 2321 2345 2381 2432 2474 2622 2630 2700 2733 2767 2876 2927 2943 2945 3030 3089 3139 3144 3162 3196 3200 3215 3235 3268 3277 3422 3427 3449 3461 3462 3505 3507 3603 3632 3669 3707 3709 3784 3844 3879 3882 3918 3953 4025 4057 4088 4122 4139 4250 4272 4295 4337 4369 4397 4440 4444 4528 4561 4577 4641 4661 4729 4834 4838 4853 4882 4907 4915
7: 8 59 167 192 198 199 200 221 292 336 347 368 413 415 423 440 453 456 460 484 494 512 514 527 531 550 587 634 636 649 655 666 670 687 705 726 727 728 730 732 770 822 827 885 891 928 982 984 1023 1122 1154 1170 1195 1199 1208 1209 1222 1226 1229 1242 1302 1316 1330 1340 1348 1358 1361 1370 1371 1372 1424 1430 1451 1480 1488 1568 1600 1672 1674 1694 1703 1714 1736 1738 1792 1797 1839 1878 1901 1934 1966 1975 1997 1999 2009 2036 2060 2071 2074 2088 2144 2167 2219 2266 2281 2284 2299 2301 2332 2360 2380 2416 2433 2480 2543 2553 2554 2572 2624 2631 2670 2691 2712 2744 2759 2824 2836 2871 2897 2904 2920 2950 2955 3002 3143 3148 3190 3222 3276 3308 3311 3320 3322 3330 3333 3365 3399 3410 3436 3485 3510 3513 3536 3561 3577 3578 3580 3608 3612 3630 3631 3633 3640 3647 3750 3774 3796 3866 3874 3898 3908 3930 3968 3974 3995 4015 4030 4044 4059 4093 4106 4151 4157 4160 4183 4206 4233 4284 4290 4319 4321 4468 4473 4477 4510 4514 4556 4618 4633 4642 4671 4676 4702 4716 4764 4784 4786 4821 4836 4842 4860 4864 4887 4901 4908 4989
8: 9 164 201 204 315 416 425 464 611 654 671 699 702 750 773 775 838 856 869 878 945 1001 1067 1128 1207 1291 1319 1352 1400 1442 1445 1467 1489 1951 2050 2062 2108 2362 2494 2518 2704 2709 2795 3133 3270 3437 3480 3497 3675 3711 3950 3958 3970 4079 4085 4164 4274 4478 4484 4573
9: 10 33 37 47 66 81 122 157 209 244 267 284 340 358 384 432 433 465 504 563 570 571 579 581 609 643 698 703 735 758 794 798 816 846 873 952 1054 1061 1096 1107 1119 1136 1182 1186 1251 1252 1312 1354 1369 1392 1403 1408 1481 1539 1547 1558 1594 1607 1661 1680 1708 1720 1753 1851 1862 1885 1947 1981 2013 2019 2069 2164 2306 2325 2335 2358 2377 2396 2399 2438 2456 2478 2512 2530 2563 2580 2594 2654 2742 2772 2817 2840 2847 2886 2891 2934 2961 2977 2984 3000 3059 3075 3080 3091 3096 3099 3205 3241 3247 3271 3278 3305 3352 3353 3357 3363 3376 3396 3402 3425 3527 3571 3573 3682 3694 3696 3715 3732 3801 3807 3840 3863 3872 3959 3976 4008 4020 4080 4084 4101 4115 4124 4141 4177 4204 4228 4275 4400 4424 4456 4469 4480 4544 4565 4582 4590 4607 4634 4666 4667 4711 4712 4730 4763 4806 4846 4876 4916 4959
10: 11 15 88 91 98 105 108 146 168 196 219 227 230 238 247 251 273 275 320 338 395 452 461 480 496 528 559 564 583 653 681 706 718 725 746 748 757 772 818 828 832 837 858 862 896 903 965 970 975 995 1035 1044 1066 1074 1121 1150 1156 1197 1200 1202 1205 1221 1223 1243 1246 1247 1263 1428 1471 1472 1482 1491 1492 1495 1583 1598 1627 1646 1662 1670 1671 1678 1702 1706 1718 1750 1751 1769 1816 1822 1830 1848 1873 1907 1913 1927 1942 1980 2015 2022 2048 2145 2171 2174 2181 2210 2217 2228 2233 2262 2324 2348 2357 2361 2369 2370 2410 2411 2415 2425 2426 2455 2476 2521 2525 2528 2535 2539 2555 2559 2571 2582 2584 2623 2637 2644 2662 2678 2693 2702 2726 2728 2745 2758 2766 2796 2811 2812 2815 2841 2862 2899 2903 2905 2918 2922 2937 2982 2988 3009 3029 3036 3077 3093 3107 3138 3152 3158 3175 3194 3321 3371 3515 3543 3557 3597 3644 3662 3663 3690 3718 3762 3766 3775 3785 3809 3850 3855 3875 3899 3922 3926 3927 3936 3937 3947 4000 4068 4113 4219 4222 4244 4265 4282 4301 4302 4303 4311 4355 4379 4432 4465 4466 4523 4539 4560 4576 4604 4627 4648 4654 4679 4693 4717 4727 4731 4761 4773 4781 4785 4800 4814 4857 4862 4888 4889 4914 4918 4951 4952 4961
11: 12 23 29 77 153 161 193 212 217 388 462 521 537 590 631 663 664 831 881 908 940 942 943 956 979 1032 1039 1058 1158 1211 1259 1260 1274 1327 1339 1373 1395 1417 1423 1468 1473 1504 1505 1507 1537 1658 1659 1664 1737 1757 1760 1812 1829 1856 1875 1889 1923 1985 2003 2007 2045 2141 2155 2191 2201 2231 2244 2251 2423 2546 2575 2593 2658 2669 2707 2719 2834 2892 2912 2935 2965 3054 3154 3166 3189 3317 3328 3441 3452 3471 3493 3495 3605 3869 3893 3941 3997 4125 4129 4190 4281 4304 4309 4320 4328 4346 4382 4429 4470 4503 4525 4554 4603 4613 4704 4726 4770 4852 4869 4897 4941 4965
12: 13 27 40 49 99 100 120 129 169 190 202 207 208 228 260 264 272 283 289 316 351 366 420 458 467 495 505 522 523 534 568 585 606 621 650 721 729 835 859 875 880 931 936 988 997 1002 1012 1029 1043 1065 1094 1111 1163 1176 1193 1196 1228 1256 1362 1458 1536 1551 1578 1624 1654 1722 1723 1735 1758 1778 1863 1932 1977 1990 1996 2023 2051 2072 2077 2112 2179 2211 2237 2265 2271 2340 2351 2417 2418 2472 2504 2570 2633 2688 2750 2753 2774 2775 2776 2844 2849 2850 2863 2880 2990 3018 3039 3050 3056 3150 3159 3193 3207 3214 3220 3232 3233 3257 3267 3274 3298 3306 3334 3354 3359 3409 3414 3459 3491 3532 3564 3572 3598 3623 3636 3686 3687 3725 3733 3738 3749 3767 3800 3827 3858 3912 3924 3942 3949 3965 4024 4036 4090 4096 4116 4118 4128 4184 4203 4294 4374 4380 4439 4449 4472 4483 4517 4552 4567 4568 4585 4614 4620 4629 4653 4662 4696 4772 4775 4788 4797 4808 4832 4855 4919 4928 4962 4968 4979 4982
13: 16 82 86 175 186 194 214 223 224 229 312 345 360 391 513 554 603 626 651 675 709 851 902 935 998 1000 1014 1018 1091 1214 1215 1245 1275 1315 1322 1337 1363 1418 1459 1464 1513 1521 1533 1534 1549 1553 1582 1631 1698 1710 1727 1759 1891 1940 2004 2005 2078 2094 2115 2168 2290 2303 2350 2394 2440 2529 2531 2541 2565 2586 2606 2614 2638 2653 2656 2685 2751 2762 2853 2894 3007 3024 3033 3041 3072 3087 3088 3131 3173 3203 3242 3266 3387 3404 3489 3508 3519 3524 3582 3588 3607 3655 3681 3743 3776 3892 3894 3895 3901 3919 3994 4039 4045 4064 4081 4100 4138 4149 4169 4174 4182 4191 4226 4236 4264 4300 4332 4340 4343 4349 4370 4386 4398 4415 4422 4430 4436 4459 4485 4535 4559 4621 4637 4687 4690 4766 4809 4824 4910 4912 4978 4980 4999
14: 17 52 58 130 148 171 178 226 256 258 285 323 329 334 349 376 378 399 406 437 457 477 493 497 515 529 536 566 576 578 584 623 641 645 713 714 716 738 765 768 776 799 839 843 865 895 947 1025 1073 1077 1093 1124 1131 1138 1146 1212 1241 1313 1317 1368 1394 1416 1431 1441 1496 1503 1506 1524 1564 1566 1567 1572 1584 1597 1634 1666 1685 1707 1747 1755 1761 1763 1770 1771 1780 1786 1795 1804 1810 1818 1855 1867 1909 1933 1939 1945 1954 2010 2028 2070 2081 2090 2118 2127 2137 2139 2143 2149 2158 2170 2184 2190 2216 2238 2277 2279 2296 2314 2318 2339 2392 2431 2439 2443 2451 2495 2502 2548 2549 2589 2611 2646 2677 2710 2717 2781 2829 2854 2855 2887 2925 2946 2979 2985 3014 3066 3073 3085 3106 3111 3129 3132 3169 3314 3336 3483 3496 3512 3526 3528 3533 3551 3555 3566 3629 3645 3667 3692 3712 3734 3769 3772 3778 3781 3788 3793 3802 3811 3820 3823 3841 3856 3890 3910 3961 3972 4052 4103 4107 4148 4161 4163 4170 4172 4218 4231 4317 4326 4373 4388 4392 4399 4402 4405 4409 4462 4471 4474 4516 4538 4564 4571 4606 4681 4682 4723 4787 4805 4826 4833 4849 4861 4892 4917 4969 4998
15: 19 109 111 139 147 155 156 159 218 253 255 259 268 294 332 346 353 447 470 508 509 542 556 589 600 608 672 762 763 774 783 786 795 810 821 823 892 910 950 957 969 986 1041 1046 1070 1075 1083 1145 1181 1183 1236 1249 1266 1276 1279 1289 1324 1326 1334 1353 1356 1365 1366 1382 1396 1404 1420 1499 1510 1515 1546 1557 1576 1579 1588 1589 1599 1602 1614 1639 1641 1648 1657 1726 1799 1801 1819 1826 1854 1858 1861 1871 1884 1895 1896 1900 1903 1917 1925 1928 1959 2014 2041 2052 2058 2063 2100 2101 2187 2195 2214 2246 2254 2280 2289 2319 2328 2333 2359 2378 2393 2409 2437 2466 2473 2523 2533 2564 2590 2616 2618 2629 2680 2692 2694 2697 2741 2754 2778 2782 2785 2792 2833 2882 2913 2914 2919 2952 2954 2989 3001 3046 3049 3069 3115 3128 3191 3251 3255 3263 3340 3370 3386 3391 3394 3418 3460 3468 3474 3494 3498 3504 3593 3626 3628 3638 3656 3657 3691 3727 3777 3790 3834 3835 3843 3873 3888 3900 3921 3962 3981 3991 4027 4069 4074 4112 4152 4202 4238 4246 4249 4254 4263 4333 4334 4342 4357 4408 4446 4451 4479 4481 4486 4490 4496 4522 4545 4551 4557 4572 4605 4668 4675 4767 4780 4827 4831 4851 4880 4894 4902 4922 4924 4929 4933 4940 4955 4958 4976
16: 20 112 173 205 249 333 375 381 386 402 434 486 491 538 604 632 639 720 733 737 849 861 883 884 900 904 912 913 948 953 1172 1234 1309 1325 1349 1397 1508 1571 1601 1604 1697 1728 1796 1828 1865 1920 1944 1983 1986 2021 2096 2148 2151 2183 2278 2384 2398 2486 2501 2542 2574 2617 2771 2845 2870 2915 3021 3043 3062 3114 3163 3219 3245 3250 3252 3339 3434 3477 3525 3568 3716 3722 3758 3829 3836 3883 3887 4031 4077 4110 4120 4197 4208 4327 4329 4353 4414 4498 4513 4524 4579 4611 4631 4752 4776 4795 4803 4825 4872 4877 4944 4954 4956 4964 4984 4991
17: 22 65 126 191 281 302 344 374 419 439 448 473 805 813 876 1045 1053 1103 1142 1144 1230 1248 1253 1258 1344 1347 1367 1387 1409 1446 1469 1522 1569 1615 1621 1640 1773 1774 1789 1868 1904 1968 2034 2049 2098 2116 2136 2146 2176 2204 2205 2264 2274 2294 2297 2322 2323 2334 2479 2537 2560 2635 2639 2642 2674 2698 2706 2756 2769 2791 2921 2938 2951 2994 3035 3048 3113 3155 3183 3201 3315 3349 3362 3469 3570 3617 3761 3806 3819 3854 3867 3945 3964 3966 3967 3984 4021 4033 4041 4063 4065 4089 4162 4216 4225 4248 4271 4375 4425 4437 4458 4531 4553 4663 4735 4745 4777 4845 4850 4867 4972 4975 4987
18: 24 48 63 78 80 90 92 110 118 128 143 177 240 250 296 303 326 370 408 410 414 435 507 524 541 548 557 593 648 685 719 777 781 793 801 809 882 933 959 967 1009 1059 1082 1089 1099 1114 1125 1134 1148 1175 1188 1198 1204 1250 1269 1287 1288 1301 1329 1421 1435 1453 1479 1490 1511 1520 1561 1563 1585 1587 1635 1673 1754 1824 1825 1853 1876 1883 1886 1914 1918 1956 1970 1978 1989 2037 2056 2068 2114 2124 2178 2197 2200 2230 2241 2242 2253 2276 2288 2300 2308 2312 2341 2355 2372 2390 2408 2420 2427 2462 2467 2510 2577 2597 2603 2668 2747 2773 2797 2806 2807 2856 2884 2900 2907 2910 2959 2968 3005 3010 3063 3136 3137 3172 3187 3240 3261 3279 3291 3296 3307 3313 3319 3329 3341 3442 3445 3447 3448 3463 3470 3506 3531 3602 3611 3643 3658 3661 3665 3731 3753 3839 3865 3878 3897 3946 3963 3998 4010 4070 4092 4147 4180 4193 4239 4279 4488 4489 4501 4615 4617 4626 4669 4698 4738 4748 4754 4769 4818 4920 4948 4971 4977
19: 25 119 295 314 328 352 478 808 909 917 1031 1087 1135 1272 1292 1336 1433 1452 1529 1542 1559 1560 1636 1705 1815 1827 1845 1866 1937 1948 1950 2182 2202 2250 2259 2349 2383 2446 2452 2487 2492 2581 2715 2789 2816 2883 3553 3746 3755 3794 3992 4127 4200 4212 4229 4230 4487 4502 4530 4566 4709 4816 4820 4878 4900
20: 26 41 67 215 297 363 364 468 489 633 872 1085 1098 1283 1293 1374 1386 1391 1548 1651 1691 1721 1958 1964 2054 2095 2227 2292 2304 2329 2356 2506 2534 2538 2562 2609 2675 3074 3243 3246 3249 3253 3280 3288 3388 3502 3615 3683 3702 3768 3983 3993 4061 4348 4378 4647 4697 4829 4858 4925
21: 28 46 89 138 185 257 278 291 300 348 354 356 379 404 417 422 427 474 476 502 519 525 532 601 667 676 691 697 701 734 755 779 784 820 844 852 879 907 920 938 949 955 985 999 1034 1036 1049 1056 1057 1069 1092 1095 1108 1118 1162 1166 1171 1184 1255 1265 1298 1303 1306 1314 1343 1377 1427 1429 1436 1440 1487 1497 1577 1580 1596 1611 1669 1683 1695 1709 1764 1772 1793 1811 1833 1857 1870 1880 1921 1963 1967 1972 1994 2006 2064 2076 2104 2121 2134 2154 2156 2208 2209 2223 2413 2445 2447 2454 2460 2471 2515 2516 2558 2561 2636 2641 2651 2701 2738 2790 2857 2858 2861 2960 2970 2976 2997 3003 3028 3060 3086 3094 3142 3149 3198 3236 3258 3282 3290 3299 3312 3316 3327 3344 3350 3377 3383 3403 3428 3435 3455 3500 3518 3550 3558 3584 3586 3594 3595 3609 3740 3783 3792 3814 3903 3915 3934 3957 3971 3973 3988 4006 4012 4035 4043 4046 4053 4072 4159 4178 4247 4253 4267 4268 4283 4296 4312 4318 4359 4361 4435 4463 4475 4521 4546 4555 4586 4595 4612 4652 4673 4684 4740 4751 4755 4757 4758 4765 4768 4779 4799 4837 4848 4911 4936 4970 4973 4990
22: 30 261 290 301 588 640 659 704 911 971 980 987 1016 1126 1133 1139 1159 1206 1227 1235 1380 1383 1407 1438 1550 1570 1581 1637 1677 1679 1860 1893 1924 2055 2111 2120 2169 2207 2287 2450 2470 2520 2568 2723 2808 2813 2837 2866 2980 3025 3026 3068 3230 3323 3373 3472 3565 3567 3671 3679 3719 3726 3771 3979 4056 4058 4237 4270 4351 4401 4410 4419 4476 4511 4623 4692 4771 4798 4868 4870 4904 4926 4937
23: 31 116 131 142 152 277 403 482 533 547 574 605 638 694 749 840 848 898 977 1051 1109 1132 1179 1297 1426 1455 1494 1512 1565 1608 1625 1704 1719 1743 1744 1840 1943 1992 2016 2213 2291 2367 2428 2489 2499 2540 2666 2667 2842 2924 2942 2958 3027 3053 3078 3084 3199 3260 3309 3360 3408 3590 3622 3666 3685 3703 3741 3751 3764 3817 3938 4109 4205 4259 4293 4445 4492 4529 4584 4657 4710 4811 4943 4995
24: 32 39 42 93 124 132 137 187 188 231 242 262 266 299 304 318 339 350 407 409 428 450 510 518 553 573 620 629 679 741 802 807 812 825 834 906 914 915 941 944 968 1005 1040 1050 1076 1153 1160 1174 1224 1232 1244 1261 1270 1307 1375 1388 1462 1500 1523 1528 1530 1543 1617 1619 1649 1660 1684 1688 1745 1809 1879 1887 1908 1938 1953 1982 1998 2046 2082 2087 2089 2107 2157 2226 2257 2263 2298 2313 2368 2388 2400 2459 2477 2488 2511 2513 2547 2551 2588 2598 2605 2626 2647 2705 2722 2752 2770 2780 2799 2814 2885 2902 2962 2978 2999 3042 3057 3090 3110 3121 3134 3140 3186 3195 3211 3259 3294 3338 3355 3356 3384 3385 3392 3411 3444 3529 3596 3599 3653 3654 3674 3684 3710 3717 3831 3868 3877 3880 3896 3905 3913 3920 3985 3989 3999 4023 4049 4050 4055 4094 4105 4117 4146 4269 4273 4276 4305 4323 4356 4394 4416 4421 4426 4460 4491 4583 4594 4639 4680 4686 4732 4744 4899 4903 4927 4930 4932 4974
25: 35 36 51 56 114 115 141 163 321 371 385 441 459 501 511 517 558 628 647 660 673 696 712 752 824 877 930 1080 1178 1194 1271 1280 1323 1331 1359 1360 1381 1444 1454 1501 1644 1645 1724 1729 1749 1832 1905 1915 2029 2092 2138 2150 2192 2221 2243 2245 2309 2406 2414 2469 2544 2569 2612 2619 2632 2652 2664 2686 2732 2783 2788 2801 2805 2825 2864 2869 2874 2906 2929 2948 2956 2964 2974 3004 3044 3045 3098 3170 3178 3209 3217 3237 3264 3269 3332 3345 3381 3395 3412 3431 3503 3514 3520 3589 3677 3698 3763 3782 3871 3933 3939 3952 4026 4133 4192 4262 4277 4313 4314 4360 4368 4384 4526 4534 4563 4619 4665 4706 4719 4934 4988 4992
26: 44 50 70 107 134 154 236 287 327 343 359 365 506 520 540 562 592 595 607 674 707 710 724 760 788 800 847 874 934 991 1030 1042 1105 1161 1164 1169 1177 1284 1350 1449 1450 1532 1540 1630 1638 1733 1748 1766 1784 1798 1805 1864 1897 1926 1935 1976 2040 2067 2085 2113 2122 2140 2188 2255 2258 2267 2305 2346 2354 2395 2412 2468 2490 2532 2550 2601 2634 2660 2682 2743 2746 2768 2828 2931 2969 2992 3013 3015 3051 3079 3102 3112 3120 3123 3292 3318 3325 3364 3372 3405 3433 3438 3467 3486 3522 3539 3650 3676 3832 3848 3906 3932 3975 3978 3980 3996 4013 4042 4066 4071 4075 4078 4210 4211 4297 4330 4364 4365 4367 4371 4383 4404 4407 4413 4418 4505 4601 4632 4736 4873 4966
27: 45 68 79 121 133 151 172 195 239 286 305 319 322 324 355 394 400 442 471 488 572 582 602 656 688 689 708 789 803 815 888 966 1015 1024 1028 1047 1052 1141 1167 1168 1173 1190 1213 1238 1254 1342 1376 1379 1385 1414 1514 1516 1525 1531 1535 1711 1898 1910 1931 1991 2001 2038 2086 2147 2189 2194 2295 2336 2338 2371 2422 2434 2449 2475 2481 2491 2615 2640 2643 2679 2689 2690 2713 2739 2757 2779 2786 2798 2810 2822 2827 2832 2846 2930 2963 3011 3058 3076 3103 3157 3165 3180 3234 3262 3275 3303 3337 3342 3369 3416 3443 3478 3492 3516 3534 3547 3637 3695 3773 3860 3870 3881 3886 3889 3914 4005 4082 4097 4176 4186 4194 4287 4306 4324 4338 4339 4347 4350 4493 4520 4532 4537 4547 4569 4581 4599 4609 4646 4650 4689 4695 4699 4714 4724 4840 4935 4946 4985 4997
28: 55 94 144 158 184 213 234 306 341 451 455 466 479 539 546 610 722 740 830 841 866 886 901 962 1003 1038 1055 1063 1090 1130 1210 1219 1300 1592 1603 1605 1665 1681 1682 1686 1715 1776 1814 1821 1849 1906 1912 1952 1957 2102 2153 2161 2283 2373 2424 2497 2545 2556 2567 2578 2625 2645 2657 2661 2663 2718 2740 2763 2804 2826 2966 2981 3126 3272 3379 3393 3453 3475 3499 3760 3797 3810 3853 3876 3929 3931 4076 4111 4119 4137 4165 4175 4201 4285 4292 4354 4504 4518 4519 4533 4542 4580 4589 4596 4640 4700 4728 4733 4737 4983
29: 61 96 308 396 594 596 669 974 1008 1071 1102 1299 1308 1351 1502 1593 1622 1632 1687 1692 1716 1783 1803 1847 2152 2206 2240 2320 2576 2725 2787 2835 2879 2967 3019 3023 3161 3223 3326 3366 3417 3481 3720 3736 3737 3799 3859 3948 4121 4132 4442 4703 4741 4796 4815
30: 62 125 170 180 243 252 362 382 397 412 418 431 475 535 613 619 622 624 644 652 715 759 766 854 916 918 924 937 954 1084 1216 1220 1267 1320 1346 1439 1465 1518 1519 1527 1555 1573 1591 1616 1626 1655 1676 1690 1717 1791 1837 1843 1852 1872 1888 1916 1922 2031 2061 2091 2103 2126 2142 2166 2185 2198 2225 2239 2248 2376 2389 2391 2430 2453 2524 2595 2673 2716 2721 2727 2729 2749 2881 2928 2940 2953 2986 3012 3034 3071 3109 3130 3177 3182 3192 3244 3273 3287 3295 3380 3382 3406 3429 3440 3476 3521 3538 3562 3625 3668 3688 3699 3705 3724 3739 3745 3747 3791 3813 3828 3849 3923 3986 3987 4047 4062 4091 4104 4108 4123 4135 4158 4173 4188 4214 4255 4261 4307 4316 4322 4344 4362 4395 4454 4461 4497 4540 4622 4660 4725 4760 4817 4856 4890 4947 4957
31: 72 83 140 162 206 241 269 280 309 331 337 398 421 549 599 753 863 951 1010 1013 1019 1072 1112 1225 1460 1474 1509 1575 1642 1656 1713 1835 1911 2000 2020 2106 2186 2229 2247 2286 2317 2347 2484 2573 2596 2610 2665 2683 2784 2793 2802 2803 2860 2893 2898 2995 3006 3047 3070 3097 3151 3221 3227 3229 3231 3265 3302 3398 3450 3482 3574 3591 3621 3652 3714 3756 3786 3845 3846 3857 3864 3935 3960 4009 4032 4034 4140 4150 4235 4251 4298 4299 4417 4495 4575 4587 4591 4625 4756 4804 4847 4866 4879 4949 4963 4993
32: 73 271 313 449 526 544 575 642 684 796 833 857 921 981 1106 1192 1237 1268 1448 1475 1526 1643 1650 1693 1734 1765 1823 1882 2008 2032 2044 2125 2130 2215 2235 2342 2401 2579 2926 3038 3082 3092 3167 3174 3185 3188 3225 3346 3390 3400 3426 3517 3541 3581 3610 3639 3642 4016 4126 4145 4217 4220 4221 4241 4315 4385 4482 4570 4592 4610 4630 4635 4658 4750 4801 4812 4871 4893 4953
33: 84 135 210 245 265 282 361 369 446 454 483 751 797 811 814 817 829 926 932 1033 1165 1239 1321 1389 1399 1457 1595 1610 1618 1663 1807 1965 2066 2123 2256 2275 2310 2364 2402 2403 2505 2566 2676 2760 2809 2823 2859 2908 2911 2941 3016 3285 3351 3415 3419 3458 3509 3540 3648 3649 3713 3754 3861 3862 4038 4048 4114 4156 4209 4224 4280 4396 4443 4499 4506 4509 4562 4677 4718 4743 4789 4810 4813 4898
34: 95 97 288 293 335 389 390 430 444 481 487 545 646 658 692 1110 1127 1157 1278 1286 1311 1355 1554 1668 1696 1756 1790 1930 2026 2097 2117 2212 2293 2327 2331 2352 2365 2385 2421 2493 2507 2514 2517 2600 2819 2872 2873 2923 2933 2996 3289 3464 3530 3569 3585 3601 3616 3721 3826 3902 3951 3977 4037 4054 4185 4232 4352 4366 4411 4628 4636 4670 4683 4715 4720 4753 4859 4874 4895 4921 4939
35: 160 216 325 426 530 597 637 662 677 683 744 1037 1078 1143 1201 1240 1277 1739 1806 2073 2093 2099 2172 2326 2344 2366 2382 2405 2407 2498 2592 2607 2608 2696 2896 3017 3040 3061 3104 3118 3176 3208 3256 3286 3347 3456 3473 3549 3576 3613 3693 3742 3759 3804 3830 3954 4134 4144 4266 4325 4431 4494 4500 4507 4512 4664 4782 4823 4986
36: 174 197 203 411 443 463 472 500 612 614 617 780 864 978 1027 1062 1116 1155 1180 1189 1233 1364 1413 1432 1477 1498 1544 1741 1767 1777 1894 2042 2224 2269 2448 2464 2800 2831 2852 2975 2983 2991 2993 3020 3052 3105 3117 3239 3378 3446 3457 3479 3542 3635 3651 3943 4022 4341 4345 4381 4403 4616 4707 4884 4923 4950 4960
37: 235 429 615 661 682 686 743 745 764 791 963 996 1011 1294 1305 1447 1545 1653 1844 1973 2043 2315 2435 2482 2508 2585 2604 2687 2765 2936 2949 3108 3116 3122 3125 3197 3293 3600 3634 3660 3670 3680 3704 3803 3851 4167 4207 4227 4288 4638 4792 4844 4891 4906
38: 279 560 711 842 927 960 1097 1218 1282 1310 1333 1517 1628 1701 1731 1775 1877 1946 1960 1995 2080 2128 2196 2232 2330 2429 2655 2971 2998 3032 3124 3127 3156 3216 3238 3374 3535 3544 3559 3606 3624 3757 3812 4067 4195 4278 4387 4412 4438 4644 4701 4749 4783
