0: 0 7 24 38 41 50 72 73 119 160 165 251 282 283 317 329 350 461 484 490 524 540 541 566 578 587 614 616 640 641 663 672 708 729 735 819 825 970 977 1051 1062 1065 1072 1118 1124 1186 1201 1337 1383 1441 1481 1499 1578 1584 1661 1664 1667 1681 1699 1724 1732 1751 1763 1829 1830 1860 1893 1906 1907 1939 1940 1959 2055 2082 2129 2136 2150 2160 2200 2254 2289 2290 2313 2316 2340 2423 2442 2505 2510 2581 2641 2680 2688 2737 2753 2778 2785 2814 2819 2828 2841 2874 2945 2979 3003 3005 3047 3061 3067 3073 3076 3078 3101 3106 3136 3166 3171 3172 3208 3240 3255 3256 3277 3282 3303 3316 3333 3451 3455 3469 3481 3513 3522 3526 3545 3580 3602 3659 3674 3752 3757 3768 3832 3834 3855 3889 3940 3948 3967 4023 4046 4119 4161 4173 4203 4215 4254 4271 4438 4470 4520 4536 4577 4609 4640 4645 4687 4705 4720 4722 4785 4788 4795 4834 4843 4850 4852 4872 4884 4892 4897 4924
1: 1 28 33 37 69 190 213 241 242 247 377 418 428 437 491 553 582 659 680 697 707 711 739 751 755 839 929 982 1048 1060 1092 1116 1152 1178 1182 1193 1227 1267 1274 1356 1367 1380 1388 1407 1428 1437 1458 1477 1486 1546 1684 1733 1742 1744 1757 1804 1807 1870 1892 1910 1913 1914 1943 2019 2057 2105 2255 2300 2322 2342 2440 2502 2515 2518 2651 2664 2687 2718 2764 2781 2799 2870 2887 2921 3023 3031 3048 3095 3097 3156 3163 3177 3203 3344 3346 3352 3435 3494 3529 3666 3677 3697 3748 3807 3878 3936 3960 3974 4039 4085 4087 4131 4144 4146 4174 4243 4265 4368 4394 4406 4422 4431 4518 4534 4620 4675 4697 4707 4772 4797 4881 4911 4923 4931 4990
2: 2 5 16 30 40 77 93 98 99 183 189 200 227 264 281 289 311 312 313 321 354 375 384 473 515 518 520 550 615 617 623 644 700 742 764 785 813 818 829 838 874 926 955 961 969 980 1021 1028 1075 1093 1100 1109 1169 1200 1223 1239 1250 1256 1258 1302 1303 1396 1403 1515 1519 1550 1552 1558 1593 1600 1611 1616 1628 1639 1646 1647 1709 1721 1728 1743 1772 1803 1897 1969 2020 2046 2059 2066 2070 2089 2107 2159 2185 2230 2233 2249 2269 2277 2321 2330 2344 2359 2381 2397 2406 2438 2445 2463 2468 2532 2566 2586 2606 2620 2636 2653 2663 2685 2711 2743 2810 2833 2851 2913 2924 2968 2986 2994 3002 3057 3075 3086 3092 3107 3117 3155 3182 3244 3300 3331 3339 3364 3396 3414 3444 3448 3474 3566 3577 3612 3626 3630 3638 3694 3712 3713 3730 3751 3776 3787 3850 3874 3887 3912 3926 3928 3934 4072 4091 4134 4136 4138 4140 4165 4201 4231 4236 4239 4257 4282 4307 4308 4362 4376 4390 4405 4411 4415 4435 4459 4484 4485 4497 4571 4602 4616 4625 4635 4639 4664 4670 4683 4684 4702 4704 4748 4757 4759 4777 4780 4806 4844 4862 4866 4907 4936 4953 4992 4995
3: 3 14 23 34 49 66 74 75 79 85 101 109 118 172 195 245 266 293 310 318 348 369 388 391 411 433 452 511 512 538 549 563 567 589 590 643 645 661 662 779 806 807 853 862 909 924 940 958 975 976 1056 1073 1111 1127 1162 1167 1180 1190 1191 1214 1232 1234 1243 1249 1257 1260 1307 1324 1370 1384 1385 1401 1416 1421 1465 1468 1478 1526 1543 1544 1559 1567 1620 1631 1655 1669 1696 1715 1720 1798 1826 1832 1846 1848 1867 1884 1908 1926 1947 1972 1984 2022 2025 2073 2087 2097 2104 2140 2163 2166 2172 2174 2214 2234 2243 2294 2298 2302 2447 2455 2489 2553 2564 2610 2723 2736 2744 2763 2771 2794 2818 2834 2850 2854 2859 2930 2960 2966 2978 2997 3001 3008 3015 3041 3051 3056 3079 3100 3103 3145 3147 3167 3236 3297 3301 3326 3330 3335 3341 3351 3362 3392 3397 3411 3413 3432 3437 3470 3473 3502 3503 3510 3521 3525 3547 3549 3556 3588 3591 3597 3608 3624 3631 3649 3654 3672 3695 3724 3788 3798 3827 3836 3920 3957 3959 3982 3989 3995 4010 4030 4052 4053 4063 4070 4077 4095 4125 4167 4213 4306 4323 4335 4345 4377 4391 4460 4529 4542 4543 4568 4622 4644 4651 4663 4695 4711 4716 4719 4725 4745 4758 4769 4781 4809 4821 4841 4871 4903 4913 4960 4966 4981
4: 4 158 202 205 301 356 499 505 598 682 718 723 776 795 816 824 849 860 868 875 893 918 943 1001 1061 1229 1318 1366 1404 1503 1589 1645 1692 1747 1834 2075 2162 2303 2549 2689 2697 2748 2795 2800 2816 2832 3080 3114 3118 3124 3142 3173 3220 3224 3417 3426 3445 3486 3487 3530 3544 3629 3860 3871 3876 3885 3894 3950 3953 3975 4103 4114 4169 4294 4352 4404 4413 4441 4481 4538 4558 4598 4599 4787 4895 4914 4930 4954
5: 6 81 92 107 163 352 474 594 635 683 685 730 743 748 753 814 821 823 842 984 1036 1273 1329 1330 1355 1369 1410 1412 1432 1439 1447 1498 1581 1608 1624 1663 1675 1766 1809 1855 1871 1882 1894 1989 2014 2038 2072 2111 2112 2116 2120 2128 2130 2168 2191 2212 2232 2242 2273 2412 2467 2523 2583 2597 2654 2714 2752 2842 2916 2932 2935 2975 2987 3006 3071 3119 3218 3294 3384 3436 3496 3569 3575 3637 3744 3784 3810 3835 3854 3914 3930 3990 3992 4080 4124 4190 4261 4299 4356 4421 4451 4465 4515 4532 4548 4682 4742 4754 4790 4945 4969
6: 8 9 31 130 143 145 156 168 180 197 225 232 248 260 300 335 382 431 460 463 467 485 489 510 539 543 585 593 608 633 646 650 684 702 720 746 787 790 832 834 847 867 978 1014 1016 1023 1045 1078 1084 1104 1115 1128 1216 1220 1226 1252 1253 1259 1266 1284 1325 1336 1338 1373 1424 1443 1492 1609 1633 1678 1679 1683 1704 1707 1719 1726 1754 1756 1773 1776 1785 1794 1842 1878 1928 1944 1954 1964 1990 2035 2084 2095 2122 2149 2183 2190 2197 2218 2219 2220 2237 2244 2258 2262 2272 2317 2320 2335 2346 2368 2378 2384 2393 2426 2444 2450 2500 2513 2526 2531 2533 2559 2565 2569 2577 2578 2613 2629 2635 2681 2682 2709 2798 2821 2829 2845 2885 2949 2970 2982 2990 3081 3085 3128 3131 3187 3200 3207 3216 3242 3246 3251 3254 3267 3283 3291 3349 3358 3363 3369 3399 3423 3497 3533 3568 3573 3576 3581 3601 3607 3618 3628 3692 3693 3719 3728 3729 3741 3763 3772 3785 3792 3813 3825 3841 3881 3884 3895 3902 3923 3944 3973 3987 3996 4024 4043 4048 4055 4060 4101 4118 4129 4130 4149 4150 4156 4160 4177 4178 4206 4224 4251 4283 4288 4298 4316 4336 4343 4353 4367 4369 4373 4399 4442 4487 4491 4494 4496 4511 4525 4569 4604 4613 4692 4736 4753 4773 4783 4784 4829 4838 4880 4904 4940 4971 4982 4985
7: 10 149 167 320 387 432 670 762 801 882 903 1055 1160 1211 1390 1398 1415 1455 1491 1507 1516 1517 1547 1671 1687 1797 1888 2182 2203 2236 2247 2554 2580 2707 2862 2867 2976 3096 3247 3302 3419 3424 3454 3467 3492 3495 3515 3755 3935 3949 3984 4000 4068 4222 4242 4304 4360 4374 4408 4876
8: 11 19 59 112 144 179 182 196 201 214 231 256 259 271 364 365 370 372 381 385 470 481 495 532 577 583 722 724 783 805 809 827 837 851 936 937 951 993 1003 1011 1029 1069 1088 1089 1101 1130 1134 1138 1145 1158 1196 1202 1213 1215 1228 1231 1240 1246 1254 1287 1319 1344 1360 1430 1438 1462 1490 1494 1522 1523 1562 1563 1577 1629 1641 1682 1686 1695 1725 1735 1739 1752 1761 1778 1783 1788 1828 1836 1859 1934 1938 1952 1991 2000 2052 2074 2099 2100 2113 2126 2127 2135 2155 2181 2188 2198 2202 2223 2373 2383 2408 2434 2464 2492 2517 2535 2538 2539 2547 2627 2628 2632 2650 2658 2695 2715 2734 2755 2756 2766 2782 2787 2847 2855 2868 2872 2884 2905 2908 2952 2974 2984 2996 3004 3024 3038 3072 3098 3113 3149 3158 3183 3191 3210 3223 3226 3229 3231 3258 3274 3286 3295 3299 3320 3325 3338 3370 3371 3373 3390 3404 3416 3447 3463 3514 3554 3571 3587 3662 3663 3667 3671 3706 3725 3732 3742 3759 3762 3796 3802 3811 3845 3849 3852 3882 3899 3901 3904 3954 3963 3977 4007 4027 4028 4054 4074 4106 4126 4132 4139 4170 4172 4228 4229 4237 4246 4272 4296 4365 4366 4371 4434 4457 4514 4562 4587 4611 4647 4673 4688 4689 4712 4721 4724 4729 4739 4756 4776 4791 4817 4833 4889 4928 4934 4998
9: 12 13 280 295 341 451 494 502 529 581 622 637 703 717 752 865 944 1015 1142 1280 1448 1456 1470 1573 1592 1599 1603 1659 1668 1835 1864 1916 1922 1929 1931 1985 2002 2201 2350 2362 2479 2544 2611 2612 2618 2645 2655 2732 2826 3007 3010 3022 3099 3133 3165 3245 3298 3328 3342 3457 3596 3660 3702 3820 3847 3861 4013 4044 4051 4363 4443 4480 4503 4540 4574 4614 4706 4808 4854 4906 4987 4991
10: 15 61 162 206 244 319 323 421 465 522 671 766 835 852 870 928 1096 1108 1113 1189 1197 1209 1219 1241 1278 1292 1394 1454 1501 1505 1630 1741 1956 2005 2067 2134 2209 2227 2311 2398 2411 2494 2516 2573 2589 2598 2601 2621 2649 2674 2679 2724 2776 2822 2860 2889 2944 2980 2999 3139 3249 3253 3265 3281 3289 3327 3372 3379 3410 3440 3518 3562 3620 3622 3652 3679 3681 3722 3726 3731 3758 3842 3868 4065 4195 4205 4248 4572 4585 4605 4738 4767 4824 4878 4937 4974
11: 17 65 82 90 113 133 137 188 221 249 274 345 380 386 396 397 569 580 619 677 858 898 934 939 960 1086 1103 1157 1238 1275 1276 1295 1434 1485 1534 1625 1635 1650 1697 1711 1712 1760 1781 1845 1995 2063 2108 2152 2161 2173 2331 2527 2540 2555 2571 2595 2607 2608 2686 2738 2761 2840 2939 2989 3014 3025 3197 3321 3323 3380 3387 3552 3567 3586 3650 3779 3908 3917 3966 4021 4031 4104 4175 4176 4234 4364 4402 4419 4456 4464 4507 4527 4528 4533 4595 4659 4779 4811 4823 4849 4867 4989
12: 18 60 76 87 111 142 154 265 353 360 404 407 412 414 426 429 509 556 655 664 758 761 772 833 850 861 912 927 986 1025 1030 1042 1050 1052 1099 1133 1144 1164 1210 1270 1286 1291 1346 1352 1357 1405 1406 1453 1512 1524 1528 1566 1596 1597 1617 1640 1698 1758 1767 1792 1831 1861 1863 1865 1876 1896 1963 1983 1993 2008 2044 2053 2080 2138 2143 2165 2169 2179 2186 2251 2271 2275 2326 2369 2399 2415 2427 2461 2474 2476 2506 2528 2543 2551 2588 2596 2615 2637 2673 2677 2703 2719 2768 2783 2789 2803 2837 2865 2892 2900 2910 2947 2948 2954 2965 3000 3020 3032 3036 3042 3050 3070 3087 3105 3213 3270 3285 3290 3293 3348 3439 3459 3542 3682 3714 3773 3786 3822 3856 3896 3897 3932 3965 4032 4038 4045 4067 4069 4076 4078 4090 4100 4163 4191 4209 4233 4238 4244 4247 4258 4276 4297 4311 4348 4361 4375 4430 4433 4476 4565 4631 4649 4674 4708 4733 4750 4778 4828 4865 4870 4885 4917 4933 4975
13: 20 71 80 122 347 639 695 741 1026 1049 1059 1122 1283 1294 1353 1361 1379 1382 1411 1426 1475 1480 1510 1564 1736 1753 1786 1851 1935 1986 2026 2132 2239 2278 2357 2386 2392 2439 2441 2490 2520 2728 2749 2765 2804 2812 2831 2881 2911 2953 3157 3259 3275 3375 3394 3403 3491 3498 3582 3585 3627 3683 3839 3840 3947 3979 4014 4042 4111 4133 4143 4197 4260 4281 4339 4393 4409 4506 4523 4535 4561 4592 4597 4636 4735 4901
14: 21 114 150 153 174 207 211 215 269 525 542 552 559 562 625 626 709 734 744 759 793 881 889 920 932 945 949 956 998 1006 1018 1041 1087 1097 1148 1154 1194 1208 1237 1309 1314 1335 1343 1368 1446 1479 1541 1556 1580 1590 1601 1606 1632 1657 1791 1904 1933 1975 1976 2010 2030 2077 2092 2103 2231 2266 2309 2385 2435 2437 2449 2561 2609 2623 2657 2683 2712 2742 2769 2791 2871 2886 2918 2927 2938 2951 2957 3027 3053 3082 3121 3127 3243 3357 3376 3381 3461 3480 3516 3520 3527 3538 3640 3703 3721 3737 3750 3801 3922 3929 3942 4040 4071 4081 4117 4128 4193 4267 4300 4325 4414 4437 4471 4526 4530 4541 4588 4590 4606 4608 4615 4671 4703 4714 4905 4935 4965 4967 4979 4993
15: 22 78 103 117 127 155 171 176 192 252 383 435 453 475 482 557 561 565 584 596 649 660 669 706 737 763 789 791 886 904 941 973 994 1040 1068 1090 1107 1151 1161 1265 1334 1395 1445 1472 1513 1583 1618 1634 1673 1737 1746 1768 1968 2011 2018 2040 2109 2171 2226 2241 2333 2514 2536 2584 2593 2603 2619 2668 2690 2691 2716 2750 2797 2817 2820 2838 2846 2853 2858 2894 2897 2942 2988 3009 3012 3039 3152 3162 3190 3214 3280 3353 3391 3398 3438 3482 3570 3605 3675 3746 3780 3898 3903 3905 3981 4097 4105 4181 4274 4292 4324 4327 4342 4445 4454 4498 4521 4564 4607 4628 4655 4669 4737 4749 4794 4869 4875 4922 4949
16: 25 67 219 223 250 285 302 371 457 479 535 544 606 630 678 686 688 740 756 760 774 780 796 803 843 876 885 910 963 968 985 1035 1066 1071 1082 1166 1248 1293 1321 1347 1349 1364 1422 1449 1469 1525 1530 1614 1638 1670 1701 1713 1718 1731 1838 1856 1902 1917 1967 2013 2041 2069 2117 2211 2225 2248 2263 2339 2390 2402 2409 2462 2480 2497 2720 2754 2784 2824 2914 2962 3035 3062 3063 3188 3234 3248 3260 3318 3402 3425 3433 3464 3476 3511 3541 3564 3583 3655 3661 3673 3700 3738 3761 3814 3831 3853 3858 3870 3909 3962 3978 3997 4056 4153 4185 4218 4263 4313 4330 4396 4429 4432 4458 4479 4482 4551 4552 4573 4582 4643 4660 4681 4744 4763 4813 4830 4868 4925 4942 4961 4973 4986
17: 26 47 48 108 292 315 399 458 462 478 492 692 769 773 808 935 948 1081 1255 1288 1312 1315 1397 1423 1531 1549 1643 1774 1819 1866 1879 1885 1898 1899 1955 1979 1996 2094 2114 2125 2144 2148 2156 2260 2265 2274 2285 2301 2327 2332 2348 2355 2396 2419 2483 2496 2519 2587 2622 2662 2667 2830 2864 2906 3021 3034 3069 3089 3112 3116 3170 3262 3305 3337 3441 3443 3499 3531 3579 3619 3634 3657 3691 3727 3939 3964 3994 4001 4004 4079 4094 4127 4320 4322 4333 4338 4357 4382 4448 4469 4610 4612 4650 4723 4731 4770 4861 4977 4988
18: 27 45 56 58 68 89 104 166 218 243 268 287 291 298 333 338 349 406 410 419 420 450 477 504 506 519 523 586 599 610 631 648 668 687 693 778 792 873 884 900 907 957 962 981 1020 1024 1031 1047 1094 1098 1125 1126 1129 1131 1136 1155 1168 1175 1242 1311 1316 1323 1345 1372 1417 1461 1466 1482 1484 1539 1548 1555 1585 1621 1622 1676 1689 1745 1775 1787 1815 1837 1862 1872 1890 1905 1911 1918 1924 1945 1949 1960 2001 2007 2029 2091 2124 2137 2147 2224 2240 2276 2283 2287 2292 2349 2352 2389 2430 2452 2469 2529 2534 2562 2590 2625 2626 2638 2639 2640 2665 2678 2696 2700 2702 2706 2790 2852 2861 2902 2919 2977 2981 3013 3044 3129 3161 3175 3189 3209 3219 3250 3268 3304 3322 3334 3343 3388 3407 3460 3462 3489 3536 3593 3621 3646 3648 3668 3686 3698 3710 3804 3806 3815 3826 3872 3886 3913 3946 3956 3968 3969 4019 4041 4086 4092 4110 4137 4194 4202 4245 4275 4295 4301 4309 4310 4319 4378 4386 4410 4425 4463 4539 4554 4559 4563 4570 4576 4586 4603 4624 4662 4665 4666 4701 4727 4751 4766 4768 4798 4799 4800 4819 4822 4847 4848 4863 4894 4932 4943 4946 4963
19: 29 36 83 96 100 139 146 181 186 198 220 236 238 246 294 303 307 309 314 322 331 351 361 362 394 409 422 430 436 440 446 464 480 488 500 507 516 547 600 603 627 632 651 653 705 781 854 869 878 894 923 938 946 952 990 992 1005 1007 1022 1027 1074 1083 1132 1159 1170 1181 1183 1205 1206 1298 1306 1358 1375 1387 1402 1414 1431 1433 1436 1483 1488 1527 1535 1545 1554 1571 1572 1586 1595 1604 1653 1665 1706 1748 1755 1801 1808 1816 1821 1873 1875 1886 1927 1953 1966 1981 1994 2016 2027 2032 2054 2083 2093 2145 2195 2196 2204 2228 2256 2281 2304 2336 2337 2354 2360 2367 2374 2395 2404 2443 2448 2453 2458 2477 2512 2546 2548 2568 2599 2605 2642 2669 2699 2701 2725 2746 2762 2772 2779 2815 2839 2898 2907 2931 2967 2969 3083 3115 3134 3143 3146 3169 3179 3185 3193 3202 3238 3264 3307 3317 3356 3378 3409 3412 3458 3471 3478 3548 3555 3617 3651 3740 3756 3782 3794 3817 3818 3830 3865 3867 3921 3986 3993 4005 4029 4088 4148 4152 4162 4168 4171 4200 4210 4262 4290 4326 4329 4403 4428 4455 4472 4501 4524 4578 4580 4626 4672 4755 4760 4805 4826 4827 4836 4842 4864 4893 4900 4919 4976 4980
20: 32 132 173 212 216 228 273 326 343 415 445 513 775 777 794 880 967 989 991 1119 1313 1464 1587 1784 1847 1852 1857 1942 1946 1948 2187 2213 2221 2267 2343 2353 2475 2504 2522 2530 2582 2585 2717 2726 2730 2747 2809 2958 3017 3046 3132 3176 3184 3217 3221 3374 3465 3512 3592 3636 3642 3688 3767 3918 4047 4064 4232 4250 4321 4359 4370 4395 4407 4492 4547 4560 4680 4921
21: 35 42 51 262 304 366 400 401 448 612 701 812 917 996 999 1013 1038 1057 1076 1120 1204 1218 1320 1451 1496 1560 1569 1717 1759 1813 1833 1883 1887 1912 1919 1920 1962 1998 2079 2175 2206 2229 2261 2286 2365 2370 2417 2498 2507 2525 2545 2558 2594 2647 2780 2793 2844 3077 3090 3148 3237 3284 3288 3382 3422 3599 3600 3611 3711 3778 3793 3809 3890 3931 4016 4059 4259 4266 4278 4291 4420 4447 4462 4475 4545 4619 4654 4668 4728 4840 4874 4948 4968
22: 39 44 97 125 134 136 164 175 194 199 204 209 217 254 270 297 344 427 434 441 459 496 526 536 574 597 609 611 624 658 674 691 696 712 719 771 782 786 811 817 864 887 901 966 1039 1044 1058 1095 1102 1112 1137 1163 1165 1171 1173 1233 1244 1247 1263 1272 1277 1305 1374 1378 1381 1435 1495 1504 1542 1574 1582 1594 1607 1623 1648 1662 1730 1777 1790 1799 1853 1877 1891 1921 1932 1957 2003 2004 2009 2012 2033 2034 2047 2048 2060 2062 2078 2106 2157 2184 2189 2192 2210 2270 2279 2388 2405 2425 2429 2431 2433 2446 2488 2495 2508 2511 2556 2591 2631 2659 2675 2722 2733 2740 2759 2773 2788 2827 2869 2875 2891 2904 2917 2920 2941 2946 2956 2964 2971 3037 3074 3093 3094 3109 3125 3126 3130 3138 3212 3241 3273 3279 3313 3332 3365 3368 3383 3385 3456 3493 3506 3523 3535 3574 3615 3633 3653 3678 3715 3723 3733 3790 3791 3800 3819 3844 3862 3866 3879 3907 3910 3924 3955 3970 4017 4022 4025 4026 4035 4073 4075 4120 4164 4180 4207 4221 4225 4241 4256 4289 4314 4315 4318 4351 4380 4417 4450 4461 4466 4473 4493 4502 4517 4519 4522 4594 4627 4632 4641 4677 4686 4691 4694 4732 4740 4752 4803 4845 4860 4879 4883 4938 4951 4956
23: 43 120 135 398 548 636 797 798 872 877 930 1070 1123 1185 1328 1400 1408 1442 1588 1881 2042 2217 2314 2575 2835 2856 2880 3064 3319 3468 3528 3534 3563 3766 3915 4018 4099 4123 4154 4196 4216 4397 4444 4453 4656 4696 4782 4812 4816 4832 4908
24: 46 62 91 141 184 187 208 210 278 376 378 413 424 454 456 468 469 530 575 605 621 666 679 727 750 768 844 857 899 902 913 954 995 1000 1010 1053 1079 1172 1179 1203 1225 1285 1296 1348 1365 1386 1457 1460 1471 1506 1509 1529 1575 1576 1579 1613 1642 1654 1660 1666 1749 1800 1818 1844 1874 1903 1925 1941 1951 1992 2086 2131 2146 2154 2194 2296 2299 2306 2363 2372 2410 2414 2420 2424 2454 2485 2604 2616 2671 2731 2735 2806 2849 2888 2912 2923 2925 2929 2933 2973 2985 2993 3026 3049 3084 3110 3164 3180 3195 3261 3276 3309 3367 3434 3475 3507 3508 3517 3539 3590 3632 3643 3665 3690 3705 3709 3720 3739 3754 3760 3777 3883 3893 3919 3938 3941 3945 4098 4121 4147 4155 4179 4204 4273 4305 4317 4381 4384 4426 4440 4449 4467 4468 4478 4499 4505 4509 4550 4557 4566 4652 4698 4886 4939 4944
25: 52 124 230 234 235 263 275 277 305 328 330 379 390 416 417 423 442 449 455 471 487 521 531 533 545 554 555 572 591 607 629 657 690 714 747 749 765 770 804 810 826 841 845 846 863 871 906 915 925 942 947 953 1085 1135 1174 1177 1195 1198 1207 1264 1271 1281 1327 1340 1392 1419 1425 1450 1452 1459 1487 1553 1591 1598 1691 1762 1771 1795 1827 1841 1843 1850 1869 1895 1950 2015 2021 2050 2090 2110 2178 2259 2293 2312 2318 2338 2345 2356 2380 2403 2466 2633 2670 2710 2751 2760 2802 2848 2866 2876 2877 2896 2922 2926 2961 2963 3018 3045 3052 3088 3104 3168 3239 3266 3278 3310 3324 3345 3355 3359 3360 3361 3366 3393 3401 3421 3431 3449 3452 3472 3560 3594 3610 3623 3635 3647 3658 3684 3685 3736 3765 3769 3797 3846 3880 3888 4009 4020 4049 4050 4057 4107 4184 4230 4255 4277 4284 4287 4328 4331 4334 4341 4350 4379 4423 4483 4489 4495 4544 4575 4579 4617 4618 4653 4658 4709 4710 4713 4765 4774 4804 4807 4851 4877 4891 4912 4920 4958 4970
26: 53 86 191 203 226 258 288 368 438 501 568 601 654 656 784 933 1091 1221 1235 1236 1262 1299 1363 1473 1565 1612 1626 1627 1656 1658 1680 1796 1814 1817 1822 1858 1880 1923 1980 2023 2024 2039 2119 2121 2177 2238 2257 2291 2297 2329 2334 2375 2413 2428 2487 2493 2592 2600 2630 2646 2757 2758 2836 2843 2903 2992 3108 3194 3215 3296 3306 3389 3442 3484 3524 3606 3625 3645 3689 3718 3764 3857 3864 3943 4008 4012 4058 4116 4145 4158 4240 4268 4436 4486 4488 4513 4567 4591 4621 4667 4741 4786 4818 4855 4887 4888 4915 4918 4926 4962
27: 54 70 88 94 102 110 128 147 157 178 233 255 267 286 332 339 357 373 389 493 508 537 576 579 613 667 673 675 681 689 731 767 822 831 866 891 892 897 914 922 979 1032 1034 1043 1067 1141 1150 1217 1290 1331 1339 1418 1474 1557 1602 1605 1652 1729 1750 1793 1812 1823 1937 1958 1974 1977 2028 2049 2123 2142 2153 2284 2307 2323 2361 2391 2473 2524 2537 2576 2643 2644 2713 2745 2774 2775 2796 2823 2873 2893 2895 2899 2928 2955 2995 2998 3060 3091 3122 3153 3154 3159 3178 3186 3192 3196 3205 3269 3315 3347 3386 3446 3485 3488 3490 3550 3561 3595 3609 3664 3670 3687 3704 3734 3747 3771 3783 3789 3828 3838 3843 3851 3869 3875 3906 3951 3958 4033 4034 4037 4084 4157 4187 4192 4198 4199 4214 4252 4286 4312 4347 4355 4400 4446 4510 4546 4553 4556 4623 4629 4630 4642 4690 4699 4718 4747 4771 4796 4802 4814 4820 4846 4909 4952 4972 4983 4996 4999
28: 55 64 140 177 222 261 279 308 324 336 337 514 628 713 830 859 879 888 896 908 919 987 997 1002 1188 1222 1261 1429 1440 1511 1536 1619 1637 1677 1702 1810 1811 1889 1965 1971 1973 2017 2037 2282 2305 2308 2310 2371 2376 2377 2432 2457 2660 2741 2777 2792 2811 2813 2825 2883 2972 3016 3033 3055 3174 3232 3287 3311 3329 3415 3501 3509 3553 3557 3559 3644 3680 3795 3812 3823 3877 3900 3937 3985 4112 4159 4166 4183 4188 4212 4279 4280 4358 4401 4512 4537 4555 4661 4700 4957 4984 4997
29: 57 237 306 316 604 634 676 848 895 959 1004 1054 1063 1304 1322 1341 1371 1376 1476 1514 1561 1806 1840 1970 1999 2006 2051 2076 2088 2101 2118 2133 2235 2341 2364 2366 2387 2465 2481 2542 2552 2614 2666 2704 2727 2767 2937 2943 3040 3120 3141 3144 3206 3377 3405 3408 3418 3428 3500 3540 3543 3546 3833 3873 3891 3972 3980 4235 4264 4285 4349 4388 4589 4596 4634 4730 4853
30: 63 342 359 392 425 486 588 905 931 964 965 974 1037 1139 1268 1269 1300 1333 1508 1520 1537 1570 1710 1722 1982 1987 2056 2176 2205 2252 2470 2471 2491 2708 3030 3054 3111 3150 3201 3252 3639 3837 3892 3952 4096 4142 4189 4208 4223 4332 4477 4638 4685 4746
31: 84 129 169 193 224 229 239 253 272 296 367 393 403 405 447 476 483 498 527 571 592 602 620 665 704 710 716 725 728 733 738 757 799 802 828 855 890 916 921 971 983 1009 1080 1114 1121 1146 1147 1192 1212 1279 1289 1301 1310 1350 1354 1359 1362 1393 1399 1427 1493 1500 1518 1672 1674 1690 1700 1714 1716 1723 1727 1769 1789 1839 1900 1909 1961 2036 2043 2045 2064 2068 2085 2115 2158 2167 2208 2245 2246 2268 2280 2295 2319 2328 2347 2418 2421 2436 2451 2456 2459 2460 2478 2482 2541 2560 2563 2567 2572 2617 2652 2656 2693 2694 2721 2801 2805 2857 2878 2879 2915 2934 2936 2959 3028 3029 3058 3068 3123 3222 3228 3233 3263 3272 3292 3308 3336 3340 3429 3450 3453 3466 3479 3532 3551 3565 3589 3598 3614 3641 3701 3708 3716 3749 3753 3770 3775 3803 3821 3824 3859 3911 3916 3927 3933 3971 3983 3991 3998 4006 4011 4062 4089 4108 4109 4113 4115 4122 4151 4220 4249 4337 4346 4372 4389 4398 4416 4427 4508 4583 4584 4600 4646 4678 4679 4743 4761 4764 4789 4835 4856 4857 4882 4898 4902 4910 4927 4941 4950 4959 4964 4994
32: 95 106 121 151 185 284 334 346 439 466 528 534 570 652 698 732 745 988 1064 1077 1117 1149 1187 1282 1326 1377 1389 1532 1551 1610 1615 1651 1685 1738 1779 1780 1805 1854 1997 2141 2170 2207 2215 2222 2250 2324 2325 2358 2394 2401 2501 2570 2574 2634 2648 2684 2770 2807 2808 2863 2950 3043 3065 3151 3204 3227 3230 3430 3519 3613 3656 3669 3717 3774 3848 4036 4083 4141 4211 4217 4253 4269 4302 4340 4344 4383 4385 4392 4412 4418 4439 4500 4601 4726 4825 4831 4837 4916 4955
33: 105 257 325 363 402 408 551 560 638 699 721 800 820 840 883 1017 1140 1176 1297 1342 1538 1636 1644 1688 1693 1708 1734 1765 1770 1782 2058 2065 2081 2098 2253 2379 2472 2486 2503 2509 2705 2729 2739 2882 2890 2983 3011 3102 3160 3225 3400 3420 3505 3604 3743 3745 3781 3925 3961 3988 4066 4093 4182 4270 4293 4504 4531 4593 4637 4657 4676 4693 4775 4815
34: 115 138 159 161 340 472 595 642 972 1105 1199 1245 1332 1391 1409 1444 1463 1467 1497 1694 1820 1849 1915 2071 2096 2164 2180 2193 2264 2351 2382 2416 2422 2484 2550 2579 2602 2901 3019 3181 3395 3427 3976 4015 4061 4226 4581 4793 4801 4890 4899
35: 116 123 152 276 443 444 497 558 564 715 726 754 1008 1012 1110 1156 1184 1317 1351 1521 1540 1568 1764 1802 1825 1868 1978 2031 2061 2624 2672 2940 3059 3066 3137 3140 3406 3558 3572 3578 3584 3696 3699 3816 4227 4490 4549 4633 4717 4734 4762 4792
36: 126 148 170 240 299 327 355 374 503 573 618 647 694 788 815 856 950 1019 1033 1106 1153 1224 1251 1413 1420 1489 1533 1649 1824 1936 2102 2139 2151 2216 2676 2692 2786 2909 2991 3198 3199 3211 3235 3257 3271 3312 3477 3483 3537 3676 3735 3805 3863 3999 4002 4003 4135 4186 4219 4424 4452 4474 4516 4648 4929 4947 4978
37: 131 290 358 395 517 546 736 836 911 1046 1143 1230 1308 1502 1703 1705 1740 1901 1930 1988 2199 2288 2315 2400 2407 2499 2521 2557 2661 2698 3135 3314 3350 3354 3504 3603 3616 3707 3799 3808 3829 4082 4102 4303 4354 4387 4715 4810 4839 4858 4859 4873 4896
