0: 0 7 12 57 62 75 109 111 139 154 172 235 271 282 329 338 344 345 359 366 372 373 377 378 392 404 412 424 429 432 437 446 453 467 475 476 482 488 490 495 496 497
1: 1 20 32 39 47 127 141 160 171 202 205 241 274 330 379
2: 2 42 81 88 135 138 240 255 258 294 295 303 331 361
3: 3 9 63 67 83 116 125 152 153 163 180 182 203 220 237 239 275 309 318 353 388 390 402 415 431 455 460 468 477 480 483 485
4: 4 17 18 19 23 26 55 100 144 185 190 207 209 219 222 238 286 293 313 354 355 382 426 448 456
5: 5 52 73 121 136 150 159 206 230 231 263 310 324 374
6: 6 11 34 36 65 106 113 119 131 156 189 196 280 290 339 346
7: 8 33 43 58 78 86 87 108 129 168 176 214 246 253 268 292 357 394 411 444
8: 10 16 49 66 77 99 117 143 164 186 191 215 248 250 264 278 279 281 287 288 315 317 336 363 397 398 405 419 421 454 458 465 466 484 486 489 491 492 493 499
9: 13 28 74 85 140 158 213 217 227 233 284 297 307 325 380
10: 14 61 64 69 92 104 122 128 161 175 195 211 232 260 304 311 356 371 410 416 417
11: 15 31 48 54 60 95 193 229 236 243 247 251 252 319 332 349 352 364 420 425 430 436 438 447 457 459 462 469
12: 21 46 90 142 173 183 187 218 224 228 256 283 312 326 351 387 393 423
13: 22 24 29 40 44 50 53 102 114 123 124 216 223 259 270 340 343 348 358 368 381 389 395 440 463 464
14: 25 41 72 105 132 165 166 174 178 208 257 273 306 375
15: 27 35 107 126 134 146 151 162 179 261 265 266 308 334 400 401 413 414 422
16: 30 94 97 137 149 199 204 226 249 323 327 342 367
17: 37 70 89 112 115 147 169 181 192 276 291 335 341 347 370 383
18: 38 45 56 71 76 79 82 101 103 194 212 298 300 301 305 328 365 376 396 408 418 435 442 449 461 470 473 478
19: 51 84 96 98 118 130 145 188 197 198 201 221 245 254 272 321 384 399 403 406 409 434 439 443 445 452
20: 59 93 157 167 177 200 210 225 242 269 296 302 337 360 369 385 391
21: 68 80 91 110 120 133 148 155 170 184 234 244 262 267 277 285 289 299 314 316 320 322 333 350 362 386 407 427 428 433 441 450 451 471 472 474 479 481 487 494 498
