0 220
0 222
0 479
0 489
0 491
0 495
0 498
220 36
220 46
220 146
220 226
220 254
220 311
220 365
220 375
220 376
220 391
222 14
222 28
222 143
222 230
222 338
222 340
222 357
222 430
222 478
222 481
479 5
479 121
479 124
479 189
479 216
479 262
479 305
479 317
479 319
479 324
479 331
479 337
479 367
479 380
479 385
479 386
479 387
479 394
479 401
479 415
479 416
479 428
479 432
479 454
479 457
479 458
479 459
479 462
479 465
479 468
479 471
479 473
479 480
479 485
479 486
479 487
479 489
479 491
479 495
479 498
489 5
489 85
489 86
489 96
489 99
489 114
489 121
489 132
489 206
489 209
489 262
489 264
489 305
489 309
489 324
489 331
489 335
489 337
489 347
489 367
489 386
489 416
489 419
489 428
489 432
489 454
489 455
489 456
489 458
489 459
489 462
489 465
489 467
489 471
489 473
489 477
489 485
489 486
489 487
489 490
489 491
489 492
489 495
489 497
489 498
491 85
491 91
491 114
491 115
491 121
491 122
491 132
491 171
491 189
491 202
491 264
491 282
491 305
491 317
491 324
491 331
491 357
491 367
491 370
491 378
491 381
491 386
491 387
491 394
491 416
491 419
491 428
491 432
491 446
491 452
491 454
491 458
491 459
491 462
491 465
491 468
491 471
491 473
491 485
491 486
491 487
491 495
491 497
491 498
495 5
495 8
495 54
495 85
495 96
495 99
495 115
495 122
495 132
495 140
495 163
495 171
495 189
495 209
495 254
495 262
495 274
495 305
495 308
495 317
495 324
495 331
495 352
495 364
495 367
495 368
495 386
495 416
495 419
495 427
495 428
495 432
495 449
495 454
495 458
495 459
495 462
495 465
495 471
495 473
495 480
495 485
495 486
495 487
495 498
498 5
498 85
498 94
498 96
498 109
498 114
498 115
498 132
498 171
498 189
498 209
498 230
498 262
498 264
498 278
498 305
498 311
498 317
498 324
498 331
498 342
498 367
498 369
498 386
498 388
498 391
498 400
498 412
498 416
498 428
498 432
498 437
498 451
498 454
498 457
498 458
498 459
498 462
498 465
498 471
498 473
498 480
498 485
498 486
498 487
1 183
1 409
1 449
1 450
1 466
1 469
1 475
183 350
183 396
183 424
183 435
183 436
183 437
183 444
183 472
183 480
409 2
409 34
409 49
409 51
409 125
409 137
409 180
409 206
409 219
409 225
409 228
409 267
409 275
409 277
409 280
409 286
409 322
409 354
409 361
409 373
409 411
409 447
409 464
449 69
449 174
449 176
449 184
449 191
449 202
449 247
449 253
449 270
449 271
449 278
449 297
449 313
449 327
449 337
449 341
449 351
449 352
449 359
449 362
449 395
449 411
449 412
449 418
449 427
449 443
449 450
449 466
449 469
449 475
450 67
450 69
450 80
450 141
450 156
450 165
450 174
450 191
450 270
450 302
450 305
450 327
450 331
450 337
450 341
450 351
450 364
450 392
450 395
450 411
450 412
450 418
450 427
450 430
450 443
450 466
450 469
450 475
450 482
450 487
466 32
466 69
466 156
466 174
466 188
466 191
466 270
466 271
466 276
466 310
466 313
466 327
466 332
466 337
466 339
466 341
466 351
466 384
466 388
466 395
466 411
466 412
466 416
466 418
466 427
466 429
466 439
466 443
466 469
466 473
466 474
466 475
466 485
469 32
469 39
469 80
469 141
469 156
469 174
469 188
469 191
469 270
469 271
469 280
469 297
469 313
469 327
469 337
469 339
469 341
469 350
469 351
469 367
469 393
469 395
469 411
469 412
469 418
469 427
469 436
469 443
469 448
469 461
469 465
469 475
469 487
469 496
475 32
475 45
475 62
475 65
475 68
475 69
475 87
475 111
475 141
475 149
475 156
475 174
475 188
475 191
475 234
475 270
475 271
475 295
475 297
475 313
475 325
475 327
475 337
475 339
475 341
475 351
475 352
475 383
475 395
475 411
475 412
475 418
475 427
475 443
475 465
2 435
2 437
2 457
2 472
2 480
2 492
435 144
435 157
435 173
435 182
435 245
435 246
435 252
435 266
435 293
435 319
435 350
435 388
435 417
435 436
435 437
435 442
435 444
435 457
435 458
435 470
435 472
435 473
435 480
435 482
435 483
435 485
435 487
437 25
437 70
437 94
437 107
437 127
437 144
437 152
437 182
437 246
437 267
437 278
437 350
437 372
437 388
437 417
437 421
437 427
437 436
437 442
437 446
437 457
437 472
437 480
437 487
437 488
457 20
457 48
457 52
457 70
457 107
457 127
457 144
457 152
457 173
457 182
457 245
457 252
457 278
457 319
457 350
457 373
457 376
457 388
457 394
457 417
457 424
457 436
457 442
457 444
457 452
457 472
457 480
457 483
457 490
472 35
472 48
472 56
472 70
472 94
472 107
472 127
472 144
472 152
472 157
472 173
472 182
472 246
472 252
472 254
472 264
472 278
472 319
472 350
472 368
472 372
472 388
472 417
472 420
472 436
472 442
472 444
472 446
472 462
472 480
472 482
472 483
472 488
472 499
480 35
480 48
480 70
480 77
480 83
480 90
480 94
480 107
480 127
480 144
480 152
480 157
480 173
480 182
480 237
480 245
480 246
480 252
480 278
480 319
480 350
480 364
480 388
480 389
480 398
480 417
480 430
480 436
480 442
480 444
480 483
480 492
492 15
492 23
492 25
492 59
492 64
492 74
492 83
492 102
492 103
492 105
492 134
492 167
492 168
492 196
492 197
492 205
492 233
492 237
492 239
492 248
492 256
492 259
492 287
492 298
492 299
492 348
492 351
492 376
492 402
492 404
492 406
492 415
492 419
492 424
492 426
492 439
492 467
492 470
492 473
492 474
492 481
492 485
492 488
492 493
492 499
3 109
3 221
3 292
3 335
3 426
3 431
3 493
109 18
109 260
109 377
109 410
109 431
109 494
221 130
221 195
221 292
221 312
221 371
221 377
221 407
221 410
221 431
221 474
292 22
292 96
292 128
292 165
292 187
292 260
292 377
292 410
292 431
292 474
292 484
335 22
335 42
335 117
335 138
335 165
335 211
335 260
335 312
335 359
335 377
335 402
335 410
335 413
335 431
426 27
426 167
426 233
426 237
426 279
426 286
426 298
426 304
426 315
426 348
426 376
426 402
426 404
426 406
426 415
426 439
426 465
426 467
426 470
426 474
426 481
426 486
426 488
426 493
426 499
431 18
431 22
431 42
431 44
431 54
431 75
431 79
431 135
431 138
431 139
431 165
431 187
431 195
431 211
431 260
431 296
431 312
431 377
431 382
431 408
431 410
431 458
431 474
493 21
493 59
493 64
493 74
493 83
493 89
493 102
493 105
493 110
493 167
493 168
493 178
493 197
493 205
493 233
493 244
493 256
493 273
493 287
493 293
493 298
493 300
493 348
493 376
493 389
493 402
493 404
493 406
493 415
493 417
493 423
493 424
493 432
493 439
493 442
493 467
493 470
493 474
493 481
493 482
493 484
493 488
493 490
493 496
493 499
4 8
4 11
4 110
4 140
4 235
4 272
4 385
8 27
8 73
8 179
8 235
8 272
11 131
11 134
11 179
11 235
11 272
11 395
110 27
110 176
110 179
110 184
110 272
110 284
140 58
140 104
140 251
140 274
140 328
140 349
140 360
235 27
235 134
235 176
235 184
235 272
235 309
235 406
235 432
272 77
272 134
272 162
272 176
272 179
272 184
272 476
385 10
385 29
385 113
385 116
385 162
385 217
385 256
385 265
385 290
385 304
385 306
385 316
385 327
385 336
385 340
385 353
385 451
385 456
385 477
5 88
5 441
5 487
88 282
88 366
88 393
88 441
88 452
88 453
88 462
441 12
441 19
441 27
441 63
441 65
441 76
441 77
441 164
441 181
441 204
441 231
441 234
441 259
441 266
441 268
441 281
441 282
441 301
441 356
441 366
441 373
441 388
441 393
441 403
441 438
441 452
441 453
441 459
441 460
487 15
487 54
487 91
487 95
487 96
487 99
487 114
487 115
487 121
487 129
487 171
487 180
487 181
487 189
487 262
487 264
487 317
487 324
487 331
487 352
487 367
487 371
487 386
487 416
487 428
487 432
487 454
487 458
487 459
487 462
487 465
487 471
487 473
487 485
487 486
487 488
6 174
6 396
6 417
6 421
6 422
6 445
6 455
174 316
174 418
174 443
396 33
396 106
396 124
396 169
396 170
396 171
396 224
396 276
396 302
396 310
396 345
396 376
396 379
396 384
396 421
396 422
396 438
396 445
396 455
396 470
417 90
417 94
417 101
417 127
417 144
417 173
417 182
417 245
417 246
417 319
417 350
417 358
417 436
417 440
417 442
417 444
417 453
417 471
417 476
421 24
421 56
421 71
421 143
421 201
421 223
421 276
421 296
421 302
421 307
421 310
421 334
421 358
421 367
421 378
421 379
421 384
421 413
421 422
421 438
421 445
421 455
421 478
421 486
422 17
422 33
422 56
422 200
422 201
422 211
422 223
422 224
422 251
422 266
422 276
422 310
422 354
422 378
422 379
422 384
422 404
422 405
422 438
422 445
422 447
422 455
422 463
422 494
445 17
445 24
445 33
445 86
445 106
445 169
445 200
445 201
445 223
445 224
445 236
445 276
445 284
445 291
445 302
445 307
445 310
445 336
445 347
445 384
445 405
445 412
445 438
445 455
445 490
445 494
445 496
455 17
455 24
455 56
455 59
455 71
455 86
455 106
455 125
455 164
455 169
455 200
455 201
455 223
455 276
455 302
455 307
455 349
455 358
455 378
455 379
455 384
455 387
455 392
455 405
455 438
455 447
455 481
455 484
7 39
7 49
7 124
7 147
7 254
7 374
7 391
39 226
39 254
39 365
39 391
39 465
49 267
49 286
49 372
49 432
49 447
124 36
124 46
124 146
124 365
124 391
147 36
147 240
147 254
147 309
147 313
147 365
147 391
147 425
254 146
254 216
254 240
254 311
254 391
254 471
374 12
374 47
374 72
374 103
374 137
374 175
374 203
374 212
374 238
374 294
374 295
374 299
374 343
374 362
374 364
374 370
374 471
374 497
391 30
391 36
391 46
391 50
391 89
391 123
391 145
391 208
391 226
391 229
391 240
391 309
391 311
391 365
391 403
27 176
27 184
73 113
73 215
73 294
73 304
73 451
73 471
73 477
179 10
179 134
179 184
179 458
179 467
9 15
9 68
9 433
9 461
9 463
9 478
9 483
15 402
15 415
15 470
15 499
68 204
68 368
68 397
68 408
68 414
68 440
433 116
433 126
433 128
433 136
433 142
433 151
433 201
433 273
433 298
433 307
433 308
433 316
433 318
433 343
433 345
433 354
433 359
433 369
433 383
433 423
433 429
433 444
433 461
433 463
433 478
433 483
433 484
461 84
461 121
461 131
461 136
461 142
461 148
461 159
461 177
461 188
461 198
461 208
461 210
461 214
461 224
461 232
461 257
461 308
461 325
461 345
461 354
461 359
461 367
461 369
461 383
461 389
461 423
461 424
461 429
461 458
461 463
461 478
461 483
463 38
463 112
463 126
463 128
463 136
463 142
463 148
463 151
463 159
463 176
463 198
463 214
463 225
463 229
463 232
463 260
463 325
463 341
463 345
463 354
463 359
463 369
463 383
463 388
463 389
463 405
463 410
463 423
463 456
463 478
463 483
478 21
478 38
478 84
478 126
478 128
478 131
478 136
478 142
478 145
478 148
478 151
478 188
478 198
478 214
478 232
478 273
478 281
478 282
478 308
478 325
478 345
478 354
478 359
478 369
478 383
478 389
478 397
478 413
478 423
478 429
478 434
478 448
478 451
478 459
478 483
483 38
483 84
483 126
483 128
483 131
483 132
483 136
483 142
483 145
483 148
483 151
483 159
483 166
483 198
483 214
483 232
483 273
483 293
483 297
483 306
483 308
483 314
483 325
483 345
483 354
483 359
483 369
483 383
483 389
483 423
483 429
483 452
483 454
483 490
10 265
10 298
10 334
10 456
10 477
265 118
265 239
265 304
265 328
265 383
265 392
265 451
265 456
265 477
265 499
298 96
298 402
298 413
298 424
298 439
298 470
298 474
298 481
298 488
334 29
334 64
334 162
334 202
334 268
334 290
334 301
334 306
334 392
334 423
334 428
334 451
334 456
334 477
456 29
456 113
456 116
456 118
456 163
456 180
456 193
456 202
456 205
456 218
456 232
456 268
456 290
456 294
456 300
456 304
456 306
456 314
456 316
456 321
456 336
456 380
456 392
456 397
456 459
456 470
456 477
456 497
477 29
477 62
477 75
477 113
477 116
477 118
477 127
477 133
477 151
477 156
477 162
477 163
477 193
477 202
477 218
477 268
477 288
477 290
477 294
477 304
477 306
477 314
477 316
477 321
477 336
477 348
477 353
477 358
477 392
477 439
477 451
477 468
477 481
477 499
131 354
131 357
131 383
131 429
131 485
134 176
134 184
134 366
134 389
395 80
395 120
395 148
395 189
395 271
395 288
395 313
395 337
395 339
395 352
395 411
395 412
395 424
395 427
395 443
395 481
12 318
12 343
12 362
12 364
12 370
318 69
318 76
318 98
318 234
318 259
318 282
318 301
318 320
318 346
318 381
318 452
318 453
318 460
343 47
343 175
343 203
343 212
343 243
343 290
343 299
343 362
343 364
343 370
343 382
343 386
343 443
343 494
362 47
362 72
362 82
362 98
362 137
362 175
362 203
362 238
362 287
362 299
362 364
362 370
362 414
362 481
364 30
364 72
364 82
364 137
364 175
364 203
364 212
364 238
364 243
364 270
364 299
370 47
370 72
370 82
370 175
370 203
370 212
370 226
370 238
370 243
370 299
370 304
370 416
370 434
370 465
13 175
13 269
13 382
13 401
13 408
13 414
13 440
175 72
175 238
175 378
269 16
269 236
269 249
269 253
269 310
269 344
269 387
269 398
269 400
269 418
269 471
382 29
382 57
382 71
382 103
382 133
382 149
382 153
382 329
382 330
382 355
382 368
382 397
382 401
382 408
382 413
382 414
382 440
401 37
401 75
401 78
401 129
401 133
401 143
401 153
401 237
401 248
401 324
401 329
401 330
401 339
401 355
401 368
401 394
401 397
401 414
401 423
401 440
408 28
408 57
408 67
408 78
408 103
408 129
408 213
408 248
408 320
408 329
408 330
408 355
408 368
408 394
408 397
408 413
408 414
408 429
408 440
408 454
414 25
414 37
414 55
414 67
414 129
414 153
414 248
414 329
414 330
414 342
414 355
414 368
414 389
414 394
414 397
414 440
414 442
414 448
414 481
440 37
440 57
440 67
440 78
440 103
440 126
440 129
440 133
440 153
440 248
440 308
440 315
440 329
440 330
440 346
440 355
440 368
440 394
440 397
440 402
440 436
440 447
440 490
14 328
14 340
14 390
14 403
14 413
14 430
328 53
328 117
328 123
328 155
328 166
328 236
328 249
328 333
328 344
328 367
328 387
328 398
328 400
340 40
340 61
340 143
340 215
340 216
340 230
340 231
340 289
340 338
340 413
340 430
340 434
340 443
340 444
390 20
390 40
390 61
390 105
390 112
390 135
390 143
390 194
390 216
390 230
390 231
390 289
390 338
390 354
390 357
390 387
390 407
390 410
390 413
390 430
390 462
403 91
403 119
403 129
403 164
403 181
403 253
403 259
403 266
403 281
403 282
403 301
403 320
403 346
403 366
403 379
403 381
403 393
403 452
403 453
403 460
413 20
413 28
413 61
413 112
413 135
413 153
413 194
413 215
413 216
413 230
413 231
413 289
413 338
413 357
413 430
413 448
430 20
430 28
430 61
430 112
430 115
430 135
430 143
430 190
430 194
430 215
430 216
430 224
430 230
430 231
430 238
430 270
430 289
430 338
430 357
430 384
430 424
402 69
402 97
402 197
402 282
402 294
402 342
402 348
402 376
402 406
402 415
402 439
402 467
402 470
402 474
402 488
402 499
415 185
415 212
415 244
415 250
415 293
415 294
415 348
415 404
415 406
415 424
415 458
415 467
415 470
415 473
415 474
415 481
415 488
415 490
415 499
470 21
470 23
470 25
470 36
470 41
470 75
470 102
470 167
470 168
470 205
470 234
470 244
470 256
470 287
470 293
470 376
470 388
470 406
470 424
470 438
470 439
470 454
470 467
470 471
470 474
470 481
470 484
470 488
470 499
499 21
499 23
499 25
499 41
499 59
499 64
499 74
499 79
499 101
499 102
499 105
499 114
499 143
499 167
499 168
499 178
499 192
499 205
499 218
499 233
499 244
499 256
499 287
499 293
499 305
499 306
499 326
499 375
499 376
499 384
499 404
499 406
499 424
499 428
499 439
499 467
499 474
499 481
499 486
499 488
16 155
16 166
16 346
16 377
16 400
16 412
155 136
155 214
155 344
155 387
155 398
155 400
155 482
166 130
166 236
166 249
166 346
166 398
166 454
346 45
346 114
346 117
346 123
346 130
346 167
346 196
346 253
346 344
346 381
346 398
346 400
377 42
377 54
377 79
377 165
377 169
377 187
377 195
377 211
377 312
377 336
377 358
377 393
377 410
377 444
400 45
400 53
400 117
400 123
400 130
400 196
400 236
400 249
400 253
400 283
400 291
400 345
400 387
400 398
400 399
400 443
400 476
412 32
412 42
412 145
412 270
412 297
412 337
412 339
412 341
412 352
412 411
412 418
412 427
412 443
412 452
412 459
17 62
17 224
17 438
17 488
62 218
62 306
62 316
62 392
224 310
224 384
224 405
224 438
224 488
438 24
438 56
438 71
438 86
438 165
438 169
438 200
438 260
438 276
438 302
438 307
438 352
438 358
438 378
438 379
438 384
438 405
438 454
438 459
438 471
438 482
488 21
488 23
488 25
488 41
488 59
488 64
488 83
488 101
488 105
488 125
488 168
488 178
488 197
488 199
488 205
488 233
488 244
488 252
488 256
488 317
488 326
488 348
488 365
488 376
488 404
488 406
488 424
488 439
488 454
488 459
488 467
488 474
488 481
488 490
18 274
18 300
18 333
18 349
18 360
274 192
274 204
274 251
274 295
274 300
274 333
274 349
274 360
274 485
300 104
300 158
300 168
300 192
300 251
300 295
300 333
300 349
300 360
300 447
333 58
333 104
333 158
333 192
333 251
333 295
333 306
333 330
333 349
333 360
333 447
333 448
349 58
349 98
349 104
349 158
349 192
349 218
349 241
349 251
349 295
349 360
349 485
360 58
360 104
360 158
360 192
360 219
360 251
360 295
360 325
360 342
360 393
360 473
19 76
19 285
19 363
19 380
19 452
19 453
76 209
76 281
76 356
76 460
76 497
285 26
285 87
285 106
285 108
285 207
285 239
285 284
285 323
285 332
285 342
285 434
285 464
363 63
363 65
363 77
363 98
363 186
363 241
363 258
363 259
363 280
363 356
363 381
363 393
363 443
363 447
363 453
363 460
363 471
380 419
380 420
380 425
380 432
380 442
380 446
380 448
380 464
380 468
380 476
380 482
380 484
380 485
380 490
380 494
380 496
380 497
452 43
452 63
452 65
452 78
452 81
452 98
452 119
452 186
452 204
452 234
452 266
452 278
452 281
452 282
452 301
452 320
452 356
452 381
452 393
452 404
452 453
452 460
452 474
452 476
453 33
453 77
453 79
453 81
453 108
453 119
453 164
453 197
453 204
453 234
453 241
453 266
453 281
453 284
453 301
453 319
453 320
453 329
453 356
453 366
453 378
453 381
453 393
453 423
453 460
20 194
20 280
20 357
194 64
194 307
194 338
194 357
194 381
194 496
280 206
280 219
280 225
280 267
280 286
280 361
280 372
280 447
280 460
357 112
357 143
357 216
357 230
357 289
357 311
357 338
357 458
357 474
21 468
21 481
468 100
468 102
468 217
468 255
468 257
468 258
468 266
468 288
468 315
468 326
468 337
468 345
468 347
468 373
468 387
468 389
468 399
468 407
468 419
468 420
468 425
468 434
468 446
468 448
468 464
468 476
468 482
468 484
468 490
468 494
468 496
468 497
481 25
481 59
481 64
481 74
481 83
481 102
481 167
481 178
481 197
481 223
481 237
481 245
481 256
481 271
481 287
481 293
481 321
481 325
481 348
481 355
481 376
481 404
481 406
481 424
481 439
481 467
481 474
22 216
22 260
22 410
22 465
216 215
216 231
216 289
260 146
260 187
260 211
260 410
260 486
410 44
410 54
410 61
410 79
410 138
410 165
410 187
410 195
410 211
410 296
410 312
410 366
410 405
410 446
465 99
465 156
465 189
465 264
465 286
465 294
465 304
465 317
465 324
465 331
465 367
465 386
465 416
465 428
465 432
465 454
465 458
465 459
465 462
465 467
465 471
465 473
465 485
465 486
23 228
23 275
23 474
228 111
228 125
228 162
228 219
228 277
228 372
228 373
228 420
228 447
275 31
275 43
275 60
275 97
275 150
275 185
275 261
275 268
275 279
275 296
474 41
474 101
474 105
474 178
474 205
474 217
474 233
474 237
474 245
474 256
474 267
474 287
474 293
474 348
474 376
474 384
474 404
474 406
474 424
474 425
474 439
474 467
474 485
24 207
24 405
24 443
207 91
207 173
207 239
207 256
207 284
207 323
207 332
207 342
405 33
405 86
405 200
405 201
405 276
405 302
405 307
405 310
405 351
405 356
405 378
405 379
405 386
405 444
405 451
443 69
443 141
443 144
443 188
443 270
443 271
443 297
443 327
443 339
443 341
443 351
443 352
443 411
443 418
443 427
443 448
443 485
443 486
26 108
26 323
26 332
26 342
26 411
26 436
108 239
108 323
108 332
108 342
108 371
323 87
323 89
323 91
323 93
323 239
323 284
323 332
323 342
323 344
323 394
323 399
332 87
332 89
332 91
332 239
332 245
332 284
332 342
332 361
332 393
332 490
342 87
342 89
342 91
342 239
342 284
342 350
342 425
411 47
411 229
411 270
411 326
411 327
411 337
411 339
411 341
411 351
411 352
411 418
411 427
411 428
411 444
436 48
436 70
436 90
436 105
436 107
436 118
436 122
436 157
436 173
436 233
436 245
436 252
436 278
436 311
436 319
436 388
436 439
436 442
436 444
176 184
176 301
184 141
184 423
28 78
28 112
28 289
78 97
78 368
78 394
112 182
112 338
289 86
289 170
289 215
289 256
289 325
289 338
29 271
29 451
271 153
271 247
271 327
271 427
451 75
451 81
451 113
451 116
451 162
451 192
451 193
451 202
451 218
451 249
451 268
451 294
451 304
451 306
451 314
451 316
451 336
451 351
451 353
451 392
451 425
451 434
451 494
30 146
30 229
30 309
30 365
30 490
146 226
146 229
146 236
146 309
229 46
229 125
229 240
229 309
229 311
229 365
309 36
309 50
309 203
309 240
309 287
309 311
309 365
365 46
365 50
365 58
365 121
365 226
365 240
365 311
365 397
365 418
490 35
490 42
490 66
490 100
490 141
490 154
490 160
490 199
490 210
490 217
490 255
490 257
490 258
490 263
490 288
490 291
490 315
490 326
490 347
490 393
490 399
490 407
490 419
490 420
490 425
490 434
490 446
490 448
490 464
490 476
490 482
490 484
490 494
490 496
490 497
31 149
31 185
31 261
31 263
31 279
31 458
149 97
149 150
149 185
149 261
149 296
149 303
185 43
185 60
185 81
185 279
185 303
185 494
261 43
261 150
261 186
261 255
261 270
261 279
261 296
261 303
261 464
263 297
263 419
263 448
263 460
263 464
263 482
263 484
263 494
263 496
263 497
279 46
279 60
279 97
279 150
279 296
279 303
279 366
458 214
458 386
458 399
458 416
458 427
458 428
458 432
458 454
458 459
458 462
458 471
458 473
458 485
458 486
458 497
32 36
32 97
32 427
97 296
97 303
427 80
427 188
427 191
427 251
427 253
427 297
427 313
427 327
427 337
427 352
427 353
427 378
427 464
33 135
33 378
135 61
135 139
135 215
135 338
378 69
378 86
378 169
378 201
378 223
378 250
378 302
378 358
378 379
378 384
34 206
34 215
34 361
34 373
34 447
34 459
206 52
206 65
206 246
206 322
206 372
206 447
215 230
215 329
361 43
361 52
361 55
361 93
361 111
361 208
361 277
361 286
361 319
361 322
361 372
361 442
361 447
361 454
373 51
373 93
373 180
373 208
373 225
373 255
373 267
373 277
373 322
373 327
373 372
373 447
373 482
447 51
447 52
447 55
447 93
447 111
447 125
447 180
447 193
447 208
447 219
447 225
447 267
447 277
447 286
447 322
447 351
447 372
447 454
459 94
459 132
459 171
459 239
459 264
459 281
459 305
459 317
459 367
459 386
459 416
459 428
459 432
459 454
459 462
459 471
459 473
459 485
459 486
35 244
35 388
35 442
35 444
244 287
244 293
244 312
244 448
244 467
388 94
388 114
388 173
388 245
388 246
388 278
388 442
388 444
388 486
442 48
442 90
442 94
442 127
442 152
442 173
442 195
442 238
442 245
442 246
442 252
442 278
442 291
442 319
442 327
442 350
442 366
442 444
444 37
444 107
444 144
444 152
444 157
444 182
444 245
444 246
444 252
444 278
444 319
444 325
444 350
444 355
444 434
444 484
37 241
37 394
37 397
241 77
241 98
241 115
241 186
241 259
241 366
241 460
394 57
394 67
394 103
394 133
394 239
394 248
394 329
394 330
394 355
394 368
394 397
394 486
397 63
397 72
397 103
397 153
397 248
397 264
397 329
397 330
397 355
397 368
397 486
38 126
38 386
38 407
38 423
126 359
126 429
126 497
386 283
386 348
386 375
386 454
386 462
386 471
386 473
386 485
386 486
407 187
407 193
407 197
407 347
407 399
407 420
407 425
407 429
407 434
407 446
407 448
407 464
407 476
407 482
407 484
407 494
407 496
407 497
423 128
423 145
423 148
423 159
423 198
423 214
423 273
423 308
423 325
423 359
423 383
423 389
423 420
423 429
423 464
423 473
226 50
226 158
226 213
226 240
226 311
40 177
40 242
40 247
40 371
40 375
177 213
177 227
177 247
177 339
177 341
177 371
177 375
242 159
242 160
242 172
242 211
242 227
242 250
242 283
242 371
242 375
242 494
247 122
247 139
247 172
247 227
247 250
247 371
247 375
247 383
371 120
371 139
371 170
371 172
371 213
371 227
371 250
371 273
371 283
371 303
371 375
371 418
375 120
375 139
375 170
375 172
375 205
375 213
375 227
375 250
375 283
375 366
375 464
41 80
41 111
41 467
80 122
80 352
80 418
111 93
111 322
111 327
467 74
467 101
467 102
467 103
467 150
467 178
467 197
467 209
467 227
467 233
467 246
467 287
467 293
467 348
467 351
467 369
467 376
467 404
467 406
467 424
467 439
467 476
42 187
42 312
187 312
187 347
187 429
312 44
312 138
312 195
312 257
312 259
312 322
43 296
43 303
296 60
296 96
296 150
296 303
303 60
303 150
303 281
303 301
303 316
303 392
44 138
44 305
44 330
44 406
138 79
138 82
138 163
138 337
305 383
305 471
305 473
305 485
305 486
330 129
330 197
330 329
330 355
330 368
330 416
330 471
406 66
406 237
406 248
406 266
406 376
406 393
406 404
406 424
406 439
406 485
45 95
45 288
45 387
45 398
95 130
95 196
95 253
95 355
95 387
95 398
288 418
288 448
288 476
288 482
288 484
288 494
288 496
288 497
387 53
387 123
387 130
387 196
387 236
387 249
387 253
387 278
387 344
387 398
398 117
398 123
398 130
398 236
398 249
398 253
398 262
398 344
398 392
398 460
398 485
398 497
46 51
51 180
51 257
51 372
47 141
47 243
141 337
141 351
243 72
243 238
243 299
243 315
243 320
243 376
243 482
48 353
48 497
353 71
353 162
353 218
353 277
353 290
353 306
353 314
353 315
353 316
353 321
353 336
353 392
497 66
497 92
497 154
497 160
497 161
497 167
497 178
497 190
497 199
497 210
497 217
497 225
497 255
497 257
497 258
497 264
497 291
497 315
497 326
497 347
497 348
497 399
497 419
497 420
497 424
497 425
497 434
497 446
497 448
497 464
497 476
497 482
497 484
497 494
497 496
267 55
267 162
267 225
267 276
267 322
286 52
286 180
286 313
286 322
286 372
286 464
372 50
372 52
372 208
372 236
372 277
372 322
372 482
372 484
432 57
432 231
432 354
432 416
432 428
432 454
432 462
432 471
432 473
432 485
432 486
432 494
50 168
50 311
168 314
168 439
311 136
311 240
311 284
180 322
180 439
257 258
257 358
257 464
257 484
257 494
257 496
52 133
133 324
133 329
133 355
53 90
53 113
53 196
53 344
90 319
90 322
90 416
113 336
113 341
196 100
196 117
196 344
196 482
344 118
344 123
344 236
344 249
344 253
344 259
344 314
344 418
54 195
54 211
195 165
195 283
195 369
211 79
211 85
55 107
55 208
55 225
107 348
208 277
208 322
208 404
225 125
225 161
225 219
56 71
56 89
71 310
71 379
89 87
89 284
57 213
57 355
213 120
213 170
213 250
213 283
355 132
355 154
355 329
355 368
58 295
58 399
295 158
295 192
295 204
295 251
295 350
399 92
399 291
399 322
399 419
399 425
399 429
399 434
399 446
399 448
399 464
399 476
399 482
399 484
399 494
399 496
59 188
188 313
188 351
60 219
60 232
219 125
219 277
219 341
219 484
232 240
232 354
232 359
232 369
232 429
61 379
379 85
379 100
379 200
379 201
379 223
379 310
379 331
379 358
379 384
379 496
218 87
218 268
218 321
218 392
306 148
306 163
306 290
306 316
316 116
316 163
316 268
316 314
316 320
392 75
392 118
392 163
392 178
392 193
392 202
392 290
392 304
392 319
392 329
63 181
63 419
63 460
181 81
181 119
181 282
181 381
181 460
181 473
419 268
419 315
419 326
419 420
419 425
419 434
419 446
419 448
419 460
419 464
419 476
419 482
419 484
419 494
419 496
460 77
460 81
460 98
460 186
460 204
460 212
460 231
460 234
460 258
460 259
460 266
460 281
460 282
460 299
460 329
460 331
460 356
460 366
460 369
460 381
460 393
65 356
65 381
356 98
356 127
356 186
356 281
356 293
356 320
356 393
356 446
356 494
381 145
381 164
381 199
381 238
381 266
381 282
381 301
381 320
381 393
66 324
66 476
66 494
66 496
324 178
324 471
324 473
324 485
324 486
476 154
476 160
476 191
476 198
476 199
476 210
476 217
476 258
476 291
476 297
476 315
476 322
476 347
476 348
476 350
476 420
476 425
476 429
476 434
476 446
476 448
476 464
476 482
476 484
476 494
476 496
494 92
494 100
494 104
494 152
494 161
494 190
494 199
494 200
494 210
494 217
494 255
494 258
494 291
494 315
494 326
494 345
494 347
494 420
494 425
494 434
494 446
494 448
494 462
494 464
494 482
494 484
494 485
494 496
496 100
496 117
496 142
496 154
496 160
496 161
496 190
496 199
496 210
496 217
496 237
496 255
496 258
496 262
496 291
496 308
496 315
496 317
496 326
496 339
496 347
496 368
496 416
496 420
496 425
496 434
496 446
496 448
496 464
496 482
496 484
67 153
67 368
153 262
368 129
368 248
368 297
368 486
204 259
204 266
204 366
70 248
70 319
70 347
248 329
248 446
319 350
347 420
347 434
347 462
347 464
347 482
347 484
310 307
310 331
310 338
310 358
72 249
249 236
249 253
249 350
294 162
294 163
294 290
294 314
294 336
304 193
304 273
304 314
304 321
471 122
471 128
471 189
471 209
471 264
471 317
471 321
471 331
471 352
471 367
471 416
471 428
471 454
471 462
471 473
471 485
471 486
74 420
74 439
74 454
420 99
420 182
420 255
420 287
420 359
420 425
420 434
420 446
420 448
420 464
420 482
420 484
439 83
439 101
439 237
439 282
439 302
439 313
439 314
439 348
439 367
439 376
439 404
439 424
454 270
454 416
454 428
454 462
454 473
454 485
454 486
75 268
75 314
268 336
268 425
314 290
314 321
314 336
209 102
209 434
209 485
209 486
281 154
281 320
281 366
77 233
233 404
233 464
79 329
122 485
122 486
352 297
352 321
352 327
352 341
352 418
418 156
418 252
418 297
418 327
418 337
418 339
418 341
418 351
418 424
418 462
81 234
81 320
234 259
234 393
234 473
320 186
320 202
320 366
320 404
82 137
82 212
82 299
82 376
137 203
137 238
137 299
137 462
212 203
212 299
212 464
299 139
299 238
299 259
376 197
376 404
376 484
83 156
83 383
156 313
383 128
383 159
383 273
383 325
383 345
383 369
383 389
383 429
383 486
84 148
84 290
84 338
84 389
84 429
148 358
290 429
290 486
338 231
338 277
338 339
338 416
389 145
389 193
389 210
389 308
389 325
389 345
389 354
389 369
389 429
429 128
429 145
429 159
429 172
429 198
429 214
429 273
429 308
429 345
429 359
85 223
85 485
223 157
223 358
223 384
485 115
485 121
485 171
485 230
485 246
485 262
485 264
485 317
485 331
485 367
485 416
485 428
485 462
485 473
485 486
86 302
302 307
302 326
302 384
302 486
87 284
284 91
284 239
282 393
366 119
366 164
366 301
366 393
393 164
393 266
393 301
393 341
462 92
462 192
462 203
462 367
462 416
462 425
462 428
462 473
462 486
416 154
416 339
416 428
416 473
416 486
92 101
92 448
92 482
92 484
101 424
448 119
448 154
448 190
448 326
448 369
448 425
448 434
448 446
448 464
448 482
448 484
482 132
482 154
482 158
482 160
482 161
482 190
482 255
482 258
482 291
482 315
482 326
482 425
482 434
482 446
482 464
482 484
482 486
484 100
484 106
484 120
484 160
484 190
484 199
484 217
484 255
484 258
484 283
484 291
484 315
484 326
484 425
484 428
484 434
484 446
484 464
93 136
93 203
93 277
136 369
277 152
130 210
130 473
253 315
96 473
473 99
473 132
473 157
473 255
473 262
473 276
473 317
473 331
473 367
473 428
473 486
99 161
99 486
161 150
161 425
161 446
486 114
486 121
486 123
486 171
486 262
486 264
486 317
486 331
486 367
486 428
100 464
464 199
464 210
464 326
464 354
464 404
464 425
464 434
464 446
424 186
424 205
424 256
424 287
424 293
424 348
424 404
104 201
104 251
201 326
251 117
251 250
105 336
336 164
336 193
336 199
336 202
106 169
106 358
106 384
169 164
169 358
358 200
358 307
358 384
384 142
384 191
384 276
384 307
348 404
327 313
182 341
341 297
115 230
230 231
116 170
116 434
170 139
170 227
170 283
434 160
434 205
434 210
434 425
434 446
118 287
118 321
321 163
321 191
321 193
321 202
321 359
119 301
119 313
301 186
301 404
313 339
313 351
120 139
120 172
120 250
139 283
172 250
172 276
172 283
250 227
250 283
359 159
359 291
359 345
359 354
127 317
317 446
129 171
354 142
354 308
354 345
369 145
369 308
369 325
369 345
369 428
337 191
283 227
351 339
142 200
200 167
143 231
144 262
240 150
240 157
425 189
425 190
425 214
425 446
151 198
151 273
151 307
151 325
198 160
198 190
273 189
273 345
307 158
307 237
325 214
325 308
152 446
446 217
446 291
446 315
446 326
446 428
157 350
350 252
158 192
159 255
165 217
227 258
227 428
339 297
186 345
190 308
246 252
256 331
404 237
404 428
293 252
