0: 0 5 85 96 99 114 115 121 122 132 171 189 209 262 264 305 317 324 331 367 386 416 428 432 454 458 459 462 465 471 473 479 485 486 487 489 491 495 498
1: 1 32 69 80 141 156 174 188 191 270 271 297 313 327 337 339 341 351 352 395 411 412 418 427 443 449 450 466 469 475
2: 2 35 48 70 90 94 107 127 144 152 157 173 182 183 245 246 252 278 319 350 388 417 435 436 437 442 444 457 472 480
3: 3 22 42 44 54 79 109 138 165 187 195 211 221 260 292 312 335 377 410 431
4: 4 8 11 27 110 134 176 179 184 235 272
5: 6 17 24 33 56 71 86 106 169 200 201 223 224 276 302 307 310 358 378 379 384 396 405 421 422 438 445 455
6: 7 30 36 39 46 50 124 146 147 220 226 229 240 254 309 311 365 391
7: 9 38 84 126 128 131 136 142 145 148 151 159 198 214 232 273 308 325 345 354 359 369 383 389 423 429 433 461 463 478 483
8: 10 29 62 73 75 113 116 118 162 163 193 202 218 265 268 290 294 304 306 314 316 321 334 336 353 385 392 451 456 477
9: 12 47 72 82 137 175 203 212 238 243 299 343 362 364 370 374
10: 13 37 57 67 68 78 103 129 133 153 248 329 330 355 368 382 394 397 401 408 414 440
11: 14 20 28 61 112 135 143 194 215 216 222 230 231 289 338 340 357 390 413 430
12: 15 21 23 25 41 59 64 74 83 101 102 105 167 168 178 197 205 233 237 244 256 287 293 298 348 376 402 404 406 415 424 426 439 467 470 474 481 488 492 493 499
13: 16 45 53 95 117 123 130 155 166 196 236 249 253 269 328 344 346 387 398 400
14: 18 58 104 140 158 192 251 274 295 300 333 349 360
15: 19 63 65 76 77 81 88 98 119 164 181 186 204 234 241 259 266 281 282 301 318 320 356 363 366 381 393 403 441 452 453 460
16: 26 87 89 91 108 207 239 284 285 323 332 342
17: 31 43 60 97 149 150 185 261 275 279 296 303
18: 34 49 51 52 55 93 111 125 180 206 208 219 225 228 267 277 280 286 322 361 372 373 409 447
19: 40 120 139 170 172 177 213 227 242 247 250 283 371 375
20: 66 92 100 154 160 161 190 199 210 217 255 257 258 263 288 291 315 326 347 380 399 407 419 420 425 434 446 448 464 468 476 482 484 490 494 496 497
