0 216
0 265
0 412
0 462
0 475
0 476
0 495
216 259
216 303
216 358
216 381
216 389
216 440
216 463
216 464
216 495
265 146
265 151
265 162
265 261
265 266
265 345
265 400
265 413
265 414
265 422
265 483
412 155
412 163
412 235
412 258
412 269
412 272
412 366
412 372
412 386
412 392
412 424
412 429
412 437
412 449
412 467
412 475
412 476
412 482
412 488
412 490
412 496
412 497
462 31
462 48
462 54
462 95
462 150
462 193
462 228
462 229
462 236
462 247
462 251
462 252
462 319
462 322
462 332
462 349
462 352
462 364
462 398
462 419
462 420
462 425
462 430
462 436
462 438
462 447
462 451
462 457
462 459
462 460
462 469
462 493
462 496
462 499
475 5
475 7
475 57
475 157
475 235
475 246
475 271
475 282
475 289
475 310
475 344
475 345
475 358
475 359
475 377
475 378
475 392
475 396
475 404
475 424
475 432
475 437
475 446
475 453
475 455
475 461
475 467
475 476
475 482
475 486
475 488
475 490
475 495
475 496
475 497
475 499
476 92
476 97
476 172
476 263
476 329
476 338
476 344
476 345
476 359
476 372
476 373
476 377
476 378
476 389
476 392
476 404
476 429
476 432
476 437
476 438
476 439
476 446
476 451
476 453
476 458
476 467
476 473
476 477
476 482
476 488
476 490
476 492
476 495
476 496
476 497
495 7
495 12
495 14
495 57
495 62
495 100
495 109
495 111
495 127
495 139
495 154
495 156
495 172
495 268
495 271
495 282
495 329
495 338
495 344
495 345
495 359
495 366
495 367
495 370
495 372
495 373
495 377
495 392
495 394
495 424
495 432
495 437
495 443
495 445
495 446
495 467
495 472
495 474
495 482
495 487
495 488
495 490
495 493
495 496
495 497
1 75
1 171
1 202
1 205
1 274
1 379
1 431
75 32
75 378
75 482
75 490
75 496
75 497
171 13
171 20
171 127
171 160
171 274
171 330
171 379
171 479
202 32
202 47
202 160
202 274
202 330
202 379
202 381
202 385
202 393
205 20
205 39
205 47
205 52
205 241
205 330
205 379
205 402
205 481
274 25
274 47
274 127
274 141
274 241
274 243
274 299
274 330
274 379
379 32
379 39
379 47
379 127
379 141
379 160
379 241
379 249
379 330
379 407
379 464
379 465
379 478
379 497
431 145
431 152
431 153
431 220
431 239
431 309
431 318
431 332
431 353
431 382
431 388
431 390
431 402
431 415
431 434
431 455
431 460
431 468
431 469
431 471
431 477
431 480
431 483
431 485
431 499
2 71
2 135
2 240
2 285
2 294
2 295
2 331
71 435
71 442
71 444
71 470
71 473
71 478
135 68
135 88
135 255
135 258
135 295
135 361
135 365
240 42
240 138
240 193
240 255
240 283
240 295
240 303
240 331
240 361
240 427
285 237
285 262
285 289
285 322
285 451
285 459
285 474
285 479
285 481
285 484
285 494
285 498
294 42
294 81
294 88
294 255
294 273
294 295
294 298
294 303
294 331
294 361
294 435
294 478
294 494
295 138
295 190
295 194
295 255
295 258
295 303
295 331
295 361
295 392
295 472
331 43
331 56
331 88
331 138
331 255
331 258
331 289
331 303
331 327
331 361
331 437
3 158
3 332
3 468
3 477
3 480
3 483
3 485
158 11
158 28
158 85
158 140
158 255
158 284
158 297
158 380
332 188
332 193
332 229
332 349
332 420
332 425
332 429
332 436
332 438
332 446
332 447
332 459
332 469
468 9
468 63
468 67
468 115
468 116
468 139
468 152
468 163
468 180
468 182
468 197
468 203
468 237
468 253
468 271
468 275
468 309
468 318
468 353
468 373
468 388
468 390
468 399
468 402
468 415
468 418
468 428
468 429
468 455
468 460
468 477
468 480
468 483
468 485
468 492
477 9
477 63
477 67
477 125
477 152
477 180
477 182
477 203
477 220
477 237
477 239
477 275
477 299
477 309
477 312
477 318
477 353
477 370
477 388
477 390
477 402
477 403
477 415
477 425
477 448
477 455
477 456
477 460
477 480
477 483
477 485
477 488
477 489
477 491
477 497
480 9
480 25
480 63
480 67
480 83
480 116
480 125
480 152
480 180
480 182
480 203
480 220
480 237
480 239
480 252
480 264
480 271
480 279
480 299
480 309
480 318
480 325
480 353
480 363
480 388
480 390
480 391
480 402
480 415
480 429
480 445
480 455
480 460
480 483
480 485
480 489
483 9
483 26
483 67
483 83
483 101
483 116
483 125
483 152
483 153
483 163
483 167
483 180
483 182
483 203
483 220
483 237
483 239
483 275
483 288
483 309
483 318
483 353
483 388
483 390
483 402
483 415
483 416
483 417
483 437
483 443
483 451
483 455
483 460
483 463
483 464
483 485
483 489
485 9
485 23
485 30
485 63
485 67
485 78
485 83
485 116
485 125
485 152
485 153
485 163
485 173
485 180
485 181
485 182
485 220
485 237
485 239
485 275
485 309
485 314
485 318
485 353
485 360
485 376
485 385
485 388
485 390
485 402
485 403
485 415
485 424
485 455
485 460
485 473
485 498
4 17
4 18
4 26
4 284
4 448
4 456
4 461
17 208
17 209
17 426
17 448
17 456
17 459
18 286
18 299
18 382
18 406
18 448
18 456
26 23
26 51
26 185
26 355
26 417
284 85
284 213
284 217
284 227
284 293
284 297
284 298
284 307
284 311
284 325
284 380
448 19
448 23
448 55
448 81
448 98
448 100
448 144
448 185
448 209
448 219
448 222
448 225
448 238
448 286
448 293
448 310
448 313
448 354
448 382
448 413
448 426
448 437
448 456
448 467
448 497
456 19
456 23
456 46
456 55
456 100
456 144
456 149
456 185
456 190
456 207
456 209
456 219
456 222
456 223
456 237
456 238
456 286
456 291
456 313
456 354
456 355
456 376
456 382
456 426
456 465
456 482
456 493
461 38
461 39
461 45
461 76
461 82
461 101
461 103
461 148
461 194
461 212
461 218
461 252
461 298
461 300
461 301
461 304
461 305
461 328
461 365
461 376
461 396
461 408
461 418
461 421
461 435
461 442
461 449
461 452
461 453
461 470
461 472
461 473
461 478
5 73
5 206
5 263
5 315
5 324
5 374
73 231
73 301
73 310
73 324
73 374
73 417
206 43
206 52
206 136
206 150
206 230
206 263
206 374
206 398
206 439
263 52
263 116
263 121
263 159
263 230
263 310
263 324
263 374
263 436
315 90
315 145
315 149
315 243
315 317
315 397
315 454
315 465
315 484
315 486
315 489
315 491
315 492
315 493
324 52
324 121
324 150
324 159
324 230
324 231
324 310
324 334
324 335
324 374
324 389
324 451
374 52
374 121
374 136
374 150
374 159
374 177
374 230
374 231
374 246
374 254
374 310
374 350
374 396
374 432
6 34
6 189
6 280
6 339
6 346
6 397
6 499
34 106
34 290
34 339
34 346
34 390
34 399
189 106
189 113
189 131
189 156
189 290
189 346
189 405
189 449
189 498
280 36
280 65
280 82
280 113
280 119
280 131
280 156
280 290
280 327
280 346
280 401
280 493
339 11
339 106
339 113
339 119
339 131
339 156
339 196
339 288
339 290
339 346
339 366
339 369
339 410
339 491
346 11
346 36
346 65
346 89
346 113
346 131
346 156
346 267
346 290
346 450
346 458
346 479
397 168
397 333
397 350
397 363
397 384
397 398
397 419
397 454
397 458
397 465
397 466
397 484
397 486
397 487
397 489
397 491
397 492
397 493
397 499
499 10
499 44
499 49
499 77
499 99
499 117
499 143
499 164
499 186
499 191
499 192
499 204
499 217
499 248
499 250
499 264
499 278
499 279
499 281
499 287
499 288
499 317
499 336
499 356
499 360
499 363
499 381
499 388
499 398
499 405
499 416
499 419
499 421
499 446
499 454
499 458
499 465
499 466
499 469
499 484
499 486
499 489
499 491
499 492
499 493
7 273
7 437
7 486
7 490
7 496
273 41
273 55
273 132
273 174
273 178
273 208
273 257
273 306
273 375
273 488
437 90
437 125
437 271
437 307
437 344
437 345
437 366
437 372
437 373
437 432
437 453
437 467
437 472
437 482
437 488
437 490
437 492
437 496
437 497
486 49
486 99
486 103
486 117
486 132
486 143
486 164
486 191
486 215
486 243
486 248
486 250
486 254
486 270
486 279
486 281
486 287
486 288
486 334
486 336
486 363
486 394
486 398
486 419
486 421
486 447
486 453
486 454
486 455
486 458
486 465
486 466
486 484
486 489
486 490
486 491
486 492
486 493
490 62
490 94
490 109
490 111
490 139
490 154
490 262
490 271
490 282
490 288
490 296
490 338
490 344
490 359
490 366
490 372
490 373
490 378
490 388
490 392
490 404
490 409
490 415
490 419
490 424
490 432
490 441
490 446
490 453
490 467
490 471
490 474
490 479
490 482
490 488
490 491
490 496
490 497
496 12
496 62
496 111
496 118
496 139
496 154
496 157
496 197
496 232
496 235
496 245
496 268
496 271
496 281
496 329
496 338
496 344
496 359
496 366
496 373
496 377
496 378
496 380
496 384
496 392
496 404
496 424
496 429
496 432
496 436
496 444
496 446
496 453
496 467
496 479
496 481
496 482
496 488
496 497
496 498
8 58
8 221
8 268
8 277
8 292
8 411
8 444
58 43
58 246
58 338
58 411
58 430
58 444
221 109
221 130
221 166
221 399
221 406
221 409
221 434
221 445
221 452
268 107
268 108
268 168
268 214
268 357
268 394
268 411
268 444
268 479
277 289
277 350
277 453
277 471
277 472
277 479
277 481
277 487
277 488
277 494
277 498
292 78
292 86
292 108
292 129
292 212
292 246
292 253
292 317
292 394
292 444
292 457
292 494
411 33
411 48
411 78
411 86
411 87
411 108
411 129
411 168
411 180
411 214
411 246
411 253
411 298
411 300
411 311
411 357
411 390
411 394
411 406
411 444
444 33
444 43
444 78
444 86
444 87
444 108
444 114
444 129
444 168
444 176
444 214
444 246
444 253
444 337
444 340
444 357
444 394
444 401
444 470
444 484
444 491
9 164
9 282
164 213
164 465
164 484
164 489
164 491
164 492
282 121
282 154
282 259
282 313
282 404
282 429
282 482
282 488
282 497
10 278
10 313
10 465
10 467
10 484
10 489
278 322
278 352
278 465
278 466
278 484
278 488
278 489
278 491
278 492
278 493
313 185
313 197
313 219
313 222
313 238
313 286
313 354
313 355
313 383
313 426
465 16
465 20
465 49
465 66
465 143
465 170
465 288
465 317
465 336
465 367
465 373
465 398
465 400
465 405
465 414
465 419
465 420
465 421
465 443
465 454
465 459
465 466
465 484
465 489
465 491
465 492
465 493
467 12
467 62
467 85
467 139
467 172
467 204
467 309
467 329
467 338
467 357
467 362
467 372
467 373
467 377
467 392
467 399
467 404
467 416
467 424
467 429
467 435
467 446
467 453
467 474
467 482
467 488
467 497
484 66
484 69
484 85
484 99
484 186
484 215
484 250
484 264
484 279
484 281
484 287
484 288
484 293
484 336
484 363
484 380
484 398
484 402
484 404
484 405
484 408
484 419
484 421
484 428
484 434
484 454
484 458
484 466
484 470
484 489
484 491
484 492
484 493
489 23
489 50
489 59
489 99
489 117
489 186
489 191
489 217
489 248
489 250
489 264
489 279
489 281
489 287
489 288
489 306
489 317
489 320
489 336
489 349
489 363
489 364
489 398
489 405
489 419
489 421
489 438
489 440
489 450
489 458
489 466
489 491
489 492
489 493
11 16
11 119
11 196
11 290
16 416
16 458
16 491
16 492
16 493
119 131
119 196
119 290
119 291
119 369
196 36
196 65
196 106
196 113
196 369
196 454
196 478
290 36
290 106
290 156
290 226
290 255
290 377
12 309
12 404
12 422
12 497
309 260
309 402
309 415
309 445
309 455
309 460
404 51
404 200
404 344
404 345
404 367
404 377
404 390
404 429
404 432
404 446
404 450
404 453
404 482
404 488
422 27
422 35
422 103
422 107
422 126
422 134
422 151
422 162
422 174
422 179
422 203
422 248
422 266
422 308
422 334
422 354
422 359
422 400
422 401
422 413
422 414
422 463
497 48
497 57
497 109
497 111
497 139
497 154
497 235
497 271
497 275
497 287
497 329
497 338
497 341
497 344
497 345
497 354
497 359
497 363
497 366
497 372
497 373
497 377
497 378
497 387
497 392
497 413
497 424
497 432
497 436
497 446
497 451
497 453
497 469
497 482
497 488
497 491
13 85
13 198
13 227
13 297
13 380
13 436
85 319
85 325
85 380
198 238
198 254
198 388
198 403
198 409
198 434
198 443
198 445
198 452
227 140
227 217
227 307
227 325
227 380
227 381
227 406
227 418
227 498
297 31
297 140
297 213
297 217
297 233
297 307
297 308
297 325
297 380
297 438
297 454
380 28
380 74
380 133
380 140
380 213
380 217
380 233
380 303
380 307
380 325
380 438
380 471
436 15
436 193
436 228
436 236
436 243
436 247
436 319
436 349
436 364
436 420
436 425
436 429
436 430
436 438
436 447
436 457
436 458
436 459
436 469
436 474
436 481
14 39
14 232
14 356
14 371
14 410
14 416
39 32
39 127
39 141
232 42
232 195
232 260
232 311
232 410
232 416
232 417
232 457
232 460
356 24
356 69
356 92
356 122
356 124
356 128
356 161
356 165
356 195
356 260
356 371
356 410
356 413
356 416
356 417
371 35
371 64
371 69
371 104
371 128
371 161
371 211
371 260
371 304
371 311
371 408
371 410
371 416
371 426
371 466
371 494
410 33
410 61
410 92
410 104
410 122
410 124
410 128
410 148
410 161
410 195
410 214
410 260
410 304
410 311
410 416
410 417
410 474
416 42
416 61
416 64
416 104
416 122
416 161
416 175
416 186
416 211
416 260
416 304
416 311
416 417
416 420
15 428
15 438
15 447
15 459
15 469
15 470
428 67
428 112
428 229
428 262
428 267
428 314
428 316
428 326
428 350
428 386
428 396
428 407
428 427
428 433
428 441
428 450
428 451
428 472
428 474
428 481
428 487
428 498
438 54
438 193
438 229
438 243
438 252
438 296
438 319
438 349
438 352
438 362
438 409
438 420
438 425
438 430
438 447
438 457
438 459
438 464
438 469
447 60
447 89
447 95
447 112
447 236
447 247
447 252
447 301
447 319
447 334
447 349
447 352
447 364
447 420
447 424
447 425
447 430
447 440
447 442
447 457
447 459
447 469
447 473
459 54
459 95
459 203
459 229
459 236
459 243
459 247
459 251
459 252
459 319
459 321
459 333
459 342
459 349
459 352
459 364
459 415
459 420
459 424
459 425
459 430
459 435
459 457
459 469
459 481
469 31
469 48
469 54
469 60
469 193
469 229
469 236
469 243
469 247
469 251
469 252
469 312
469 319
469 349
469 352
469 364
469 414
469 415
469 420
469 424
469 425
469 430
469 457
469 463
469 481
469 487
469 494
470 38
470 45
470 76
470 79
470 82
470 101
470 103
470 108
470 117
470 170
470 194
470 212
470 298
470 300
470 301
470 305
470 328
470 361
470 365
470 366
470 376
470 396
470 402
470 408
470 418
470 425
470 435
470 442
470 449
470 464
470 473
470 478
458 60
458 77
458 78
458 191
458 215
458 248
458 259
458 264
458 279
458 281
458 317
458 318
458 321
458 336
458 398
458 405
458 413
458 419
458 420
458 421
458 454
458 466
458 491
458 492
458 493
491 49
491 66
491 76
491 77
491 99
491 143
491 186
491 215
491 248
491 279
491 281
491 287
491 288
491 317
491 325
491 336
491 338
491 350
491 372
491 375
491 398
491 401
491 402
491 405
491 419
491 421
491 454
491 466
491 482
491 487
491 492
491 493
492 66
492 77
492 87
492 99
492 186
492 191
492 209
492 215
492 244
492 248
492 250
492 264
492 287
492 288
492 310
492 317
492 327
492 336
492 343
492 349
492 353
492 363
492 398
492 399
492 405
492 419
492 421
492 434
492 439
492 453
492 454
492 466
492 493
493 37
493 49
493 77
493 117
493 123
493 142
493 143
493 186
493 191
493 208
493 215
493 248
493 250
493 264
493 279
493 281
493 288
493 317
493 336
493 341
493 363
493 381
493 398
493 405
493 419
493 421
493 427
493 440
493 450
493 454
493 466
493 498
208 41
208 72
208 174
208 257
208 306
208 375
208 453
209 190
209 219
209 293
209 350
209 382
209 391
426 19
426 23
426 55
426 57
426 100
426 144
426 190
426 195
426 207
426 219
426 238
426 289
426 293
426 354
426 355
426 382
426 387
426 441
426 457
426 463
286 100
286 185
286 190
286 207
286 271
286 362
286 382
286 387
286 453
299 120
299 244
299 316
299 320
299 472
299 479
299 481
299 487
299 494
299 498
382 144
382 190
382 207
382 219
382 222
382 281
382 293
382 354
382 355
382 451
382 473
382 479
382 481
406 53
406 96
406 98
406 118
406 145
406 147
406 188
406 197
406 201
406 254
406 384
406 399
406 409
406 434
406 439
406 443
406 445
406 453
19 160
19 238
19 239
19 293
160 20
160 141
160 241
160 330
160 375
238 222
238 250
238 354
238 355
238 415
239 106
239 130
239 353
239 460
239 487
293 30
293 100
293 144
293 190
293 219
293 257
20 241
20 330
20 352
241 127
241 141
241 266
241 272
241 330
241 352
330 32
330 127
330 141
330 172
330 307
330 353
330 452
352 187
352 243
352 251
352 319
352 328
352 420
352 425
352 430
352 457
21 133
21 173
21 193
21 256
21 351
21 387
21 423
133 320
133 433
133 479
133 487
133 494
133 498
173 67
173 142
173 183
173 351
173 387
173 393
173 423
193 414
193 430
193 457
256 46
256 90
256 142
256 157
256 169
256 187
256 211
256 326
256 387
256 393
256 423
351 101
351 142
351 183
351 224
351 228
351 283
351 312
351 316
351 326
351 387
351 393
351 423
351 445
351 472
351 478
387 46
387 47
387 142
387 187
387 218
387 224
387 228
387 259
387 283
387 312
387 326
387 393
387 423
387 435
423 46
423 65
423 90
423 142
423 183
423 187
423 218
423 224
423 228
423 279
423 283
423 312
423 326
423 369
423 393
423 442
423 471
423 478
423 482
22 329
22 368
22 373
22 395
22 440
22 463
22 464
329 214
329 229
329 316
329 372
329 392
329 446
329 481
329 482
329 488
368 24
368 53
368 93
368 124
368 251
368 337
368 348
368 353
368 358
368 381
368 389
368 395
368 401
368 413
368 440
368 463
368 464
373 28
373 105
373 146
373 172
373 338
373 377
373 446
373 482
373 488
395 24
395 29
395 114
395 270
395 317
395 340
395 343
395 348
395 358
395 365
395 366
395 381
395 389
395 405
395 424
395 440
395 445
395 463
395 464
440 24
440 40
440 44
440 102
440 114
440 123
440 124
440 166
440 252
440 270
440 340
440 343
440 348
440 358
440 381
440 388
440 389
440 449
440 450
440 463
440 464
463 24
463 29
463 40
463 44
463 50
463 53
463 102
463 114
463 123
463 124
463 215
463 223
463 259
463 270
463 340
463 343
463 348
463 358
463 372
463 381
463 389
463 391
463 433
463 464
463 482
463 498
464 24
464 28
464 29
464 40
464 44
464 50
464 53
464 102
464 114
464 123
464 124
464 175
464 199
464 223
464 259
464 270
464 340
464 343
464 348
464 358
464 381
464 389
464 443
464 445
464 481
464 498
23 355
355 40
355 55
355 100
355 104
355 136
355 207
355 222
355 223
355 244
355 354
24 482
482 109
482 139
482 235
482 261
482 279
482 338
482 345
482 359
482 366
482 372
482 377
482 390
482 392
482 400
482 424
482 432
482 433
482 443
482 446
482 453
482 466
482 488
25 105
25 165
25 166
25 178
25 375
105 41
105 165
105 166
105 306
105 375
105 409
165 72
165 166
165 178
165 228
165 316
165 375
166 33
166 174
166 306
166 375
178 31
178 235
178 257
178 306
178 375
178 432
375 41
375 72
375 83
375 132
375 174
375 257
375 306
375 344
375 399
375 407
51 348
51 403
51 409
51 434
51 452
185 96
185 144
185 254
185 354
185 385
417 61
417 69
417 92
417 104
417 122
417 128
417 161
417 175
417 195
417 211
417 249
417 260
417 304
417 311
417 418
417 466
27 159
27 334
27 347
27 400
27 413
27 414
159 150
159 231
159 310
159 418
159 457
334 146
334 151
334 177
334 261
334 266
334 289
334 308
334 400
334 401
334 413
334 414
347 37
347 70
347 89
347 115
347 147
347 192
347 291
347 306
347 335
347 341
347 353
347 370
347 383
347 421
347 455
347 471
400 35
400 36
400 126
400 134
400 146
400 151
400 179
400 224
400 261
400 266
400 308
400 358
400 378
400 401
400 413
400 414
413 126
413 134
413 146
413 151
413 162
413 179
413 187
413 261
413 266
413 303
413 308
413 401
413 414
414 68
414 107
414 126
414 134
414 146
414 151
414 162
414 179
414 254
414 266
414 308
414 401
414 415
414 427
28 141
28 233
28 325
141 215
141 370
233 74
233 140
233 152
233 204
233 287
233 307
233 325
233 392
325 186
325 213
325 217
325 307
325 342
325 466
29 340
29 389
29 418
29 441
340 32
340 102
340 218
340 247
340 259
340 348
340 358
340 381
340 389
340 409
389 53
389 124
389 223
389 248
389 259
389 267
389 270
389 348
389 376
389 381
389 488
418 52
418 56
418 103
418 298
418 300
418 301
418 365
418 372
418 376
418 396
418 408
418 435
418 442
418 449
418 473
418 478
441 100
441 155
441 211
441 222
441 224
441 289
441 314
441 316
441 320
441 323
441 333
441 386
441 407
441 427
441 433
441 434
441 451
441 471
441 474
441 479
441 481
441 487
441 494
441 498
30 149
30 323
30 327
30 342
30 367
149 97
149 199
149 213
149 323
149 327
149 367
323 94
323 97
323 120
323 199
323 204
323 223
323 226
323 249
323 327
323 342
323 367
323 446
327 94
327 137
327 199
327 204
327 249
327 342
327 367
327 369
327 455
342 94
342 97
342 137
342 199
342 204
342 226
342 249
342 321
342 338
342 361
342 367
367 94
367 97
367 137
367 199
367 204
367 226
367 237
367 249
367 402
367 434
31 207
31 430
31 457
207 55
207 320
207 354
207 460
430 60
430 95
430 179
430 183
430 243
430 251
430 252
430 287
430 319
430 364
430 405
430 420
430 425
430 439
430 457
430 494
457 48
457 54
457 60
457 66
457 229
457 236
457 243
457 247
457 251
457 252
457 279
457 305
457 319
457 349
457 364
457 405
457 420
457 421
457 425
457 466
32 132
132 151
132 174
132 257
132 306
33 87
33 357
33 394
87 214
87 337
87 357
87 408
357 43
357 129
357 168
357 176
357 218
357 246
357 253
357 270
357 394
357 405
357 425
394 86
394 108
394 116
394 129
394 168
394 176
394 210
394 214
394 235
394 246
394 253
394 261
394 386
106 36
106 217
390 153
390 179
390 244
390 318
390 336
390 353
390 388
390 402
390 415
390 455
390 460
399 96
399 197
399 245
399 251
399 254
399 272
399 302
399 321
399 384
399 403
399 409
399 434
399 439
399 443
399 445
35 261
35 298
35 308
35 401
261 107
261 179
261 266
261 401
261 420
298 269
298 396
298 435
298 442
298 449
298 473
298 478
308 56
308 107
308 151
308 191
308 257
308 401
308 494
401 107
401 109
401 126
401 134
401 146
401 162
401 179
401 236
401 266
401 450
36 472
472 68
472 78
472 80
472 91
472 110
472 120
472 314
472 316
472 322
472 343
472 350
472 354
472 362
472 386
472 407
472 425
472 427
472 433
472 439
472 450
472 451
472 471
472 474
472 479
472 481
472 487
472 494
472 498
37 191
37 341
37 370
37 383
37 435
191 287
191 498
341 70
341 89
341 115
341 169
341 276
341 291
341 301
341 335
341 338
341 370
341 383
341 473
370 70
370 112
370 115
370 147
370 169
370 192
370 276
370 291
370 335
370 343
370 383
370 434
383 46
383 70
383 89
383 112
383 115
383 147
383 181
383 192
383 224
383 276
383 291
383 333
383 335
383 358
383 451
435 76
435 91
435 126
435 194
435 212
435 300
435 305
435 328
435 365
435 376
435 396
435 408
435 442
435 449
435 473
435 478
435 498
38 107
38 449
38 451
38 473
38 478
107 303
449 45
449 56
449 80
449 101
449 161
449 194
449 213
449 229
449 300
449 301
449 302
449 305
449 328
449 336
449 365
449 376
449 396
449 408
449 442
449 473
449 478
451 91
451 155
451 184
451 234
451 317
451 333
451 350
451 386
451 407
451 427
451 450
451 471
451 474
451 479
451 481
451 487
451 494
451 498
473 45
473 56
473 76
473 79
473 82
473 101
473 103
473 162
473 194
473 203
473 212
473 300
473 301
473 302
473 305
473 311
473 328
473 365
473 376
473 393
473 396
473 408
473 442
473 478
473 498
478 45
478 54
478 56
478 76
478 79
478 82
478 101
478 103
478 188
478 194
478 212
478 246
478 300
478 301
478 305
478 328
478 354
478 359
478 365
478 376
478 396
478 408
478 442
478 460
478 487
127 386
40 162
40 343
40 348
162 156
162 266
343 102
343 223
343 259
343 270
343 348
343 358
343 381
343 487
348 50
348 103
348 118
348 259
348 260
348 381
348 454
41 72
41 306
41 487
72 82
72 177
72 257
306 174
306 242
306 257
306 488
487 57
487 90
487 148
487 155
487 170
487 184
487 234
487 249
487 262
487 267
487 289
487 314
487 322
487 333
487 350
487 362
487 386
487 398
487 407
487 419
487 433
487 450
487 471
487 474
487 479
487 481
487 494
487 498
42 258
42 303
42 361
258 116
258 138
258 255
258 270
258 303
258 361
258 393
303 81
303 255
303 300
303 361
361 81
361 88
361 138
361 153
361 234
361 255
361 349
361 471
43 84
43 176
84 86
84 145
84 409
84 443
84 445
84 452
176 86
176 129
176 253
176 403
176 433
44 358
44 381
44 466
358 50
358 114
358 223
358 333
358 377
358 381
381 259
381 270
381 398
381 488
466 70
466 143
466 215
466 248
466 250
466 257
466 264
466 266
466 279
466 281
466 317
466 336
466 363
466 398
466 405
466 419
466 421
466 446
466 454
45 59
45 99
59 167
59 183
59 360
59 385
59 391
99 432
46 312
46 326
312 90
312 183
312 187
312 224
312 276
312 326
312 393
312 494
326 142
326 218
326 228
326 283
326 393
326 445
326 479
326 481
47 253
47 377
253 108
253 168
253 195
253 214
377 70
377 130
377 344
377 420
377 429
377 453
377 488
48 231
48 364
231 136
231 150
231 230
231 310
231 443
231 446
364 111
364 131
364 229
364 307
364 349
364 420
364 425
364 460
364 498
49 214
49 262
214 78
262 226
262 267
262 366
262 479
262 481
262 494
262 498
50 270
50 320
270 123
320 83
320 110
320 318
320 350
320 471
320 474
320 479
320 481
320 494
403 98
403 130
403 188
403 197
403 242
403 264
403 272
403 321
403 384
403 393
403 407
403 434
403 439
403 443
403 445
403 452
409 254
409 272
409 302
409 321
409 345
409 384
409 434
409 439
409 443
409 445
409 452
409 488
434 98
434 118
434 130
434 201
434 245
434 251
434 272
434 321
434 384
434 393
434 439
434 443
434 445
434 452
452 74
452 96
452 97
452 98
452 118
452 145
452 153
452 188
452 197
452 201
452 245
452 248
452 254
452 317
452 321
452 384
452 421
452 427
452 429
452 439
452 443
452 445
52 321
321 197
321 201
321 384
321 439
321 443
321 445
53 102
53 494
102 192
102 215
494 62
494 68
494 80
494 91
494 95
494 96
494 110
494 120
494 131
494 155
494 184
494 234
494 289
494 314
494 322
494 333
494 335
494 350
494 362
494 386
494 407
494 427
494 433
494 450
494 455
494 471
494 474
494 479
494 481
494 498
54 161
161 195
161 304
55 121
121 136
121 230
121 310
56 442
442 79
442 194
442 212
442 300
442 301
442 304
442 318
442 328
442 365
442 376
442 386
442 396
442 408
442 445
442 450
442 455
57 453
57 488
453 98
453 109
453 271
453 305
453 344
453 345
453 366
453 392
453 408
453 424
453 429
453 446
453 488
488 62
488 109
488 154
488 222
488 235
488 271
488 283
488 319
488 336
488 359
488 366
488 372
488 378
488 392
488 424
488 429
488 432
488 445
488 446
246 86
246 267
338 94
338 366
338 429
338 432
167 179
167 296
167 302
167 335
167 360
167 385
167 391
183 187
183 228
183 234
183 393
360 93
360 177
360 184
360 210
360 225
360 242
360 247
360 269
360 296
360 337
360 369
360 385
360 391
360 432
385 63
385 93
385 129
385 157
385 177
385 200
385 210
385 219
385 225
385 296
385 302
385 337
385 369
385 391
391 64
391 74
391 93
391 157
391 177
391 200
391 210
391 242
391 269
391 283
391 296
391 302
391 337
391 369
60 222
60 349
222 354
349 163
349 225
349 420
349 425
61 92
61 172
61 365
61 471
92 260
92 291
92 311
172 194
172 429
172 446
365 128
365 170
365 300
365 305
365 376
365 396
365 429
471 83
471 88
471 91
471 148
471 155
471 170
471 184
471 234
471 244
471 267
471 316
471 322
471 350
471 362
471 386
471 405
471 407
471 427
471 450
471 454
471 474
471 481
471 498
62 230
230 79
230 150
230 310
230 425
63 117
63 460
117 405
117 454
460 83
460 116
460 152
460 153
460 163
460 180
460 182
460 203
460 275
460 276
460 318
460 353
460 388
460 402
460 415
460 419
460 432
460 433
460 439
460 455
64 175
64 304
64 311
64 392
175 122
175 131
175 211
175 427
175 498
304 104
304 122
304 195
304 311
304 359
304 446
311 69
311 211
311 235
392 195
392 424
392 429
392 443
392 446
392 481
65 113
65 156
65 454
113 146
113 305
156 200
454 66
454 186
454 264
454 279
454 305
454 336
454 362
454 363
454 372
454 398
454 405
454 419
454 421
454 446
66 372
372 219
372 378
372 424
372 429
68 450
68 479
68 498
450 120
450 155
450 170
450 271
450 289
450 296
450 333
450 362
450 386
450 407
450 427
450 433
450 474
450 479
450 481
450 498
479 120
479 123
479 151
479 170
479 201
479 234
479 235
479 289
479 314
479 316
479 362
479 378
479 386
479 407
479 427
479 433
479 474
479 481
479 498
498 69
498 80
498 91
498 110
498 155
498 170
498 244
498 267
498 314
498 316
498 322
498 333
498 344
498 350
498 362
498 363
498 378
498 386
498 407
498 427
498 433
498 474
498 481
69 433
433 148
433 170
433 211
433 244
433 289
433 301
433 333
433 384
433 386
433 427
433 474
433 481
70 115
115 181
115 335
82 319
177 242
177 269
177 302
257 174
257 260
301 376
301 396
301 408
310 136
310 150
310 474
74 213
74 217
74 307
213 140
213 307
217 307
307 140
307 425
378 134
378 235
378 291
378 419
378 424
378 429
378 432
378 446
76 219
77 96
77 142
96 439
96 443
142 393
79 345
79 408
345 108
345 139
345 314
345 359
345 429
345 446
408 120
408 212
408 300
408 305
408 322
408 328
408 376
408 396
80 220
80 407
80 474
220 140
220 388
220 432
220 455
407 201
407 234
407 314
407 316
407 328
407 455
407 474
407 481
474 134
474 143
474 148
474 184
474 234
474 244
474 314
474 322
474 333
474 350
474 362
474 384
474 386
474 402
474 415
474 427
474 481
81 88
81 255
81 398
88 255
88 396
398 245
398 281
398 287
398 419
398 421
319 139
319 168
319 425
86 125
145 136
145 384
145 439
145 443
443 91
443 130
443 137
443 188
443 201
443 245
443 254
443 384
443 439
443 445
445 98
445 118
445 188
445 197
445 201
445 245
445 272
445 384
445 439
125 421
125 455
337 93
337 157
337 200
337 210
337 242
337 269
337 296
337 302
337 369
337 427
396 272
396 305
396 328
396 376
396 384
89 181
89 276
89 335
181 147
181 150
181 169
181 192
181 335
276 112
276 169
276 199
276 291
276 335
276 446
335 152
335 169
335 182
335 192
335 291
90 283
90 393
283 218
283 224
283 228
283 316
283 393
393 187
393 218
393 224
393 228
393 415
91 427
427 148
427 250
427 314
427 350
427 362
427 386
427 481
260 128
260 211
291 147
291 169
291 192
93 302
93 363
93 369
302 157
302 225
302 269
302 369
363 226
363 362
363 405
363 419
363 421
369 157
369 200
369 210
369 225
369 242
369 269
369 296
94 204
94 245
204 199
204 226
245 272
245 384
245 439
95 192
95 344
95 425
192 112
344 275
344 424
344 432
344 481
425 187
425 190
425 251
425 420
439 98
439 118
439 130
439 182
439 188
439 254
439 272
439 314
439 384
97 226
97 249
226 137
226 249
249 137
249 199
432 111
432 212
432 359
432 366
432 424
432 429
432 446
101 269
269 154
269 225
269 296
104 211
104 247
247 252
247 420
110 126
110 316
110 350
110 366
126 134
316 328
316 362
350 318
366 143
366 446
111 354
111 424
354 144
354 190
424 144
424 200
424 429
112 147
112 359
147 169
147 267
359 212
359 264
359 429
359 446
146 128
305 328
114 174
114 223
223 123
405 250
405 317
405 336
405 421
118 210
210 122
210 157
210 200
120 281
281 137
136 199
122 314
123 163
163 402
163 455
124 455
455 153
455 180
455 182
455 203
455 234
455 237
455 275
455 318
455 353
455 388
455 402
455 415
421 143
421 288
421 419
421 481
386 130
386 251
386 481
128 195
129 168
137 419
419 287
419 384
138 229
138 250
138 322
322 148
322 267
322 300
322 481
140 376
376 184
376 266
376 328
144 288
384 197
384 272
169 317
267 244
267 481
148 481
481 184
481 234
481 244
481 289
481 333
481 362
153 415
415 203
415 275
415 318
415 388
415 402
154 194
154 236
236 252
236 296
236 420
155 186
200 242
200 296
402 237
402 318
402 353
402 388
228 429
296 225
296 242
429 201
446 328
242 225
242 388
180 300
187 218
184 287
184 333
333 362
333 388
254 201
218 224
188 264
188 272
190 225
388 237
388 275
388 353
259 420
420 243
420 275
353 251
244 362
275 336
