0: 0 3 8 12 21 23 27 41 48 58 68 79 82 83 90 91 98 102 106 112 113 127 138 141 151 153 157 161 163 167 174 175 180 186 192 215 218 226 229 235 248 257 274 277 278 282 288 296 298 301 302 305 313 314 315 320 325 342 343 345
1: 1 6 7 9 20 31 37 59 76 78 96 103 109 117 121 134 156 159 164 170 173 178 182 184 189 199 209 216 230 233 241 242 245 247 262 272 299 312 317 332 335 338
2: 2 11 13 14 16 18 25 26 29 30 38 44 45 49 50 54 55 57 60 66 72 75 77 80 87 88 89 92 97 100 107 108 110 115 119 123 126 129 137 140 144 145 147 165 172 179 187 188 190 193 196 207 210 212 217 231 232 237 239 244 250 252 253 258 260 264 268 275 279 280 283 285 287 290 292 294 295 297 304 308 309 311 316 322 326 328 329 330 331 333 334 337 339 340 344 346 347
3: 4 43 63 69 71 74 85 111 139 142 221 222 225 234 240 263 269 271
4: 5 34 42 51 52 61 65 67 73 84 86 94 101 114 122 125 130 132 149 150 166 168 169 181 183 194 198 203 204 205 208 223 227 228 251 254 255 259 266 273 293 300 306 310 318 321 323 324 327 336 341
5: 10 15 28 32 39 81 93 99 105 118 135 136 197 213 224 236 238 246 261 270 276 286 289 291 307 319
6: 17 19 40 64 70 131 133 152 154 171 177 185 200 214 219 249 256 267
7: 22 24 33 36 46 53 95 104 116 120 124 128 143 160 162 195 202 206 211 220 243 265 281 284 303
8: 35 47 56 62 146 148 155 158 176 191 201
9: 348 354 373 376 377 398 405 417 418 430 448 453 486 493 525 539 549 575 576 593
10: 349 355 361 375 390 409 419 421 428 434 445 455 460 462 469 475 480 482 488 489 496 502 504 507 514 516 519 523 526 527 531 533 541 546 560 564 566 567 577 583 586 589 592 594 599 602 611 613 616 623 634 635 637 641 652 654 655 656 657 658 661 662
11: 350 352 356 367 371 382 393 395 396 399 404 459 491 492 498 500 501 520 524 529 551 562 563 568 571 579 604 609 612 620 626 627 632 639 647 650
12: 351 374 388 394 397 432 442 467 485 494 535 552 559 597 600
13: 353 357 380 383 387 400 401 402 406 416 420 431 435 447 450 458 465 466 473 479 487 490 499 503 506 517 521 528 532 540 542 545 573 574 581 582 585 591 610 614 615 617 625 633 640 643 645 648 649 651 659 660
14: 358 359 360 363 366 372 378 379 381 386 389 391 403 408 415 425 427 429 436 437 438 439 441 443 444 449 452 456 461 464 470 474 476 478 481 483 484 505 509 511 515 518 534 536 544 547 550 553 558 561 565 569 570 572 580 588 590 596 598 601 606 607 608 618 619 628 631 636 638 642 644 646 653
15: 362 369 370 384 392 407 410 412 413 414 422 423 424 426 433 440 446 463 471 477 495 497 508 510 513 537 538 543 548 555 556 557 584 587 603 605 621 630
16: 364 365 368 385 411 451 454 457 468 472 512 522 530 554 578 595 622 624 629
17: 663 712 739 782 806 829 860 883 926 939 992 1017 1025 1133 1134 1142 1232 1256 1271 1282 1308 1337 1360 1401 1407 1454
18: 664 678 692 751 799 803 816 841 930 945 991 1001 1100 1101 1138 1143 1172 1217 1335 1422
19: 665 703 730 784 912 1031 1083 1135 1156 1219 1258 1318
20: 666 671 725 744 746 759 767 796 840 851 856 880 898 903 933 937 950 952 973 1003 1042 1053 1075 1093 1107 1118 1128 1145 1164 1176 1182 1198 1206 1241 1252 1272 1278 1285 1300 1332 1351 1365 1379 1382 1393 1411 1416 1419 1424 1447 1457 1467 1478 1493 1504 1505 1512 1521 1534 1535 1544 1552
21: 667 779 826 832 852 862 890 896 908 985 1041 1081 1110 1117 1157 1162 1259 1265 1378 1400 1414 1439 1444 1451
22: 668 700 749 1005 1011 1061 1129 1195 1202 1244 1255 1321 1322 1341 1369
23: 669 673 709 720 762 834 845 854 869 874 891 910 913 953 954 993 1038 1124 1159 1165 1191 1197 1254 1264 1307 1317 1355 1392 1394 1434 1474 1486 1510 1514
24: 670 752 760 775 798 811 818 900 946 1060 1112 1140 1160 1173 1177 1220 1251 1326 1340 1377 1383 1418 1458 1461
25: 672 686 695 698 704 711 766 770 781 792 800 817 850 864 914 924 940 944 990 995 1009 1019 1020 1021 1044 1077 1087 1088 1094 1102 1108 1109 1113 1122 1127 1152 1183 1185 1193 1216 1223 1229 1231 1234 1237 1243 1260 1261 1268 1276 1291 1293 1303 1313 1316 1327 1331 1346 1348 1358 1370 1376 1381 1391 1398 1409 1417 1427 1431 1432 1441 1468 1477 1482 1515 1516 1517 1529 1530 1533 1536 1545 1546 1550 1558
26: 674 687 727 737 758 794 808 820 824 833 838 839 858 865 866 867 875 876 879 892 893 920 921 951 974 981 1022 1067 1071 1092 1099 1213 1236 1274 1287 1342 1343 1363 1415 1438 1446 1455 1491 1519 1525 1532 1537 1539
27: 675 719 729 731 747 768 778 786 805 810 821 831 843 863 885 988 1034 1059 1073 1097 1098 1105 1114 1144 1155 1170 1171 1179 1222 1235 1266 1292 1325 1334 1350 1353 1357 1380 1430 1452 1453 1456 1464 1476 1481 1502 1511 1531 1538
28: 676 690 691 699 713 724 735 750 789 797 819 871 878 886 905 934 942 963 979 1008 1039 1055 1063 1066 1106 1147 1178 1180 1188 1194 1210 1233 1238 1239 1246 1248 1269 1283 1301 1305 1310 1329 1336 1364 1371 1385 1397 1403 1425 1429 1440 1449 1462 1463 1471 1479 1485 1500 1527 1528 1548 1556 1559
29: 677 689 734 742 795 801 870 904 917 936 964 968 999 1000 1026 1028 1047 1049 1085 1086 1111 1208 1250 1257 1262 1279 1284 1299 1309 1373 1402 1408 1426 1450 1499 1523
30: 679 684 714 726 754 755 764 785 807 812 830 897 923 925 1052 1089 1090 1095 1115 1130 1149 1153 1201 1203 1209 1224 1230 1253 1289 1314 1323 1330 1339 1344 1374 1404 1423 1437 1465 1466 1470 1498 1507 1508 1513 1522 1526
31: 680 685 706 717 771 837 888 986 1166 1189 1221
32: 681 688 707 718 748 959 965 975 978 983 984 1013 1057 1074 1082 1123 1125 1168 1192 1270 1290 1302 1319 1396 1413 1421 1448 1459 1483 1487 1489
33: 682 694 705 723 728 740 763 783 788 790 813 815 872 884 889 916 931 943 948 955 969 970 982 1004 1036 1037 1054 1056 1078 1080 1116 1150 1161 1169 1184 1187 1196 1212 1226 1249 1275 1288 1320 1349 1372 1384 1386 1388 1395 1412 1433 1443 1445 1484 1542 1547 1549 1555 1557
34: 683 697 701 708 736 780 791 802 822 842 859 868 887 962 966 994 997 1006 1007 1016 1035 1046 1065 1076 1104 1126 1132 1137 1154 1174 1205 1211 1228 1245 1280 1294 1306 1324 1328 1333 1338 1345 1354 1359 1361 1387 1406 1420 1442 1473 1475 1488 1492 1496 1501 1518 1540 1541 1543 1551 1553 1554
35: 693 716 738 774 776 919 958 972 987 996 1040 1281
36: 696 721 757 835 909 928 929 960 1029 1048 1068 1119 1146 1181 1186 1204 1315 1366
37: 702 733 743 756 844 846 849 901 1033 1058 1070 1167 1207 1214
38: 710 772 814 836 853 881 911 957 1120 1200 1286
39: 715 787 793 809 825 847 877 894 902 907 947 961 967 980 1010 1018 1023 1024 1027 1030 1045 1084 1091 1131 1136 1141 1148 1151 1163 1175 1240 1273 1296 1298 1304 1375 1389 1460 1469 1480 1494 1506
40: 722 823 827 857 861 882 895 927 938 976 977 1002 1015 1032 1050 1096 1103 1121 1225 1263 1399
41: 732 745 765 906 915 922 932 949 1043 1215 1218 1267 1311 1347 1367 1368 1390 1405 1428 1436
42: 741 753 761 773 804 828 848 855 918 935 941 956 971 989 998 1012 1051 1064 1069 1072 1190 1227 1247 1277 1295 1297 1312 1352 1356 1362 1410 1435 1472 1490 1495 1497 1503 1509 1520 1524
43: 769 777 873 899 1014 1062 1079 1139 1158 1199 1242
44: 1560 1585 1604 1632 1643 1688 1696 1736 1770 1780 1794 1840 1848 1853 1857 1858 1865
45: 1561 1563 1589 1608 1613 1616 1620 1624 1647 1668 1677 1684 1686 1691 1709 1713 1731 1749 1787 1797 1808 1809 1820 1831 1844 1869 1872 1882 1901 1906 1908 1909
46: 1562 1564 1565 1573 1588 1597 1606 1615 1636 1645 1653 1655 1664 1673 1678 1679 1704 1710 1721 1727 1732 1735 1737 1740 1741 1768 1776 1790 1799 1819 1827 1828 1834 1849 1861 1868 1871 1875 1885 1889 1893 1895 1902 1905 1912 1914 1919
47: 1566 1567 1583 1593 1610 1625 1631 1641 1642 1646 1648 1652 1654 1665 1672 1675 1706 1708 1761 1767 1774 1781 1800 1803 1810 1811 1815 1818 1822 1835 1839 1842 1843 1845 1850 1855 1859 1866 1870 1874 1877 1880 1887 1899
48: 1568 1576 1580 1581 1590 1591 1595 1601 1602 1605 1626 1635 1639 1661 1666 1669 1670 1687 1693 1697 1702 1714 1772 1782 1813 1824 1826 1847 1856 1894 1897
49: 1569 1571 1575 1582 1596 1612 1619 1627 1629 1649 1651 1660 1662 1667 1671 1683 1694 1695 1698 1703 1716 1717 1718 1733 1734 1738 1739 1746 1757 1760 1762 1765 1769 1773 1783 1788 1789 1793 1795 1802 1812 1830 1838 1851 1854 1867 1873 1878 1888 1900 1903 1915 1920
50: 1570 1577 1578 1579 1587 1592 1621 1622 1638 1680 1682 1690 1700 1701 1715 1719 1723 1725 1726 1728 1752 1764 1784 1796 1814 1816 1817 1821 1829 1833 1836 1841 1846 1879 1884 1892 1898 1910 1911
51: 1572 1574 1584 1594 1598 1599 1600 1609 1611 1618 1623 1628 1633 1634 1637 1644 1650 1659 1663 1676 1681 1685 1689 1692 1699 1705 1707 1711 1712 1720 1730 1742 1750 1751 1753 1754 1758 1763 1766 1771 1775 1777 1778 1779 1786 1791 1792 1798 1801 1804 1805 1823 1825 1832 1837 1852 1860 1862 1863 1864 1876 1881 1883 1886 1890 1891 1896 1904 1907 1913 1916 1917 1918 1921 1922 1923
52: 1586 1603 1607 1614 1640 1656 1658 1674 1747 1748 1759 1785 1806 1807
53: 1617 1630 1657 1722 1724 1729 1743 1744 1745 1755 1756
54: 1924 1930 1941 1945 1971 1973 1978 2006 2009 2015 2039 2042 2069 2083 2093 2099 2115 2119 2122 2132 2135 2136 2149 2154 2156 2159 2162 2163 2177 2183 2185 2196 2198 2213 2223 2236 2238 2244 2253 2263 2265 2270 2282 2289 2300 2307 2320 2374 2387 2390 2403 2409 2415 2419 2432 2451 2452
55: 1925 1938 1942 1967 1969 1994 2002 2024 2025 2032 2046 2054 2061 2072 2091 2098 2100 2109 2121 2151 2157 2181 2191 2205 2208 2216 2219 2225 2242 2246 2267 2274 2280 2303 2305 2314 2321 2332 2340 2343 2348 2349 2350 2368 2378 2381 2385 2386 2389 2391 2396 2407 2427 2431 2449
56: 1926 1935 1949 1953 1956 1968 1981 1983 1990 2016 2018 2019 2023 2052 2055 2068 2077 2080 2084 2090 2101 2105 2113 2117 2123 2124 2141 2142 2144 2150 2152 2180 2184 2189 2192 2199 2204 2207 2210 2217 2220 2228 2239 2241 2245 2247 2248 2252 2254 2272 2276 2277 2310 2327 2330 2339 2342 2344 2347 2356 2367 2371 2382 2392 2393 2411 2412 2422 2424 2438 2439 2440 2445 2450 2453
57: 1927 1928 1936 1937 1940 1944 1955 1963 1964 1966 1992 2000 2010 2021 2026 2030 2035 2040 2047 2051 2058 2062 2065 2073 2079 2085 2097 2102 2104 2126 2138 2148 2153 2164 2165 2167 2169 2178 2200 2211 2215 2218 2222 2226 2232 2233 2240 2259 2261 2279 2281 2283 2286 2287 2290 2294 2296 2306 2309 2322 2324 2326 2346 2352 2353 2354 2358 2365 2369 2372 2383 2398 2401 2402 2410 2413 2420 2426 2434 2436 2437
58: 1929 1931 1933 1961 1965 1976 1997 2011 2027 2029 2033 2044 2048 2050 2056 2057 2064 2071 2087 2095 2096 2103 2107 2108 2125 2129 2130 2134 2139 2143 2146 2155 2158 2160 2171 2172 2175 2194 2195 2209 2243 2255 2260 2262 2275 2284 2292 2311 2315 2335 2338 2341 2364 2373 2379 2395 2400 2404 2414 2417 2425 2433 2441 2442 2443 2448
59: 1932 1934 1939 1943 1946 1948 1951 1952 1954 1958 1959 1960 1972 1974 1977 1985 1987 1988 1989 1998 1999 2005 2007 2008 2028 2031 2037 2038 2053 2060 2066 2074 2076 2092 2106 2112 2120 2137 2140 2187 2190 2203 2229 2230 2251 2257 2264 2268 2271 2273 2288 2297 2302 2304 2308 2328 2336 2357 2376 2380 2406 2416 2421 2423 2430 2444
60: 1947 1979 1991 2012 2041 2045 2059 2067 2070 2110 2116 2127 2166 2168 2174 2197 2237 2249 2256 2295 2298 2312 2318 2323 2329 2362 2377
61: 1950 1970 1975 1980 1982 1995 1996 2001 2003 2013 2022 2063 2078 2089 2094 2111 2170 2173 2176 2182 2186 2188 2193 2201 2206 2212 2221 2227 2258 2266 2299 2325 2331 2333 2337 2355 2359 2363 2370 2408 2418 2435
62: 1957 1962 1984 1986 1993 2004 2014 2017 2020 2034 2036 2043 2049 2075 2081 2082 2086 2088 2114 2118 2128 2131 2133 2145 2147 2161 2179 2202 2214 2224 2231 2234 2235 2250 2269 2278 2285 2291 2293 2301 2313 2316 2317 2319 2334 2345 2351 2360 2361 2366 2375 2384 2388 2394 2397 2399 2405 2428 2429 2446 2447
63: 2454 2457 2461 2464 2470 2484 2491 2493 2513 2523 2525 2530 2531 2539 2548 2558 2559 2567 2568 2585 2598 2603 2614 2638 2651 2662 2666 2667 2668 2670 2683 2687 2690 2694 2706 2710 2711 2715 2721 2727 2728 2734 2751 2765 2771 2777 2782 2792 2793 2816 2820 2825 2831 2842 2843 2845 2850 2858 2860 2863 2877 2892 2896 2902 2903 2905 2911 2919 2932 2938 2943 2952 2962 2965 2979 2981 2987 3000 3002
64: 2455 2458 2460 2466 2467 2475 2480 2486 2487 2498 2501 2502 2504 2505 2510 2520 2529 2540 2542 2545 2556 2560 2564 2566 2571 2572 2574 2589 2594 2609 2619 2621 2624 2626 2628 2642 2643 2646 2649 2654 2658 2661 2677 2682 2684 2691 2693 2701 2703 2708 2709 2716 2729 2744 2750 2760 2770 2772 2778 2781 2786 2794 2798 2805 2814 2815 2819 2826 2832 2833 2835 2837 2849 2852 2854 2861 2869 2875 2890 2899 2900 2904 2907 2920 2923 2941 2944 2946 2947 2951 2956 2961 2972 2973 2975 2982 2983 2999 3007 3008
65: 2456 2462 2468 2472 2473 2478 2492 2494 2497 2503 2514 2544 2557 2565 2590 2591 2593 2595 2623 2629 2635 2641 2648 2653 2663 2674 2675 2678 2681 2707 2719 2723 2724 2725 2726 2731 2745 2747 2748 2756 2758 2759 2768 2784 2788 2802 2810 2812 2824 2827 2851 2853 2865 2870 2879 2887 2912 2916 2931 2936 2942 2989 3004
66: 2459 2465 2482 2483 2500 2506 2512 2516 2519 2526 2527 2535 2537 2541 2543 2546 2553 2554 2555 2561 2573 2575 2581 2582 2583 2584 2586 2587 2599 2600 2611 2617 2625 2630 2632 2639 2650 2679 2695 2696 2700 2702 2722 2730 2736 2741 2752 2753 2754 2761 2762 2764 2776 2780 2785 2790 2791 2796 2800 2801 2803 2806 2817 2821 2838 2846 2848 2866 2876 2881 2885 2889 2898 2901 2917 2921 2922 2924 2926 2933 2935 2945 2954 2958 2960 2964 2978 2980 2985 2991 2996 2997 3009
67: 2463 2476 2477 2479 2496 2515 2517 2532 2536 2538 2547 2550 2552 2562 2578 2588 2601 2604 2610 2612 2622 2631 2633 2634 2637 2664 2673 2680 2688 2704 2718 2720 2732 2749 2757 2763 2766 2769 2789 2811 2823 2828 2841 2857 2862 2873 2880 2882 2883 2886 2893 2894 2897 2908 2909 2925 2927 2928 2930 2948 2949 2950 2955 2959 2967 2968 2970 2971 2974 2986 2994 2995 2998
68: 2469 2474 2481 2489 2511 2518 2528 2533 2534 2549 2576 2579 2580 2596 2602 2605 2608 2615 2618 2627 2636 2640 2644 2645 2647 2655 2656 2657 2659 2669 2672 2676 2685 2686 2692 2705 2739 2740 2742 2743 2746 2775 2783 2795 2804 2808 2809 2813 2818 2822 2830 2836 2839 2840 2847 2856 2859 2864 2867 2868 2871 2872 2884 2891 2906 2910 2913 2914 2918 2939 2953 2957 2963 2966 2969 2984 2988 2990 2992 2993 3001 3003 3005 3006
69: 2471 2485 2488 2490 2495 2507 2508 2522 2551 2563 2569 2570 2577 2592 2597 2606 2607 2613 2689 2697 2698 2699 2712 2713 2733 2737 2738 2755 2767 2773 2774 2779 2797 2799 2807 2834 2855 2874 2895 2929 2934 2937 2940 2976 2977
70: 2499 2509 2521 2524 2616 2620 2652 2660 2665 2671 2714 2717 2735 2787 2829 2844 2878 2888 2915
71: 3010 3028 3031 3042 3044 3052 3076 3097 3105 3122 3126 3129 3131 3132 3135 3165 3171 3182 3187 3188 3198 3210 3211 3253 3293 3298 3316 3339 3355 3362 3368 3370 3371 3389 3391 3426 3449 3450 3466 3532 3536 3542 3544 3554 3562 3564 3619 3625 3655 3658 3675 3682 3687 3697 3731 3737 3742 3759 3761 3775 3783 3790 3796 3808 3816
72: 3011 3012 3047 3054 3071 3079 3090 3096 3151 3214 3239 3246 3247 3254 3261 3264 3266 3299 3325 3328 3361 3375 3386 3397 3408 3451 3479 3504 3507 3514 3545 3569 3572 3575 3590 3609 3616 3681 3685 3693 3718 3729 3732 3795 3802 3809 3810 3815
73: 3013 3048 3055 3066 3070 3073 3081 3088 3101 3137 3163 3199 3205 3213 3248 3295 3304 3326 3363 3390 3402 3441 3537 3551 3598 3605 3654 3677 3700 3721 3727 3743 3749 3758 3762 3769 3772 3793
74: 3014 3015 3018 3019 3034 3053 3059 3062 3065 3078 3095 3100 3115 3146 3147 3164 3215 3238 3258 3259 3260 3281 3285 3286 3287 3291 3300 3315 3320 3341 3342 3346 3351 3354 3359 3381 3398 3430 3435 3446 3456 3495 3496 3498 3517 3523 3527 3530 3531 3535 3547 3573 3588 3591 3594 3597 3627 3680 3690 3691 3701 3708 3720 3723 3726 3733 3734 3738 3756 3764 3770 3777 3792 3798 3799 3825 3828 3830 3831
75: 3016 3091 3099 3106 3144 3208 3263 3310 3376 3379 3406 3414 3477 3486 3629 3657
76: 3017 3049 3057 3084 3108 3109 3110 3113 3114 3125 3138 3141 3160 3162 3169 3178 3191 3194 3203 3222 3245 3251 3257 3274 3276 3289 3290 3314 3324 3352 3383 3399 3448 3470 3471 3475 3476 3487 3488 3497 3502 3503 3505 3520 3528 3549 3560 3563 3565 3567 3576 3581 3583 3612 3632 3641 3644 3663 3673 3679 3686 3689 3699 3711 3716 3741 3754 3760 3767 3771 3781 3789 3803 3805 3811 3818 3829 3832
77: 3020 3025 3035 3043 3060 3069 3093 3104 3117 3130 3133 3153 3180 3185 3231 3265 3284 3311 3322 3332 3357 3403 3416 3440 3483 3494 3522 3571 3589 3599 3601 3614 3628 3640 3668 3670 3672 3747 3753 3779 3784 3801 3806 3807
78: 3021 3023 3040 3045 3058 3064 3094 3148 3170 3176 3217 3227 3241 3243 3244 3249 3271 3280 3296 3313 3331 3338 3340 3348 3392 3401 3415 3422 3425 3431 3436 3455 3511 3518 3533 3574 3595 3596 3639 3648 3651 3661 3666 3674 3705 3710 3730 3750 3751 3757 3766 3768 3788 3791 3812 3813 3814 3820 3822 3827
79: 3022 3032 3033 3036 3039 3041 3063 3080 3089 3102 3103 3107 3111 3116 3118 3139 3140 3149 3172 3174 3179 3186 3189 3197 3201 3202 3229 3242 3256 3262 3268 3305 3312 3317 3327 3329 3330 3347 3358 3369 3374 3377 3380 3388 3394 3405 3420 3421 3442 3444 3461 3463 3464 3469 3482 3484 3485 3489 3501 3515 3521 3548 3550 3556 3557 3561 3566 3577 3578 3587 3592 3602 3631 3636 3649 3656 3659 3660 3662 3683 3688 3709 3735 3739 3746 3748 3778 3782 3785 3787 3794 3804 3823 3826
80: 3024 3046 3083 3156 3181 3184 3195 3206 3224 3230 3272 3288 3301 3302 3356 3366 3411 3481 3492 3512 3519 3603 3623 3652 3676 3684 3702 3707 3722 3745
81: 3026 3155 3159 3255 3273 3283 3318 3434 3438 3439 3465 3474 3491 3506 3552 3620 3665
82: 3027 3072 3142 3145 3154 3177 3219 3220 3223 3235 3240 3306 3344 3382 3387 3393 3396 3432 3457 3490 3508 3529 3553 3555 3570 3613 3692 3694 3704 3706 3728 3744 3773
83: 3029 3056 3120 3127 3209 3218 3336 3407 3437 3462 3546 3584
84: 3030 3121 3200 3225 3252 3282 3309 3349 3404 3525 3534 3600 3604 3610 3617 3650
85: 3037 3038 3067 3068 3077 3086 3087 3092 3157 3168 3204 3207 3226 3269 3297 3321 3333 3335 3364 3365 3372 3373 3412 3417 3454 3459 3468 3480 3493 3513 3585 3606 3618 3624 3633 3635 3638 3642 3643 3646 3664 3669 3719 3736 3740 3780 3786 3797
86: 3050 3051 3085 3128 3136 3161 3167 3175 3183 3233 3234 3237 3278 3292 3294 3350 3353 3360 3384 3385 3400 3418 3423 3427 3428 3443 3458 3472 3526 3538 3580 3582 3593 3607 3621 3622 3634 3667 3696 3698 3703 3713 3717 3724 3725 3755 3763 3774 3776 3800 3817 3819 3821 3824
87: 3061 3098 3307 3323 3367 3409 3410 3424 3429 3452 3453 3460 3473 3499 3524 3540 3541 3579 3586 3671
88: 3074 3152 3192 3221 3279 3308 3319 3345 3445 3478 3500
89: 3075 3119 3150 3173 3196 3212 3228 3250 3275 3303 3337 3467 3510 3516 3559 3568 3611 3615 3626 3630 3637 3647 3653 3678 3695 3712 3714 3715 3752 3765
90: 3082 3134 3143 3158 3232 3270 3343 3378 3395 3419 3447 3543 3558
91: 3112 3123 3124 3166 3190 3193 3216 3236 3267 3277 3334 3413 3433 3509 3539 3608 3645
92: 3833 3854 3857 3862 3865 3876 3915 3917 3934 3943 3952 3954 3971 3996 4029 4040 4060 4070 4072 4083 4090 4101 4120 4124 4138 4140 4153 4167 4177 4178 4187 4189
93: 3834 3838 3840 3841 3846 3849 3851 3852 3853 3855 3858 3859 3864 3869 3874 3875 3886 3894 3898 3905 3919 3923 3924 3928 3930 3941 3942 3944 3949 3950 3955 3958 3962 3967 3970 3976 3984 3985 3990 3991 4000 4001 4002 4004 4015 4017 4018 4020 4022 4025 4028 4034 4036 4039 4051 4055 4056 4062 4071 4079 4087 4092 4097 4099 4106 4108 4112 4116 4131 4134 4139 4156 4166 4170 4172 4175 4180 4181 4183 4186 4191 4200 4201 4202 4203 4205 4207 4208 4209 4210 4212 4214 4216 4219 4224 4225 4226 4227
94: 3835 3836 3844 3845 3850 3856 3861 3863 3866 3877 3879 3880 3888 3890 3892 3907 3913 3918 3920 3921 3932 3937 3940 3945 3946 3948 3953 3963 3964 3972 3977 3978 3981 3992 3993 3997 3999 4005 4007 4011 4021 4023 4024 4030 4033 4037 4038 4042 4043 4045 4048 4049 4050 4052 4054 4068 4069 4084 4093 4095 4096 4102 4107 4109 4115 4117 4133 4135 4137 4141 4142 4143 4146 4147 4152 4157 4158 4163 4165 4171 4173 4179 4182 4184 4188 4197 4198 4199 4204 4211 4215 4217 4218 4220 4222
95: 3837 3842 3843 3848 3870 3871 3882 3891 3901 3902 3906 3935 3947 3957 3959 3960 3969 3973 3974 3975 3982 3995 4003 4013 4016 4019 4026 4031 4035 4041 4053 4057 4059 4065 4066 4067 4073 4076 4078 4091 4105 4110 4113 4114 4119 4125 4132 4145 4151 4192 4194
96: 3839 3847 3860 3867 3868 3884 3885 3893 3895 3896 3897 3903 3904 3908 3911 3922 3926 3927 3929 3933 3951 3968 3980 3983 3989 3998 4006 4009 4010 4032 4044 4058 4064 4075 4077 4082 4085 4088 4103 4104 4121 4123 4126 4128 4129 4144 4149 4155 4161 4164 4168 4176 4185 4190 4193 4195 4196 4206 4213 4221 4223 4228
97: 3872 3873 3881 3887 3889 3899 3900 3909 3912 3916 3936 3965 3979 3986 3987 3988 4008 4012 4046 4047 4061 4063 4080 4081 4098 4111 4130 4136 4148 4150 4159 4160 4162 4174
98: 3878 3883 3910 3914 3925 3931 3938 3939 3956 3961 3966 3994 4014 4027 4074 4086 4089 4094 4100 4118 4122 4127 4154 4169
99: 4229 4232 4236 4260 4265 4277 4295 4300 4312 4316 4333 4349 4351 4435 4442 4448 4455 4462 4497 4520 4576 4588 4606 4616 4618 4634 4688 4691 4694 4705 4706 4707 4716 4749 4754 4760 4764 4772 4793 4805 4808 4823 4828 4841 4846 4863 4867 4869 4894 4897 4918 4935 4950 4977 4983 4989
100: 4230 4240 4242 4249 4257 4263 4264 4296 4298 4303 4308 4313 4324 4330 4343 4380 4384 4423 4431 4436 4438 4450 4473 4482 4486 4495 4501 4507 4509 4512 4554 4555 4581 4586 4590 4593 4596 4603 4610 4613 4615 4646 4656 4658 4670 4671 4675 4684 4697 4698 4715 4726 4730 4742 4750 4755 4756 4779 4783 4787 4800 4802 4817 4829 4850 4884 4886 4891 4899 4900 4909 4910 4917 4925 4936 4937 4966 4968 4971 4980 4992
101: 4231 4367 4372 4388 4407 4470 4476 4477 4503 4659 4685 4689 4699 4757
102: 4233 4237 4252 4290 4317 4336 4376 4382 4396 4398 4402 4405 4416 4425 4456 4463 4465 4474 4487 4498 4525 4532 4537 4558 4577 4635 4637 4639 4644 4645 4647 4650 4655 4673 4678 4679 4682 4701 4727 4729 4731 4794 4803 4815 4818 4825 4881 4896 4914 4919 4921 4927 4931 4942 4944 4947 4949 4959 4961 4962 4973 4974 4975 4979 4999
103: 4234 4250 4262 4269 4310 4341 4375 4413 4420 4428 4514 4542 4546 4564 4583 4589 4604 4611 4619 4630 4642 4643 4771 4814 4816 4838 4855 4878 4904 4905
104: 4235 4243 4267 4283 4294 4302 4340 4345 4366 4377 4386 4392 4408 4409 4410 4418 4421 4427 4444 4472 4513 4529 4557 4560 4580 4608 4620 4652 4662 4664 4702 4703 4719 4741 4758 4759 4763 4776 4778 4785 4810 4812 4819 4824 4830 4831 4836 4839 4853 4861 4862 4874 4924 4938 4953 4954 4976 4988 4996
105: 4238 4280 4288 4314 4325 4339 4362 4369 4415 4422 4458 4461 4467 4489 4543 4563 4567 4599 4623 4626 4638 4665 4668 4709 4712 4720 4725 4728 4752 4765 4777 4781 4782 4784 4790 4806 4811 4832 4837 4868 4875 4882 4887 4888 4889 4907 4911 4930 4934 4939 4940 4956 4963 4965 4967 4985 4990 4994
106: 4239 4273 4319 4337 4361 4551 4552 4591 4598 4600 4629 4631 4696 4713 4722
107: 4241 4256 4259 4278 4291 4304 4306 4328 4329 4331 4352 4360 4368 4370 4378 4379 4393 4397 4404 4412 4449 4457 4466 4481 4517 4528 4534 4544 4547 4548 4553 4559 4561 4572 4582 4594 4601 4614 4625 4632 4636 4641 4660 4692 4693 4704 4738 4747 4748 4768 4775 4798 4804 4813 4822 4834 4843 4851 4865 4870 4871 4883 4892 4893 4903 4908 4912 4920 4928 4948 4952 4958 4960 4969 4978 4982 4986 4987 4995 4997 4998
108: 4244 4261 4279 4320 4323 4401 4443 4451 4571 4578 4592 4597 4605 4628 4657 4807 4826
109: 4245 4247 4248 4270 4292 4327 4348 4358 4381 4484 4505 4521 4523 4584 4627 4676 4680 4711 4717 4721 4732 4734 4740 4746 4767 4848 4864 4895 4901 4929 4932
110: 4246 4272 4284 4289 4299 4301 4315 4322 4354 4356 4394 4403 4411 4414 4433 4452 4493 4499 4506 4511 4519 4524 4562 4570 4602 4640 4653 4672 4695 4710 4718 4723 4745 4766 4773 4780 4786 4820 4821 4840 4842 4844 4856 4860 4880 4916 4926 4933 4946 4957 4964 4970 4972 4981 4984 4991 4993
111: 4251 4305 4309 4338 4347 4387 4475 4485 4492 4496 4502 4508 4515 4549 4550 4621 4649 4667 4796
112: 4253 4254 4255 4268 4274 4297 4321 4335 4342 4374 4447 4454 4516 4669 4681 4733 4795 4847 4866
113: 4258 4286 4293 4371 4453 4526 4566 4648 4654 4674 4724 4737 4791 4792 4799
114: 4266 4271 4281 4391 4419 4430 4440 4460 4469 4518 4536 4541 4579 4677 4708 4735 4770 4854 4872 4873 4885 4890 4906 4915 4923
115: 4275 4287 4311 4318 4364 4365 4390 4429 4441 4446 4459 4490 4491 4494 4504 4527 4530 4533 4538 4540 4545 4568 4585 4595 4607 4617 4624 4666 4751 4753 4769 4789 4801 4835 4858 4859 4898 4902 4941
116: 4276 4285 4350 4353 4400 4406 4426 4468 4471 4479 4480 4587 4609 4661 4663 4714 4797 4857
117: 4282 4332 4344 4346 4359 4373 4383 4385 4389 4395 4417 4437 4488 4510 4531 4556 4565 4569 4573 4574 4651 4683 4687 4690 4743 4744 4761 4788 4845 4849 4877 4913 4943
118: 4307 4326 4334 4355 4357 4363 4399 4424 4432 4434 4439 4445 4464 4478 4483 4500 4522 4535 4539 4575 4612 4622 4633 4686 4700 4736 4739 4762 4774 4809 4827 4833 4852 4876 4879 4922 4945 4951 4955
