0: 0 3 35 47 53 72 74 78 95 103 113 118 240 242 270 317 333 343 370 380 395 399 404 425
1: 1 5 12 17 19 31 59 61 70 79 85 93 96 104 111 119 123 125 131 175 207 209 223 228 235 251 265 273 285 297 299 302 304 306 316 328 330 332 338 350 356 374 375 390 411 415 416 419 421 422 423 427 429 430 431 435 443 447 468 469 471 472 474 475 477 478 485 486 489 491 493 495
2: 2 11 36 37 89 112 156 180 186 197 237 238 249 254 274 325 331 348 397 400
3: 4 25 26 33 77 108 114 126 132 144 185 213 256 260 264 269 283 307 376 394
4: 6 30 65 68 98 110 117 145 189 194 195 198 200 206 246 253 263 275 296 315 342 379 382 407 420 436
5: 7 20 21 39 44 60 97 99 120 129 152 153 164 188 199 211 212 222 231 233 244 261 305 312 318 327 341 351 384 403 405 417 433 437 463 467
6: 8 23 49 67 76 94 106 135 205 215 220 234 250 353 355 371 373
7: 9 10 14 15 32 52 55 105 107 143 157 168 192 202 203 210 218 219 221 232 248 280 290 294 295 310 311 322 329 339 362 364 366 377 378 401 426 432 440 444 450 453 465 473
8: 13 24 58 92 138 149 176 272 278 291 292 293 300
9: 16 18 28 34 38 42 48 57 62 66 71 87 109 115 121 127 128 130 133 136 146 148 150 158 161 162 166 169 173 179 181 190 204 217 239 241 243 245 255 258 281 284 286 287 301 303 309 319 320 344 349 352 357 358 359 372 385 386 387 392 396 398 406 408 410 412 418 424 428 434 438 439 441 442 445 448 449 451 454 455 456 457 461 464 466 470 479 480 481 482 483 484 487 488 490 492 494 496 497
10: 22 29 82 88 90 140 167 184 191 216 225 282 289 298 335 363 365
11: 27 50 80 81 116 122 137 139 151 154 155 165 171 182 193 196 201 226 236 252 266 314 321 323 345 347 360 361 369 381 388 391 402 409 413 414 446 452 458 459 460 462 476
12: 40 41 51 54 63 69 73 124 147 159 160 177 178 183 257 271 276 340 393
13: 43 46 56 84 86 142 163 214 229 230 247 262 267 268 313 336 346 368 383 389
14: 45 75 91 101 208 227 279 288 308 326 334 337 354
15: 64 83 100 102 134 141 170 172 174 187 224 259 277 324 367
16: 498 508 511 517 529 548 559 564 576 594 623 625 639 640 644 660 667 672 701 704 705 710 717 720 728 735 752 757 759 763 787 816 827 832 842 851 852 864 866 869 884 910 915 917 918 925 930 931 956 959 962 968 973 983 988 997 1001 1002 1003
17: 499 503 505 521 526 547 549 550 554 563 567 586 601 621 624 632 633 638 641 642 680 683 684 687 694 706 725 729 737 743 755 762 785 788 791 793 799 810 811 822 836 844 858 905 921 934 936 949 978 981 987 989 990 991 993
18: 500 512 541 553 555 569 581 583 585 592 598 614 619 649 686 693 697 744 784 819 865 868 876 911 913 926 927 932 947 950
19: 501 616 620 627 688 698 734 749 773 792 807 826 837 856 859 860 879
20: 502 507 510 515 525 528 568 577 582 590 602 645 647 651 671 679 695 696 712 715 730 790 805 808 850 880 883 894 896 902 937 940 957
21: 504 516 532 539 542 546 580 597 618 631 648 653 655 656 658 690 709 731 753 775 776 798 817 840 922 928 933 943 952 954 958
22: 506 513 518 527 530 533 561 573 575 588 591 615 630 637 659 674 692 700 708 714 723 733 758 764 769 772 789 797 812 823 830 833 834 853 867 871 873 874 877 881 892 897 899 903 923 929 946 948 955 974 985
23: 509 524 534 538 540 544 545 558 560 571 584 589 600 608 611 612 628 629 636 657 676 713 719 722 732 736 739 740 751 761 777 779 780 783 795 818 821 838 839 843 846 847 848 855 878 885 886 888 891 906 914 935 938 941 942 944 953 961 964 965 969 971 977 979 982 984 986 992 994 995 996 998 999 1000 1004 1005 1006 1007 1008 1009 1010 1011
24: 514 519 520 522 523 552 593 606 617 643 661 664 665 678 689 716 726 741 750 766 770 778 800 803 806 809 814 824 828 841 849 861 863 882 889 895 900 908 912 945 951 967 975 980
25: 531 556 562 566 599 604 607 610 613 650 654 691 718 746 768 781 794 815 845 854 875 901 909
26: 535 536 537 543 551 565 570 574 579 595 609 626 668 669 670 677 682 703 707 724 742 745 748 754 756 774 782 802 804 820 829 835 872 887 893 898 920 924 939 970 976
27: 557 596 603 605 622 634 635 646 652 662 663 675 681 699 702 711 765 767 771 786 796 801 813 831 857 862 870 890 904 907 916 919 960 963 966 972
28: 572 578 587 666 673 685 721 727 738 747 760 825
29: 1012 1015 1024 1030 1033 1037 1042 1045 1048 1056 1060 1069 1085 1087 1092 1101 1107 1114 1120 1131 1141 1142 1145 1146 1153 1158 1159 1161 1162 1163 1170 1171 1176 1177 1180 1181 1184 1188 1193 1194 1197 1210 1211 1219 1222 1223 1232 1233 1236 1249 1256 1258 1261 1265 1271 1273 1275 1279 1282 1284 1287 1305 1308 1313 1314 1315 1316 1323 1325 1327 1337 1338 1344 1345 1347 1349 1350 1355 1358 1359 1360 1361 1367 1368 1369 1370 1372 1374 1376 1380 1382 1383 1386 1389 1390 1392 1393 1394
30: 1013 1020 1070 1073 1075 1083 1090 1100 1102 1103 1121 1144 1168 1172 1178 1201 1227 1234 1268 1270 1286 1295 1302 1311 1326 1329 1335 1340
31: 1014 1018 1019 1022 1023 1026 1028 1029 1032 1034 1035 1039 1044 1046 1047 1050 1051 1055 1057 1058 1059 1061 1063 1066 1079 1089 1094 1109 1111 1112 1113 1116 1117 1122 1123 1124 1127 1129 1134 1135 1138 1143 1148 1149 1160 1169 1175 1183 1187 1189 1191 1208 1213 1217 1221 1228 1230 1235 1237 1238 1239 1251 1263 1267 1285 1291 1292 1296 1306 1309 1312 1317 1320 1328 1331 1334 1342 1353 1354 1363 1371 1379 1381 1384 1391
32: 1016 1017 1021 1027 1036 1038 1040 1041 1049 1053 1062 1064 1065 1067 1071 1074 1076 1078 1081 1082 1086 1091 1104 1106 1108 1118 1125 1126 1128 1136 1137 1139 1151 1154 1156 1157 1164 1165 1166 1174 1179 1182 1185 1186 1190 1192 1196 1199 1200 1202 1204 1205 1207 1209 1212 1215 1229 1240 1241 1242 1243 1244 1246 1248 1250 1253 1257 1262 1266 1272 1274 1276 1278 1281 1283 1289 1290 1293 1294 1297 1299 1300 1303 1310 1318 1324 1330 1332 1336 1341 1343 1346 1352 1356 1364 1375 1377 1385 1388
33: 1025 1043 1054 1068 1084 1088 1095 1096 1097 1098 1110 1115 1130 1132 1133 1147 1150 1152 1173 1195 1198 1203 1216 1218 1220 1224 1231 1245 1247 1252 1254 1255 1259 1260 1264 1269 1277 1288 1298 1307 1319 1321 1333 1339 1348 1351 1357 1362 1365 1366 1373 1378 1387
34: 1031 1052 1072 1077 1080 1093 1099 1105 1119 1140 1155 1167 1206 1214 1225 1226 1280 1301 1304 1322
35: 1395 1396 1397 1398 1400 1401 1409 1412 1413 1423 1430 1434 1436 1437 1439 1440 1442 1443 1445 1450 1452 1456 1457 1462 1464 1466 1468 1470 1471 1472 1474 1479 1480 1481 1482 1484 1486 1487 1489 1490 1495 1497 1499 1501 1502 1503 1506 1507 1509 1511 1513 1516 1518 1519 1520 1521 1523 1524 1526 1528 1531 1532 1535 1538 1540 1541 1544 1546 1550 1551 1554 1559 1561 1562 1563 1566 1567 1569 1570 1572 1574 1575 1579 1582 1583 1584 1586 1587 1588 1589 1594 1595 1599 1602 1605 1607 1608 1609 1610 1611 1612 1614 1615 1617 1622 1623 1624 1625 1626
36: 1399 1419 1420 1455 1460 1485 1493 1498 1500 1504 1508 1548 1552
37: 1402 1404 1405 1406 1407 1411 1415 1416 1418 1421 1426 1429 1433 1438 1444 1447 1448 1449 1451 1459 1463 1467 1469 1473 1476 1477 1488 1491 1492 1522 1527 1530 1533 1534 1537 1539 1542 1545 1549 1553 1555 1556 1558 1560 1568 1573 1576 1577 1581 1585 1590 1592 1596 1597 1598 1601 1604 1606 1613 1616 1618 1619 1620 1621
38: 1403 1425 1427 1428 1435 1446 1453 1454 1458 1478 1496 1512 1529 1536 1543 1557 1564 1565 1578
39: 1408 1410 1414 1417 1422 1424 1431 1432 1441 1461 1465 1475 1483 1494 1505 1510 1514 1515 1517 1525 1547 1571 1580 1591 1593 1600 1603
40: 1627 1632 1642 1664 1666 1702 1704 1744 1746 1748 1760 1766 1767 1772 1789 1791 1793 1794 1796 1805 1809 1810 1817 1820 1822 1825 1841 1858 1869 1877 1885 1892 1893 1895 1896 1898 1931 1944 1946 1961 1965
41: 1628 1629 1647 1662 1665 1670 1674 1679 1691 1692 1709 1723 1733 1740 1761 1781 1790 1801 1802 1811 1812 1823 1827 1830 1831 1840 1852 1863 1867 1891 1903 1908 1912 1914 1919 1926 1928 1950 1953 1956 1957 1964 1966 1967 1968 1971 1972
42: 1630 1638 1641 1654 1661 1663 1673 1684 1686 1690 1694 1701 1712 1722 1727 1738 1739 1742 1764 1774 1775 1777 1778 1780 1785 1797 1800 1813 1835 1848 1850 1854 1865 1889 1905 1922 1933 1935 1947
43: 1631 1633 1635 1636 1637 1640 1646 1653 1655 1657 1668 1675 1681 1682 1687 1688 1699 1711 1713 1718 1719 1721 1724 1736 1749 1769 1770 1776 1782 1784 1788 1799 1804 1806 1819 1821 1832 1834 1838 1842 1845 1851 1853 1856 1870 1879 1880 1883 1890 1897 1917 1937 1943 1945 1954 1959 1963 1969 1970 1973 1974 1975 1976 1977 1978 1979 1980 1981 1982 1983 1984
44: 1634 1650 1651 1658 1683 1696 1705 1730 1735 1741 1743 1751 1754 1757 1798 1808 1815 1859 1862 1864 1866 1871 1873 1876 1902 1906 1911 1915 1930 1936 1942 1948 1949 1952 1955 1958
45: 1639 1676 1689 1693 1700 1708 1729 1732 1752 1753 1763 1771 1786 1814 1833 1836 1847 1855 1861 1872 1882 1894 1899 1900 1910 1918 1921 1924 1927 1932 1934 1951
46: 1643 1645 1656 1667 1671 1680 1703 1707 1714 1720 1725 1726 1728 1731 1747 1750 1758 1768 1779 1803 1807 1816 1818 1829 1844 1846 1860 1878 1886 1887 1901 1904 1909 1920 1923 1925 1929 1939 1941 1960 1962
47: 1644 1649 1652 1659 1669 1672 1677 1695 1697 1706 1710 1717 1737 1745 1755 1762 1773 1783 1787 1828 1837 1839 1843 1868 1884 1913 1938 1940
48: 1648 1660 1678 1685 1698 1715 1716 1734 1756 1759 1765 1792 1795 1824 1826 1849 1857 1874 1875 1881 1888 1907 1916
49: 1985 1993 2009 2034 2037 2043 2046 2062 2069 2071 2081 2084 2095 2114 2134 2140 2147 2148 2150 2163
50: 1986 1987 1991 1992 1995 1998 2011 2014 2016 2021 2024 2030 2031 2032 2036 2041 2042 2044 2045 2051 2053 2063 2066 2067 2079 2083 2085 2087 2094 2096 2100 2102 2103 2104 2105 2115 2116 2121 2123 2124 2129 2131 2132 2138 2141 2142 2143 2145 2146 2152 2160 2161 2162 2164 2165 2166 2167 2173 2175 2176 2177 2183 2185 2187 2190 2192 2193 2197 2202 2205 2208 2212 2213 2214 2215 2218 2221 2222 2223 2224 2225 2226 2227 2228
51: 1988 1990 2003 2004 2005 2013 2029 2035 2038 2040 2050 2064 2070 2077 2080 2082 2089 2092 2109 2117 2118 2119 2122 2126 2127 2135 2153 2154 2155 2157 2168 2170 2171 2178 2181 2184 2188 2199 2201 2203 2206 2216
52: 1989 1994 2006 2007 2012 2018 2025 2027 2028 2033 2048 2049 2052 2054 2056 2058 2059 2060 2061 2065 2072 2076 2078 2086 2093 2097 2098 2101 2106 2110 2111 2112 2113 2120 2130 2136 2139 2149 2151 2159 2169 2174 2179 2180 2182 2186 2189 2196 2198 2200 2204 2207 2209 2210 2211 2217 2219 2220
53: 1996 1997 2001 2002 2008 2019 2020 2022 2026 2039 2047 2055 2057 2073 2075 2088 2091 2099 2108 2133 2144 2156 2158 2172 2191 2194 2195
54: 1999 2000 2010 2015 2017 2023 2068 2074 2090 2107 2125 2128 2137
55: 2229 2297 2327 2334 2349 2358 2371 2388 2404 2409 2464 2545 2557 2567 2568 2586 2604 2655 2666 2677 2681 2722 2741 2744 2753 2758 2781 2788 2793 2828 2881 2887 2906 2922 2943 2955 3014 3034 3041
56: 2230 2265 2302 2335 2391 2403 2412 2498 2500 2589 2618 2657 2676 2684 2701 2737 2810 2833 2853 2868 2876 2879 2920 2923 2972 2977 2979
57: 2231 2257 2348 2363 2381 2400 2415 2428 2437 2443 2445 2448 2454 2458 2491 2496 2504 2512 2515 2517 2523 2534 2541 2563 2583 2591 2595 2621 2648 2649 2706 2711 2714 2726 2763 2796 2838 2848 2858 2871 2878 2891 2901 2933 2936 2946 2947 2960 2970 3001 3004 3018 3024 3025 3032 3033 3055 3060 3065 3080 3085 3090 3093 3094 3095 3097 3099
58: 2232 2260 2300 2315 2337 2367 2370 2431 2452 2461 2472 2473 2479 2482 2539 2612 2691 2761 2762 2779 2856 2880 2915 2937 2957 2962 2981
59: 2233 2269 2289 2292 2408 2411 2425 2493 2535 2544 2558 2569 2572 2577 2603 2613 2638 2642 2664 2679 2740 2755 2784 2843 2852 2893 2974 2984
60: 2234 2235 2240 2244 2280 2307 2321 2341 2345 2390 2416 2433 2455 2476 2484 2574 2585 2619 2686 2712 2715 2760 2766 2777 2790 2830 2870 2897 2904 2928 2932 2952 2964 2971 2989 3000 3015 3020 3035 3051
61: 2236 2248 2251 2276 2285 2290 2304 2385 2397 2501 2509 2519 2570 2573 2590 2600 2614 2635 2682 2693 2698 2710 2719 2720 2757 2803 2840 2857 2872 2883 2907 2925 2953 2954 2963 2966 2975 2990 2991 2993 2998 3008 3017 3023 3040 3042 3043 3052 3053 3062 3068 3076 3077 3078
62: 2237 2250 2258 2262 2264 2318 2340 2352 2377 2418 2436 2438 2447 2468 2521 2526 2552 2575 2592 2628 2640 2647 2652 2683 2685 2802 2832 2863 2902 2930 2931 2956 2983 2996 3011 3029 3036 3044 3048
63: 2238 2239 2255 2270 2271 2274 2278 2279 2281 2329 2339 2373 2383 2395 2413 2430 2453 2457 2481 2490 2522 2524 2527 2530 2543 2556 2566 2630 2631 2639 2645 2656 2673 2689 2695 2702 2713 2735 2759 2765 2792 2818 2821 2862 2886 2941 2968 3002 3009 3028 3030 3037 3046 3056 3057 3061 3069 3071 3073 3074
64: 2241 2242 2263 2338 2359 2360 2399 2421 2423 2429 2434 2451 2465 2474 2528 2605 2609 2622 2637 2660 2661 2668 2669 2690 2694 2700 2718 2733 2736 2738 2746 2799 2812 2825 2841 2846 2850 2865 2884 2885 2898 2905 2910 2911 2912 2935 2976 2987 2992 2994 3010 3027 3031 3039 3045 3047 3049 3054 3058 3066 3067 3070 3072 3075 3079 3081 3082 3083 3084 3086 3087 3088 3089 3091 3092 3096 3098 3100 3101 3102 3103 3104 3105
65: 2243 2253 2275 2286 2293 2305 2308 2333 2344 2378 2435 2459 2492 2525 2542 2547 2554 2561 2562 2571 2611 2615 2616 2653 2687 2717 2725 2742 2748 2750 2754 2774 2780 2800 2826 2831 2847 2859 2861 2875 2889 2894 2895 2908 2909 2924 2927 2948 2965 3007 3038 3050 3059 3063 3064
66: 2245 2311 2375 2456 2470 2486 2503 2507 2510 2538 2633 2768 2775 2807 2864
67: 2246 2282 2313 2323 2427 2469 2485 2499 2505 2506 2540 2608 2626 2651 2699 2749 2752 2783 2785 2798 2815 2837 2854 2869 2921 2951 2959 2995 3006 3012 3016 3019 3022 3026
68: 2247 2303 2314 2325 2326 2354 2357 2389 2419 2422 2446 2449 2475 2546 2596 2667 2678 2770 2809 2827 2899
69: 2249 2309 2328 2343 2368 2450 2463 2488 2532 2555 2708 2767
70: 2252 2312 2393 2407 2487 2497 2578 2624 2627 2654 2731 2745 2776 2805 2839
71: 2254 2272 2277 2288 2319 2347 2365 2379 2394 2502 2537 2581 2662 2707 2730 2751 2836 2844 2866 2900 2926 2944 2978 2980 2988
72: 2256 2259 2301 2317 2331 2361 2364 2380 2386 2406 2444 2462 2529 2593 2665 2696 2697 2704 2721 2789 2808 2849 2888 2896 2929 2934 2950 2969 2985
73: 2261 2268 2296 2299 2346 2355 2369 2376 2410 2424 2439 2440 2471 2489 2513 2514 2516 2564 2587 2602 2617 2632 2688 2728 2756 2764 2801 2819 2823 2851 2917 2942 2945 2958 2982 2986 2997 3003 3005
74: 2266 2291 2298 2306 2350 2460 2553 2580 2610 2675 2724 2771 2773 2778 2782 2817 2829 2867 2877 2916
75: 2267 2320 2353 2356 2392 2531 2551 2560 2588 2606 2643 2670 2703
76: 2273 2336 2351 2396 2398 2402 2442 2494 2495 2520 2576 2579 2671 2705 2723 2747 2769 2787 2797 2811 2820 2845 2855 2882 2939 2973
77: 2283 2284 2322 2330 2384 2478 2480 2620 2623 2646 2659
78: 2287 2366 2374 2382 2420 2441 2466 2533 2536 2548 2549 2597 2598 2629 2636 2672 2729 2786 2804 2822 2842 2890 2913 2918 2938 2940 2949 2961 2999 3013 3021
79: 2294 2295 2362 2414 2477 2508 2550 2559 2565 2599 2601 2625 2663 2674 2692 2709 2734 2743 2772 2794 2813 2873 2892 2967
80: 2310 2316 2332 2387 2417 2467 2582 2594 2644 2658 2732 2791 2835 2860 2874 2903 2914 2919
81: 2324 2401 2405 2432 2518 2607 2680 2716 2727 2739 2795
82: 2342 2372 2426 2483 2511 2584 2634 2641 2650 2806 2814 2816 2824 2834
83: 3106 3112 3134 3139 3206 3212 3318 3321 3339 3356 3363 3403 3450 3561
84: 3107 3210 3278 3393 3412 3500 3507 3548 3599 3611 3629 3633 3640 3646 3663 3672 3710 3723
85: 3108 3132 3182 3219 3222 3230 3236 3256 3294 3360 3361 3443 3453 3458 3499 3535 3540 3543 3546 3549 3564 3565 3570 3576 3587 3591 3594 3610 3617 3624 3636 3669 3675 3682 3699 3709 3713 3743 3744 3771 3779 3786 3791 3795 3800 3832 3833 3835 3863 3871 3882 3886 3896 3899 3909 3916 3920 3921 3925
86: 3109 3118 3145 3149 3155 3166 3167 3248 3319 3344 3386 3402 3406 3541 3583
87: 3110 3123 3300 3302 3409 3426 3442 3488 3532 3593
88: 3111 3138 3147 3202 3207 3225 3231 3314 3345 3380 3416 3452 3456 3504 3558 3575 3579 3592 3720 3788 3797 3812 3817
89: 3113 3127 3160 3196 3209 3224 3249 3290 3295 3349 3370 3374 3468 3473 3525 3585 3589 3673 3685 3692 3708 3726 3737 3745 3757 3780 3839
90: 3114 3162 3201 3242 3266 3276 3320 3355 3451 3480
91: 3115 3158 3172 3215 3250 3251 3257 3401 3413 3501 3536 3559 3605 3607 3615 3616 3664 3670 3702 3736 3754 3759 3772 3782 3803 3809
92: 3116 3151 3156 3168 3267 3291 3324 3330 3378 3381 3612
93: 3117 3119 3128 3130 3137 3154 3175 3178 3180 3188 3192 3213 3226 3229 3243 3247 3253 3259 3260 3261 3301 3306 3308 3312 3316 3322 3323 3347 3369 3375 3387 3395 3418 3433 3477 3515 3517 3519 3520 3523 3528 3554 3560 3562 3597 3614 3648 3659 3680 3684 3695 3696 3714 3719 3721 3722 3733 3763 3784 3789 3792 3793 3807 3810 3815 3827 3829 3830 3836 3841 3843 3845 3857 3860 3861 3865 3878 3890 3898 3903 3905 3906 3908 3913 3914 3915 3919 3926 3927 3929 3931 3933 3934 3938 3939 3940 3941 3942
94: 3120 3235 3237 3238 3273 3275 3279 3283 3297 3313 3341 3346 3359 3365 3392 3397 3419 3431 3440 3441 3448 3464 3478 3479 3491 3529 3552 3557 3582 3601 3603 3639 3647 3651 3667 3668 3689 3731 3735 3740 3753 3799 3840 3842 3852 3870 3872
95: 3121 3176 3187 3190 3193 3197 3211 3221 3244 3280 3287 3299 3327 3384 3394 3398 3411 3421 3438 3446 3447 3449 3465 3472 3475 3483 3485 3487 3492 3566 3596 3604 3619 3622 3625 3641 3653 3665 3687 3690 3718 3734 3747 3756 3775 3777 3783 3787 3796 3802 3808 3820 3821 3828 3831 3851 3853 3883 3884 3889 3891 3897 3904 3910 3911 3912 3930 3932 3936
96: 3122 3125 3141 3143 3173 3217 3228 3254 3277 3307 3343 3354 3390 3399 3425 3459 3474 3481 3494 3547 3556 3569 3572 3630 3661 3691 3703 3732 3750 3767 3811 3854 3869
97: 3124 3131 3165 3199 3214 3216 3232 3298 3305 3311 3331 3334 3352 3372 3436 3531 3545 3567 3578 3602 3645 3662 3698 3700 3707 3711 3724 3725 3751 3764 3766 3773 3778 3806 3823 3864
98: 3126 3129 3136 3150 3169 3194 3200 3241 3262 3317 3357 3362 3383 3420 3429 3430 3489 3497 3498 3505 3522 3524 3538 3581 3588 3590 3620 3657 3660 3671 3683 3694 3705 3741 3742 3746 3776 3790 3813 3824 3834 3837 3848 3850 3856 3866 3868 3875 3880 3885 3887 3892 3893 3894 3900 3907 3917 3918 3922 3923 3924 3928 3935 3937
99: 3133 3135 3153 3195 3205 3234 3263 3337 3338 3350 3404 3415 3422 3423 3445 3454 3460 3463 3467 3469 3470 3512 3530 3533 3542 3553 3638 3656 3693 3738 3739 3748 3765 3781 3798 3847 3855 3859 3862 3879 3881 3888 3901
100: 3140 3159 3255 3269 3296 3329 3353 3388 3400 3516 3580 3598 3652 3658 3666 3679 3704 3715 3749 3758 3761 3801 3814 3819 3825
101: 3142 3164 3204 3227 3252 3265 3289 3292 3310 3366 3371 3527 3563 3568 3600 3634
102: 3144 3161 3163 3179 3184 3208 3239 3240 3264 3293 3332 3382 3407 3414 3427 3428 3432 3434 3439 3455 3462 3495 3503 3508 3514 3534 3551 3586 3606 3631 3635 3674 3676 3688 3701 3706 3730 3755 3769 3770 3804 3805 3838 3844 3858 3874 3895 3902
103: 3146 3233 3268 3272 3309 3325 3377 3379 3391 3466 3484 3502 3595 3618
104: 3148 3152 3170 3191 3274 3284 3326 3351 3358 3364 3373 3396 3471 3482 3490 3506 3510 3537 3574 3632 3637 3644 3649 3654 3678 3686 3697 3716 3727 3729 3762 3768 3816 3826 3846
105: 3157 3183 3185 3189 3198 3203 3246 3282 3285 3286 3348 3376 3486 3555 3642 3677
106: 3171 3258 3281 3367 3410 3496 3509 3521 3526 3539 3571
107: 3174 3181 3220 3245 3335 3336 3437 3444 3461 3573 3584 3608 3609 3650
108: 3177 3186 3304 3328 3340 3342 3368 3385 3389 3405 3408 3417 3424 3457 3493 3513 3518 3544 3550 3613 3623 3627 3655 3712 3717 3728 3752 3760 3774 3785 3794 3818 3822 3849 3867 3873 3876 3877
109: 3218 3223 3270 3271 3288 3303 3315 3333 3435 3476 3511 3577 3621 3626 3628 3643 3681
110: 3943 3948 3949 3952 3953 3956 3959 3967 3970 3975 3979 3988 3991 3993 3996 4000 4006 4012 4020 4023 4034 4035 4038 4045 4051 4052 4058 4062 4064 4065 4066 4068 4072 4075 4076 4078 4082 4083 4087 4088 4090 4099 4101 4107 4111 4115 4127 4132 4134 4136 4139 4140 4143 4147 4148 4151 4155 4162 4164 4165 4169 4172 4177
111: 3944 3950 3954 3955 3960 3961 3962 3963 3969 3971 3972 3973 3974 3976 3978 3980 3984 3985 3989 3992 3994 3997 3998 3999 4001 4002 4003 4005 4007 4008 4009 4010 4014 4017 4018 4022 4025 4028 4029 4031 4033 4036 4040 4041 4042 4043 4044 4046 4047 4048 4050 4053 4054 4055 4056 4057 4060 4067 4069 4070 4071 4073 4079 4081 4084 4085 4086 4089 4091 4092 4093 4094 4096 4097 4100 4102 4103 4106 4109 4110 4112 4113 4118 4120 4122 4123 4124 4125 4126 4128 4129 4133 4135 4137 4138 4141 4144 4146 4149 4150 4157 4159 4163 4166 4167 4168 4173 4174 4175 4176 4179 4180 4181
112: 3945 3946 3947 3951 3957 3958 3964 3965 3966 3968 3977 3981 3982 3983 3986 3987 3990 3995 4004 4011 4013 4015 4016 4019 4021 4024 4026 4027 4030 4032 4037 4039 4049 4059 4061 4063 4074 4077 4080 4095 4098 4104 4105 4108 4114 4116 4117 4119 4121 4130 4131 4142 4145 4152 4153 4154 4156 4158 4160 4161 4170 4171 4178
113: 4182 4188 4197 4207 4231 4232 4233 4236 4244 4245 4256 4266 4267 4282 4285 4299 4320 4323 4328 4334 4337 4344 4348 4419 4430 4449 4459 4460 4487 4502 4514 4521 4529 4531 4544 4545 4593 4637 4646 4647 4649 4657 4674 4680 4705 4725 4742 4744 4749 4758 4774 4783 4810 4811 4814 4817 4828 4832 4833 4844 4854 4857 4858 4879 4891 4909 4917 4941 4945 4949 4951 4956 4958 4961 4962 4972 4973 4975 4977 4987 4989 4996 4997
114: 4183 4230 4237 4248 4275 4318 4340 4352 4361 4409 4411 4423 4485 4494 4528 4533 4539 4541 4652 4690 4729 4738 4777 4787 4825 4852 4862 4871 4872 4910
115: 4184 4186 4191 4194 4217 4218 4219 4241 4243 4255 4277 4279 4284 4289 4298 4309 4329 4353 4358 4372 4373 4385 4401 4414 4417 4427 4428 4450 4453 4473 4486 4490 4491 4505 4508 4510 4535 4537 4553 4586 4588 4589 4596 4619 4675 4687 4716 4721 4747 4756 4760 4762 4773 4815 4838 4845 4851 4863 4869 4878 4906 4911 4929 4931 4934 4937 4948 4952 4954 4955 4959 4967 4968 4979 4983 4985 4990 4992 4993 4998 4999
116: 4185 4200 4220 4260 4269 4293 4355 4386 4396 4447 4456 4463 4583 4607 4640 4650 4684 4685 4707 4790 4824 4848 4865 4880 4889
117: 4187 4195 4228 4265 4273 4333 4354 4371 4390 4451 4479 4519 4546 4673 4677 4745 4746 4785
118: 4189 4213 4281 4291 4425 4429 4498 4509 4548 4551 4580 4638 4750 4763 4768
119: 4190 4211 4262 4294 4297 4341 4346 4402 4404 4412 4438 4549 4556 4613 4678 4699 4735 4741
120: 4192 4215 4224 4251 4253 4259 4276 4280 4325 4365 4376 4377 4381 4398 4399 4406 4424 4426 4431 4434 4464 4488 4560 4564 4567 4590 4608 4612 4628 4634 4663 4686 4696 4726 4736 4737 4775 4776 4781 4801 4803 4827 4853 4861 4894 4912 4914 4920 4938 4966
121: 4193 4305 4310 4342 4347 4466 4495 4530 4543 4547 4584 4616 4620 4621 4625 4630 4719 4767 4779 4808
122: 4196 4212 4214 4227 4264 4295 4335 4349 4357 4360 4375 4379 4384 4422 4470 4474 4504 4522 4527 4561 4577 4579 4595 4598 4615 4624 4633 4655 4665 4672 4706 4715 4718 4752 4759 4761 4770 4780 4784 4797 4813 4819 4820 4850 4867 4873 4874 4886 4888 4890 4898 4905 4907 4916 4926 4936 4971 4974 4984 4988 4991
123: 4198 4202 4205 4238 4242 4271 4292 4307 4321 4326 4343 4350 4359 4366 4369 4387 4392 4393 4395 4408 4415 4441 4448 4462 4468 4492 4500 4511 4513 4536 4550 4563 4571 4592 4594 4601 4609 4623 4627 4632 4642 4664 4668 4669 4670 4676 4688 4751 4757 4782 4792 4794 4795 4812 4818 4822 4826 4837 4846 4847 4870 4875 4876 4877 4883 4895 4897 4899 4901 4903 4919 4930 4932 4939 4943 4947 4953 4978 4994 4995
124: 4199 4209 4222 4257 4268 4287 4290 4311 4314 4315 4336 4338 4339 4345 4362 4410 4433 4465 4469 4482 4496 4534 4540 4572 4582 4597 4602 4605 4611 4636 4660 4724 4730 4754 4765 4772 4793 4798 4840 4843 4882 4884 4900 4921 4922 4928 4933 4940 4963 4964 4965
125: 4201 4210 4216 4235 4288 4303 4308 4313 4324 4364 4383 4388 4403 4418 4435 4440 4442 4443 4455 4471 4478 4480 4483 4526 4559 4562 4565 4587 4591 4643 4654 4666 4671 4682 4693 4697 4708 4727 4753 4769 4786 4804 4806 4821 4835 4836 4839 4849 4859 4866 4868 4881 4893 4902 4904 4924 4925 4935 4960 4970 4976 4981 4982
126: 4203 4225 4226 4367 4437 4454 4477 4497 4523 4525 4554 4557 4558 4569 4570 4581 4606 4622 4629 4635 4679 4739 4748 4799 4831 4892 4908 4913 4915 4918 4927
127: 4204 4327 4370 4382 4432 4439 4538 4575 4578 4585 4599 4603 4661 4667 4689 4710 4778 4788 4809 4823 4855 4860
128: 4206 4249 4252 4254 4296 4316 4374 4389 4400 4407 4416 4452 4457 4516 4518 4691 4704 4732 4743 4800 4807 4829
129: 4208 4301 4306 4312 4397 4420 4461 4472 4517 4520 4610 4617 4639 4692 4695 4711 4712 4731 4755 4816
130: 4221 4278 4302 4304 4319 4378 4405 4501 4515 4532 4645 4703 4717 4720 4722 4728 4796
131: 4223 4229 4234 4240 4270 4283 4286 4317 4351 4356 4380 4444 4445 4458 4467 4476 4481 4484 4499 4506 4512 4566 4573 4576 4626 4641 4644 4651 4658 4662 4681 4683 4701 4713 4723 4733 4734 4764 4766 4771 4789 4791 4805 4830 4834 4841 4856 4864 4885 4887 4896 4923 4942 4944 4946 4950 4957 4969 4980 4986
132: 4239 4250 4258 4272 4300 4331 4332 4368 4436 4475 4493 4524 4568 4614 4631 4648 4653 4698 4714 4740 4802 4842
133: 4246 4247 4261 4263 4274 4322 4330 4413 4446 4503 4507 4574 4604 4659
134: 4363 4391 4394 4421 4489 4542 4552 4555 4600 4618 4656 4694 4700 4702 4709
