0: 0 4 11 15 45 54 68 110 111 114 119 128 178 184 191 215 217
1: 1 9 14 16 33 53 60 64 80 82 91 92 93 109 120 140 143 156 175 193 202 211 223 239 242 257 258 259
2: 2 8 17 22 24 27 63 65 66 76 102 108 112 132 149 159 166 181 194 196 203 213 224 233 236 240 244
3: 3 13 26 34 35 39 42 50 58 61 70 74 87 90 104 123 147 148 164 173 186 205 214 227 232 238 252
4: 5 18 19 20 23 36 38 41 43 46 49 52 59 62 69 72 75 81 83 95 99 100 101 105 107 115 117 118 122 126 127 130 131 134 135 138 139 144 146 151 152 153 158 161 165 168 171 177 183 185 197 212 221 230 234 237 241 247 248 253 255 260 261 262 263 267 269 271 272 277 279 281 283 284 286 287 288 289 290
5: 6 10 12 25 30 31 37 44 56 67 71 73 77 78 85 88 97 98 133 136 142 157 162 169 172 174 176 180 188 189 192 201 204 207 208 210 219 220 225 229 231 245 254 256 264 265 270 273 274 275 276 278 280 282 285
6: 7 28 40 57 79 84 86 103 121 129 137 150 154 160 163 170 179 182 195 198 199 200 209 218 222 228 235 243 246 249 250 266 268
7: 21 29 32 47 48 51 55 89 94 96 106 113 116 124 125 141 145 155 167 187 190 206 216 226 251
8: 291 292 298 299 300 311 317 321 324 326 328 329 335 337 340 341 344 346 349 357 360 361 368 381 387 388 389 396 399 410 412 415 417 421 423 425 427 430 431 432 433 435 436 439 443 448 457 458 459 460 464 469 478 480 481 482 489 491 495 499 500 501 502 510 512 514 522 524 536 539 541 547 550 555 559 561 562 564 566 568 572
9: 293 295 301 304 305 306 308 310 312 313 320 322 323 330 332 336 339 342 343 347 350 352 354 355 358 362 364 365 366 367 373 382 383 385 391 393 395 398 404 405 407 408 411 413 416 418 419 422 426 428 437 438 446 447 451 454 462 463 465 468 470 471 476 483 484 494 496 497 505 509 511 513 515 517 523 527 530 531 535 537 543 546 548 549 551 553 554 556 557 558 560 563 565 567 569 570 571 573 574 575
10: 294 303 307 314 315 318 327 333 334 338 353 359 363 372 374 376 377 390 394 429 434 440 450 453 456 472 473 474 475 485 498 503 504 521 526 533 534 538 545 552
11: 296 302 309 319 325 331 345 356 369 370 371 375 378 380 384 386 397 401 403 409 414 424 441 442 444 445 452 455 466 467 477 486 487 493 516 518 528 529 532 540 542 544
12: 297 316 348 351 379 392 400 402 406 420 449 461 479 488 490 492 506 507 508 519 520 525
13: 576 589 590 592 593 597 599 601 604 605 607 608 611 624 627 637 642 644 652 663 672 675 683 690 691 694 695 698 704 707 708 720 728 729 733 739 740 742 744 747 748 750 751 778 781 786 803 806 819 823
14: 577 578 581 583 591 595 600 612 616 630 645 649 669 677 678 681 696 699 705 717 719 723 730 731 736 738 743 752 753 754 761 765 770 777 795 797 798 804 812
15: 579 580 582 588 596 603 606 610 614 615 617 620 626 629 631 632 633 635 636 648 653 656 658 665 671 679 682 684 685 688 692 700 703 706 710 711 715 721 727 735 745 759 760 762 766 767 771 772 774 779 780 784 788 793 794 796 801 805 807 810 811 813 817 818 820 821 822 825 826 827 828 829 830
16: 584 587 602 622 623 646 654 670 673 693 702 709 713 714 716 722 725 726 756 757 764 775
17: 585 639 640 647 650 651 657 659 661 686 701 712 724 734 746 755 769
18: 586 594 598 609 613 618 619 621 625 628 634 638 641 643 655 660 662 664 666 667 668 674 676 680 687 689 697 718 732 737 741 749 758 763 768 773 776 782 783 785 787 789 790 791 792 799 800 802 808 809 814 815 816 824
19: 831 832 836 839 840 853 854 855 856 858 860 861 865 869 872 878 881 883 891 892 900 908 913 919 924 927 928 931 932 956 958 961 962 963 965 966 974 986 991 1011 1017 1030 1031 1033 1038 1039 1046 1049 1058 1066 1073 1076
20: 833 837 838 842 843 845 846 849 850 851 859 863 864 868 879 880 882 887 889 893 895 904 907 911 912 916 918 920 921 923 929 930 933 943 947 948 949 950 951 959 971 975 976 978 979 982 984 985 988 989 990 993 995 996 1000 1001 1003 1004 1005 1007 1008 1009 1010 1012 1013 1014 1022 1023 1025 1026 1032 1034 1037 1041 1042 1044 1045 1048 1051 1052 1060 1062 1064 1067 1068 1069 1071 1074 1077 1078 1079 1080
21: 834 835 841 844 857 866 871 874 876 877 884 888 890 894 896 898 903 906 915 917 936 937 938 939 941 942 944 953 954 955 957 969 973 977 980 981 987 997 1015 1024 1027 1036 1050 1054 1056 1063 1070 1072
22: 847 848 852 862 867 870 873 875 885 886 897 899 901 902 905 909 910 914 922 925 926 934 935 940 945 946 952 960 964 967 968 970 972 983 992 994 998 999 1002 1006 1016 1018 1019 1020 1021 1028 1029 1035 1040 1043 1047 1053 1055 1057 1059 1061 1065 1075
23: 1081 1102 1111 1112 1133 1158 1172 1180 1181 1188 1213 1216 1218 1223 1232 1242 1259 1280 1291 1296 1318 1321 1322 1323 1329 1346 1353 1373 1390 1400 1407 1419 1424 1468 1494 1501 1507 1547 1551 1565 1570 1596 1605 1611 1622 1624 1630 1643 1647 1667 1711 1716 1721 1724 1731 1733 1768 1779 1789 1790 1792 1810 1812 1815 1817 1821 1823 1824 1827 1829
24: 1082 1093 1105 1146 1147 1171 1184 1197 1210 1212 1225 1230 1263 1282 1292 1294 1302 1306 1314 1366 1370 1384 1425 1432 1459 1460 1476 1499 1511 1530 1543 1564 1569 1590 1617 1627 1629 1632 1635 1657 1669 1689 1715 1718 1727 1737 1746 1749 1762 1783 1799 1801 1803 1816 1818
25: 1083 1139 1162 1239 1249 1332 1368 1415 1443 1458 1483 1485 1567 1613
26: 1084 1090 1116 1124 1126 1129 1169 1327 1341 1372 1374 1403 1447 1471 1472 1474 1517 1578 1628 1646 1650 1659 1660 1690 1694 1713 1729 1745
27: 1085 1089 1119 1305 1316 1326 1355 1362 1392 1410 1559 1591
28: 1086 1099 1135 1136 1142 1154 1176 1177 1183 1186 1195 1201 1203 1209 1237 1245 1252 1272 1286 1303 1310 1338 1347 1348 1356 1357 1393 1394 1401 1405 1416 1461 1465 1470 1477 1484 1486 1497 1498 1525 1527 1544 1553 1560 1574 1581 1585 1589 1594 1599 1618 1641 1648 1656 1663 1665 1671 1672 1676 1682 1710 1725 1728 1730 1732 1742 1747 1750 1753 1755 1760 1764 1773 1774 1777 1786 1794 1795 1800 1802 1804 1811 1813 1822
29: 1087 1122 1159 1234 1264 1285 1378 1388 1402 1457 1480
30: 1088 1098 1134 1151 1152 1161 1164 1168 1204 1229 1243 1250 1253 1254 1266 1276 1300 1304 1308 1309 1319 1361 1379 1386 1396 1413 1423 1426 1430 1435 1438 1444 1454 1473 1495 1523 1524 1529 1531 1535 1545 1557 1561 1576 1592 1595 1642 1655 1674 1696 1705 1708 1722 1734 1741 1761 1767 1769 1770 1781 1798 1806 1820 1826 1832
31: 1091 1092 1117 1123 1125 1145 1156 1165 1182 1185 1187 1196 1220 1244 1255 1273 1283 1295 1312 1335 1350 1351 1382 1385 1409 1411 1414 1437 1442 1451 1516 1521 1533 1540 1548 1550 1552 1583 1597 1634 1636 1649 1653 1654 1673 1679 1680 1683 1684 1692 1751 1766 1780 1808
32: 1094 1101 1104 1109 1121 1128 1131 1144 1160 1175 1191 1199 1206 1208 1214 1222 1224 1231 1238 1246 1248 1258 1267 1278 1281 1289 1297 1307 1315 1328 1334 1336 1337 1339 1342 1345 1360 1369 1389 1399 1406 1418 1421 1433 1434 1436 1445 1446 1452 1466 1467 1481 1503 1505 1510 1513 1514 1518 1520 1522 1534 1536 1538 1549 1554 1558 1575 1587 1601 1607 1633 1652 1662 1666 1685 1687 1693 1695 1697 1699 1702 1714 1719 1739 1740 1757 1758 1759 1805 1807 1819 1828 1830 1834 1836
33: 1095 1106 1108 1120 1127 1149 1170 1192 1207 1217 1221 1226 1227 1260 1269 1279 1288 1298 1324 1325 1354 1395 1397 1398 1408 1412 1420 1427 1431 1469 1490 1526 1542 1555 1577 1598 1600 1609 1612 1615 1616 1625 1645 1651 1678 1698 1701 1707 1712 1723 1748 1754 1763 1778 1784 1787 1793
34: 1096 1118 1132 1163 1174 1189 1277 1317 1343 1380 1381 1450 1453 1462 1489 1491 1515 1528 1537 1586 1691 1709 1720
35: 1097 1115 1141 1150 1173 1211 1228 1349 1482 1508 1512 1602 1604
36: 1100 1113 1137 1148 1153 1155 1179 1190 1198 1235 1236 1265 1270 1290 1293 1358 1371 1377 1383 1428 1440 1463 1475 1478 1509 1532 1546 1566 1584 1588 1631 1658 1661 1664 1688 1700 1736 1752 1771 1772 1775 1782 1791 1796
37: 1103 1140 1143 1157 1166 1194 1202 1215 1219 1240 1241 1247 1268 1275 1299 1301 1311 1313 1320 1352 1359 1365 1375 1387 1441 1448 1449 1455 1456 1464 1479 1487 1488 1492 1493 1496 1504 1541 1556 1562 1571 1572 1582 1603 1621 1623 1626 1638 1639 1640 1644 1670 1677 1681 1686 1706 1717 1738 1744 1756 1765 1776 1785 1788 1797 1809 1814 1825 1831 1833 1835
38: 1107 1114 1138 1178 1200 1205 1233 1251 1257 1271 1274 1330 1331 1333 1404 1580
39: 1110 1130 1167 1193 1256 1262 1287 1340 1363 1364 1367 1376 1391 1417 1422 1429 1502 1539 1563 1568 1610 1637 1668 1675 1703 1704 1726 1735 1743
40: 1261 1284 1344 1439 1500 1506 1519 1573 1579 1593 1606 1608 1614 1619 1620
41: 1837 1839 1840 1842 1843 1844 1846 1847 1848 1853 1854 1856 1861 1869 1875 1876 1878 1879 1884 1885 1886 1895 1896 1900 1901 1905 1906 1911 1913 1919 1932 1933 1935 1941 1942 1949 1951 1953 1955 1957 1959 1960 1961 1964 1965 1967 1969 1972 1979 1981 1983 1986 1987 1993 1997 1999 2002 2003 2006 2008 2010 2011 2013 2016 2018 2019 2020 2023 2027 2031 2032 2033 2040 2041 2045 2048 2049 2050 2056 2061 2062 2065 2068 2072 2075 2078 2080 2081 2082 2087 2088 2093 2099 2100
42: 1838 1851 1866 1867 1871 1872 1874 1877 1880 1881 1887 1889 1892 1898 1908 1918 1922 1934 1940 1963 1966 1968 1973 1977 1980 1982 1984 1988 1989 1991 1995 1996 2001 2007 2012 2021 2024 2026 2037 2039 2042 2044 2051 2058 2059 2060 2063 2069 2090 2091 2096
43: 1841 1849 1850 1855 1857 1858 1859 1862 1888 1893 1897 1903 1909 1912 1914 1915 1917 1923 1924 1925 1927 1928 1930 1938 1939 1943 1945 1946 1948 1950 1954 1962 1971 1990 1992 1998 2005 2017 2025 2029 2030 2038 2043 2053 2054 2055 2057 2067 2073 2074 2077 2084 2086 2089 2095 2097 2098
44: 1845 1852 1860 1863 1864 1865 1868 1870 1873 1882 1883 1890 1891 1894 1899 1902 1904 1907 1910 1916 1920 1921 1926 1929 1931 1936 1937 1944 1947 1952 1956 1958 1970 1974 1975 1976 1978 1985 1994 2000 2004 2009 2014 2015 2022 2028 2034 2035 2036 2046 2047 2052 2064 2066 2070 2071 2076 2079 2083 2085 2092 2094
45: 2101 2102 2103 2114 2134 2135 2136 2167 2174 2181 2189 2216 2222 2239 2258 2271 2277 2301 2317 2324 2344 2362 2380 2382 2397 2495 2518 2525 2546 2557 2561 2571 2585 2587 2591 2605 2614 2647 2650 2670 2721 2759 2766 2768 2812 2814 2832 2837 2845 2848 2869 2886 2895 2898 2901 2918 2924 2928 2929 2939 2949 2950 2953
46: 2104 2108 2118 2121 2126 2139 2146 2154 2161 2165 2173 2180 2200 2206 2226 2245 2249 2270 2286 2297 2302 2312 2345 2352 2377 2387 2402 2403 2414 2415 2416 2447 2475 2479 2493 2509 2520 2524 2565 2575 2579 2589 2603 2632 2648 2653 2680 2695 2711 2719 2720 2732 2739 2747 2749 2752 2767 2773 2778 2779 2780 2793 2794 2796 2805 2807 2822 2841 2854 2855 2867 2873 2888 2902 2905 2914 2923 2926 2932 2942 2947 2955 2961 2969 2970 2975 2982 2989
47: 2105 2107 2119 2122 2153 2155 2171 2205 2227 2231 2232 2240 2259 2295 2296 2316 2325 2327 2346 2357 2365 2368 2389 2424 2427 2431 2464 2498 2502 2504 2577 2590 2606 2615 2618 2620 2637 2645 2654 2655 2659 2675 2722 2735 2756 2762 2789 2810 2811 2828 2830 2835 2856 2870 2872 2874 2907 2917 2930 2943 2958 2962 2966 2972 2973 2974 2977
48: 2106 2336 2348 2350 2385 2433 2448 2458 2468 2488 2489 2506 2528 2552 2623
49: 2109 2142 2163 2172 2185 2186 2190 2193 2236 2252 2289 2303 2323 2363 2384 2392 2401 2434 2450 2476 2477 2487 2494 2551 2553 2633 2665 2671 2676 2698 2776 2788 2801 2818 2825 2860 2862 2884 2891 2940
50: 2110 2148 2244 2285 2351 2400 2453 2474 2499 2535 2556 2567 2568 2651 2662 2697
51: 2111 2123 2152 2159 2178 2183 2192 2197 2265 2272 2278 2306 2310 2337 2341 2343 2359 2361 2372 2378 2379 2386 2395 2409 2411 2418 2443 2456 2462 2469 2484 2485 2522 2540 2541 2564 2569 2570 2578 2583 2595 2609 2611 2621 2630 2641 2642 2652 2666 2688 2707 2712 2713 2734 2781 2784 2787 2790 2799 2816 2834 2843 2865 2866 2880 2881 2887 2893 2906 2913 2915 2931 2935 2937 2938 2944 2957 2964 2967 2971 2979 2980 2987 2990
52: 2112 2127 2191 2214 2220 2311 2321 2326 2328 2373 2405 2410 2442 2449 2486 2517 2533 2549 2554 2588 2597 2626 2643 2649 2656 2669 2672 2687 2727 2769 2772 2797 2800 2806 2836 2875 2897 2903 2933
53: 2113 2150 2176 2230 2253 2315 2369 2388 2500 2596 2624
54: 2115 2116 2160 2204 2250 2279 2399 2455 2473 2482 2527 2573 2616 2678 2684 2704 2705 2757 2775
55: 2117 2130 2156 2169 2182 2224 2247 2256 2257 2274 2322 2330 2364 2381 2406 2425 2454 2545 2562 2581 2627 2636 2640 2646 2657 2690 2703 2726 2737 2764 2765 2817 2846 2849 2864 2910 2927 2941 2945 2948
56: 2120 2124 2138 2166 2170 2195 2209 2219 2237 2243 2246 2248 2266 2298 2299 2332 2347 2354 2355 2376 2390 2421 2429 2430 2432 2436 2438 2446 2483 2491 2497 2501 2508 2511 2516 2526 2532 2538 2548 2560 2580 2599 2602 2610 2617 2622 2635 2679 2685 2689 2700 2710 2717 2723 2728 2733 2742 2748 2750 2753 2754 2760 2761 2782 2815 2820 2838 2839 2844 2871 2882 2889 2896 2920 2921 2922 2925 2951 2954 2956 2959 2963 2976 2978 2984 2985
57: 2125 2137 2210 2254 2267 2319 2329 2349 2444 2461 2507 2600
58: 2128 2225 2264 2320 2334 2459 2492 2510 2536 2547 2584 2634
59: 2129 2132 2194 2217 2251 2269 2275 2282 2300 2314 2353 2435 2441 2480 2582 2608 2619 2682 2683 2692 2795 2809 2840
60: 2131 2141 2149 2151 2157 2168 2175 2198 2201 2221 2229 2263 2273 2294 2309 2331 2342 2356 2366 2367 2393 2407 2417 2420 2428 2437 2440 2471 2519 2530 2534 2550 2563 2566 2607 2628 2658 2660 2693 2724 2740 2745 2746 2751 2770 2785 2802 2803 2824 2829 2831 2850 2857 2876 2890 2904 2908 2911 2912 2916 2919 2946 2952 2960 2965 2968 2981 2983 2986 2988
61: 2133 2147 2162 2187 2202 2211 2213 2307 2370 2371 2404 2439 2467 2514 2523 2537 2594 2612 2639 2663 2673 2691 2774 2847
62: 2140 2177 2208 2212 2235 2242 2255 2412 2422 2465 2513 2521 2544 2555 2558 2572 2576 2601 2613 2629 2674 2681 2714 2718 2729 2738 2771 2777 2783 2786 2808 2813 2833 2868 2883 2899 2900
63: 2143 2145 2179 2196 2223 2260 2284 2288 2292 2304 2338 2391 2423 2426 2452 2457 2466 2472 2503 2515 2529 2539 2543 2644 2701 2706 2716 2730 2744 2755 2758 2763 2792 2798 2842 2859 2861 2885
64: 2144 2158 2164 2188 2199 2215 2233 2318 2374 2375 2394 2398 2408 2463 2531 2593 2638 2702 2725 2731 2743 2826 2853 2858
65: 2184 2238 2241 2335 2451 2460 2478 2481 2512 2661 2664 2677 2686 2699
66: 2203 2207 2218 2228 2234 2261 2280 2283 2290 2305 2313 2340 2360 2383 2419 2574 2586 2598 2694 2736 2741 2821 2851 2852 2863
67: 2262 2268 2276 2281 2287 2291 2293 2308 2333 2339 2358 2396 2413 2445 2470 2490 2496 2505 2542 2559 2592 2604 2625 2631 2667 2668 2696 2708 2709 2715 2791 2804 2819 2823 2827 2877 2878 2879 2892 2894 2909 2934 2936
68: 2991 2994 2999 3001 3016 3038 3051 3055 3073 3081 3084 3087 3090 3091 3096 3107 3115 3124 3134 3139 3143 3146 3161 3171 3172 3175 3178 3185 3194 3202 3203 3213 3218 3219 3220 3222 3231 3236 3254 3260 3277 3283 3289 3291 3292 3293 3302 3308 3310 3316 3317 3321 3325 3326 3344 3346 3354 3355 3362 3364 3365 3377 3386 3401 3409 3410 3418 3422 3426 3439 3446 3451 3458
69: 2992 3002 3007 3010 3012 3023 3024 3026 3034 3039 3042 3043 3047 3049 3050 3056 3062 3066 3067 3075 3079 3082 3092 3095 3105 3106 3116 3117 3123 3125 3127 3130 3135 3140 3142 3145 3155 3158 3176 3191 3201 3225 3228 3233 3237 3238 3241 3242 3245 3253 3258 3261 3262 3270 3297 3301 3303 3304 3305 3311 3312 3313 3318 3333 3336 3345 3352 3359 3361 3368 3373 3374 3378 3379 3394 3396 3399 3404 3405 3406 3407 3412 3415 3416 3417 3427 3428 3434 3437 3438 3445 3448 3450 3455 3456 3460
70: 2993 2996 3006 3013 3025 3029 3030 3040 3058 3060 3061 3065 3069 3076 3078 3088 3097 3101 3113 3119 3126 3136 3148 3151 3153 3162 3167 3182 3184 3189 3190 3193 3206 3207 3211 3212 3216 3235 3239 3244 3249 3256 3263 3266 3267 3274 3278 3290 3294 3295 3296 3314 3322 3324 3331 3338 3342 3348 3349 3350 3351 3357 3360 3369 3380 3381 3383 3387 3395 3397 3400 3402 3420 3424 3425 3429 3442 3453 3457
71: 2995 3005 3008 3028 3031 3033 3045 3048 3052 3053 3057 3059 3063 3064 3068 3071 3080 3083 3085 3094 3100 3102 3103 3104 3114 3120 3121 3122 3128 3131 3132 3137 3149 3154 3168 3169 3173 3177 3179 3183 3187 3223 3230 3234 3240 3243 3246 3264 3271 3273 3275 3284 3285 3286 3299 3307 3309 3315 3319 3323 3327 3328 3335 3337 3341 3358 3371 3376 3385 3388 3390 3392 3414 3419 3430 3431 3432 3436 3441 3444 3447 3449 3454
72: 2997 2998 3000 3003 3004 3011 3014 3015 3017 3018 3019 3022 3027 3032 3036 3037 3041 3046 3054 3072 3074 3077 3089 3093 3099 3108 3109 3110 3111 3118 3129 3144 3152 3156 3157 3159 3163 3165 3170 3174 3180 3181 3186 3192 3195 3196 3198 3199 3200 3204 3214 3215 3217 3221 3224 3226 3232 3250 3251 3252 3255 3257 3259 3265 3272 3276 3279 3280 3282 3287 3288 3306 3339 3353 3363 3366 3370 3372 3375 3382 3389 3391 3398 3403 3421 3423 3435 3443 3452 3459
73: 3009 3020 3021 3035 3044 3070 3086 3098 3112 3133 3138 3141 3147 3150 3160 3164 3166 3188 3197 3205 3208 3209 3210 3227 3229 3247 3248 3268 3269 3281 3298 3300 3320 3329 3330 3332 3334 3340 3343 3347 3356 3367 3384 3393 3408 3411 3413 3433 3440
74: 3461 3504 3512 3527 3545 3547 3564 3568 3595 3599 3603 3613 3659 3672 3675 3683 3692 3748 3783 3855 3880 3886 3887 3903 3904 3913 3927 3939 3945 3983 3995 4027 4041 4046 4065 4076 4078 4097 4108 4137 4159 4160 4194 4213 4220 4222 4236 4254 4260 4267 4295 4300 4313 4326 4327 4329 4333 4335 4345
75: 3462 3498 3506 3621 3655 3666 3726 3730 3762 3861 3917 3937 3944 3967 4039 4042 4079 4086 4215
76: 3463 3467 3505 3536 3582 3607 3615 3643 3679 3715 3723 3735 3736 3760 3784 3797 3808 3817 3867 3901 3907 3932 3962 3973 3982 3993 4032 4033 4040 4105 4109 4140 4144 4150 4153 4165 4170 4179 4182 4187 4201 4210 4221 4224 4237 4246 4255 4256 4257 4258 4281 4282 4284 4310 4311 4349 4354 4359 4368 4373 4375 4379 4383 4392 4393 4398 4399
77: 3464 3474 3495 3516 3557 3571 3637 3642 3661 3668 3699 3712 3724 3757 3771 3780 3811 3840 3865 3871 3876 3889 3914 3942 3977 3978 3979 4010 4018 4022 4028 4100 4101 4117 4124 4125 4135 4175 4205 4228 4230 4247 4253 4263 4276 4280 4285 4291 4332 4343 4346 4362
78: 3465 3510 3544 3546 3596 3612 3623 3629 3635 3639 3654 3664 3682 3688 3709 3722 3727 3753 3763 3765 3773 3801 3812 3813 3874 3906 3938 3951 3981 3989 4019 4048 4050 4056 4064 4073 4118 4134 4155 4168 4195 4196 4214 4225 4227 4269 4275 4287 4320 4322 4331 4334 4336 4358 4363 4367
79: 3466 3473 3486 3488 3494 3509 3525 3530 3539 3554 3563 3593 3620 3648 3690 3713 3729 3733 3752 3790 3791 4051 4103 4119 4173 4178 4181 4206 4218 4223 4278 4292 4296 4314 4325
80: 3468 3499 3513 3534 3535 3578 3592 3605 3609 3622 3624 3627 3645 3656 3693 3694 3704 3714 3725 3744 3805 3828 3838 3844 3847 3848 3869 3873 3924 3929 3933 3943 3950 3961 3991 4002 4049 4058 4081 4088 4090 4110 4113 4114 4120 4122 4127 4128 4163 4172 4180 4189 4235 4242 4265 4273 4303 4304 4319 4328 4353 4365 4389
81: 3469 3470 3487 3496 3508 3511 3514 3522 3526 3555 3565 3569 3570 3575 3584 3585 3606 3618 3646 3649 3669 3671 3687 3696 3700 3705 3707 3755 3764 3778 3781 3785 3787 3792 3804 3806 3814 3818 3852 3860 3863 3884 3890 3909 3911 3915 3916 3918 3930 3948 3958 3976 3994 3998 3999 4003 4017 4020 4031 4037 4045 4053 4082 4092 4095 4096 4098 4126 4148 4154 4167 4174 4177 4229 4239 4243 4250 4252 4264 4268 4288 4294 4301 4308 4317 4330 4337 4339 4351 4356 4360 4364 4376 4380 4381 4387 4394 4400 4403 4404
82: 3471 3523 3538 3574 3579 3628 3670 3742 3775 3837 3854 3857 3885 3921 3957 3960 4061 4089 4091 4132 4141 4157 4158 4245 4262 4271 4286 4290
83: 3472 3480 3489 3493 3507 3518 3548 3549 3553 3580 3583 3590 3617 3626 3632 3640 3650 3662 3667 3674 3685 3691 3697 3717 3731 3745 3749 3754 3756 3761 3774 3777 3789 3796 3798 3836 3875 3888 3931 3940 3966 3987 3997 4009 4030 4043 4068 4087 4099 4107 4123 4142 4147 4151 4156 4162 4166 4193 4208 4233 4299 4307 4309 4315 4344 4350 4352 4361 4370 4371 4372 4374 4378 4385 4390 4391 4396 4401
84: 3475 3502 3528 3529 3567 3581 3708 3786 3827 3842 3843 3896 3910 3996 4012 4021 4036 4057 4059 4152 4204
85: 3476 3501 3559 3572 3577 3586 3594 3598 3608 3619 3737 3807 3820 3832 3877 3905 3935 3975 3990 4013 4085 4121 4191 4248 4251 4270 4274 4277 4279
86: 3477 3520 3531 3560 3591 3684 3703 3718 3721 3741 3815 3864 3892 3926 3946 3955 4063 4115 4198 4226 4234 4241
87: 3478 3561 3597 3601 3644 3652 3689 3732 3739 3747 3819 3835 3853 3858 3868 3870 3898 3902 3908 3934 4004 4008 4011 4015 4026 4038 4106 4111 4145 4164 4184 4209 4216 4232 4293
88: 3479 3517 3750 3768 3782 3795 3799 3803 3841 3912 3919 4025 4069 4084
89: 3481 3497 3503 3524 3540 3550 3556 3558 3610 3614 3634 3641 3658 3665 3673 3680 3702 3720 3738 3770 3779 3793 3802 3810 3822 3825 3834 3845 3846 3851 3856 3859 3872 3893 3894 3928 3936 3941 3949 3954 3964 3965 3974 3984 3985 4023 4034 4052 4074 4075 4080 4083 4094 4102 4131 4133 4146 4161 4183 4190 4212 4219 4231 4244 4249 4259 4289 4297 4298 4302 4305 4306 4312 4316 4321 4324 4338 4341 4348 4357 4366 4377 4384 4386 4395 4397 4402
90: 3482 3490 3492 3521 3532 3604 3636 3638 3660 3677 3701 3716 3728 3734 3746 3766 3772 3788 3800 3816 3823 3824 3826 3850 3862 3895 3897 3899 3900 3925 3947 3953 3970 3971 3972 4001 4044 4047 4060 4062 4072 4104 4116 4171 4186 4188 4192 4199 4203 4217 4283 4318 4323 4340 4342 4347 4355 4369 4382 4388
91: 3483 3562 3588 3589 3616 3631 3653 3711 3740 3830 3849 3866 3956 3992 4006 4016 4029 4066 4139 4200 4207
92: 3484 3533 3611 3651 3676 3767 3769 3821 3833 3883 3891 3952 3969 3988 4035 4054 4070 4130 4138 4143 4169
93: 3485 3491 3500 3625 3663 3686 3695 3759 3809 3831 3881 3920 3922 3986 4007 4024 4093 4136 4176 4185 4197
94: 3515 3519 3543 3552 3566 3576 3600 3602 3647 3657 3678 3698 3719 3758 3776 3794 3923 3980 4000 4005 4014 4055 4077 4149 4238 4240 4266 4272
95: 3537 3541 3542 3551 3573 3587 3630 3633 3681 3706 3710 3743 3751 3829 3839 3878 3879 3882 3959 3963 3968 4067 4071 4112 4129 4202 4211 4261
96: 4405 4406 4411 4413 4421 4424 4427 4431 4434 4436 4438 4443 4444 4451 4455 4465 4479 4489 4491 4521 4524 4525 4533 4536 4541 4550 4560 4561 4567 4569 4570 4575 4586 4591 4595 4604 4607 4608 4609 4616 4621 4626 4627 4635 4637 4644 4648 4649 4662 4667 4682 4684 4692 4698 4702 4705 4706 4707 4710 4711 4719 4721 4722
97: 4407 4409 4415 4419 4423 4426 4432 4442 4445 4447 4453 4457 4458 4459 4461 4469 4470 4483 4484 4486 4488 4492 4493 4494 4497 4499 4504 4508 4512 4515 4531 4538 4540 4543 4545 4546 4554 4556 4557 4558 4568 4571 4574 4576 4579 4588 4596 4599 4600 4615 4622 4624 4630 4636 4641 4643 4655 4657 4660 4663 4666 4668 4670 4672 4675 4678 4679 4686 4689 4691 4695 4697 4699 4700 4703 4704 4708 4713 4715 4716 4718 4720 4729
98: 4408 4410 4416 4417 4422 4425 4428 4429 4430 4433 4439 4441 4448 4450 4452 4460 4471 4473 4476 4481 4487 4490 4495 4496 4501 4503 4505 4506 4509 4517 4518 4519 4520 4523 4526 4527 4529 4535 4542 4544 4549 4559 4563 4564 4565 4566 4572 4577 4578 4581 4583 4585 4590 4592 4593 4594 4597 4614 4618 4619 4620 4628 4629 4631 4632 4633 4640 4645 4651 4652 4658 4669 4671 4673 4676 4680 4688 4693 4694 4712 4714 4717 4723 4724 4725 4726 4727 4728
99: 4412 4435 4437 4446 4449 4462 4463 4464 4466 4467 4474 4475 4477 4482 4485 4502 4507 4511 4513 4522 4528 4530 4537 4539 4547 4548 4562 4573 4582 4584 4587 4589 4598 4601 4605 4610 4611 4613 4623 4634 4639 4642 4647 4650 4653 4654 4659 4664 4665 4674 4681 4683 4687 4690 4696 4709
100: 4414 4418 4420 4440 4454 4456 4468 4472 4478 4480 4498 4500 4510 4514 4516 4532 4534 4551 4552 4553 4555 4580 4602 4603 4606 4612 4617 4625 4638 4646 4656 4661 4677 4685 4701
101: 4730 4734 4735 4740 4750 4751 4757 4761 4792 4814 4828 4831 4845 4851 4864 4868 4881 4888 4908 4925 4944 4952 4957 4962 4964 4970
102: 4731 4732 4736 4739 4744 4745 4746 4754 4766 4767 4768 4769 4775 4777 4782 4783 4786 4791 4802 4805 4815 4818 4821 4822 4825 4826 4827 4834 4838 4840 4841 4846 4847 4860 4865 4867 4875 4878 4879 4885 4889 4892 4894 4902 4905 4909 4914 4917 4919 4923 4924 4927 4930 4932 4933 4935 4936 4940 4942 4946 4948 4949 4956 4967 4968 4972 4973 4974 4977 4978 4980 4981 4983 4984 4985 4986 4987 4988 4989 4990 4991 4992 4993 4994 4995 4996 4997 4998 4999
103: 4733 4737 4738 4742 4743 4749 4758 4760 4765 4773 4778 4779 4798 4800 4806 4811 4820 4824 4830 4833 4839 4853 4855 4858 4861 4873 4877 4900 4941 4950 4963 4966 4969 4971 4976
104: 4741 4747 4748 4755 4756 4762 4763 4784 4789 4790 4795 4796 4797 4801 4807 4813 4842 4848 4850 4856 4866 4874 4891 4897 4910 4911 4912 4915 4920 4926 4928 4937 4945 4953 4959 4975 4979 4982
105: 4752 4770 4771 4793 4799 4803 4809 4812 4817 4829 4835 4843 4844 4852 4854 4872 4887 4890 4893 4899 4903 4904 4906 4907 4918 4929 4931 4943 4947 4955 4958
106: 4753 4772 4785 4788 4794 4804 4808 4810 4819 4836 4837 4859 4862 4871 4876 4882 4883 4886 4895 4896 4921 4922 4934 4938 4960 4961 4965
107: 4759 4764 4774 4776 4780 4781 4787 4816 4823 4832 4849 4857 4863 4869 4870 4880 4884 4898 4901 4913 4916 4939 4951 4954
