0: 0 7 8 10 16 19 22 26 30 31 34 38 41 44 54 66 69 73 74 76 77 92 97 100 102 104 113 114 115 128 130 143 144 146 150 153 154 155 160 169 171 172 173 174 186 190 192 196 202 204 211 216 218 223 226 227 230 242 246 247 250 251
1: 1 4 13 14 21 23 24 27 28 29 37 40 48 52 56 60 62 70 71 78 81 82 84 85 86 87 93 95 98 99 106 108 116 119 121 122 133 136 137 138 140 141 142 156 157 159 164 166 170 177 181 182 183 187 188 194 195 198 199 206 207 210 212 214 219 222 224 225 231 232 233 235 236 243 244 245 248 249 252 253 254
2: 2 32 33 36 39 45 50 55 64 72 79 89 103 105 111 112 124 126 131 134 145 147 148 149 163 168 178 179 180 189 193 201 203 208 228 229 237 238
3: 3 6 9 12 15 17 20 25 35 43 47 63 65 67 68 80 83 88 91 96 101 107 109 110 117 120 123 125 129 135 139 151 152 158 161 162 167 176 185 191 205 209 215 217 220 234 239 240 241
4: 5 11 18 42 46 49 51 53 57 58 59 61 75 90 94 118 127 132 165 175 184 197 200 213 221
5: 255 265 267 281 294 300 302 305 311 326 334 341 342 344 356 365 366 386 409 410 421 426 427 433 437 444 448 450 453 455 458 464 467 470 471 478 482 483 494 496 508 510 527 529 531 533
6: 256 263 271 272 274 277 283 293 295 296 304 307 312 317 320 322 324 329 331 332 333 337 338 351 367 371 374 381 384 388 393 396 397 402 403 404 422 424 446 456 460 463 473 474 475 480 486 491 495 497 500 501 504 506 509 523 535 540
7: 257 258 260 264 276 287 290 291 309 313 314 315 321 325 340 352 353 354 363 377 378 380 382 383 387 400 407 408 412 419 440 447 466 477 479 484 485 499 502 513 514 515 516 517 520 522 524 528 530
8: 259 261 262 269 275 278 282 288 297 301 308 316 318 323 328 330 336 347 349 355 357 358 360 364 369 370 375 376 379 385 389 391 392 394 395 398 399 401 405 406 413 414 415 416 417 418 420 423 425 428 429 430 434 435 436 438 439 442 443 445 449 451 452 454 457 465 468 476 490 512 518 519 525 532 536 537 538 539 541 542 543
9: 266 268 270 273 279 280 284 285 286 289 292 298 299 303 306 310 319 327 335 339 343 345 346 348 350 359 361 362 368 372 373 390 411 431 432 441 459 461 462 469 472 481 487 488 489 492 493 498 503 505 507 511 521 526 534
10: 544 545 548 551 552 553 560 562 564 566 568 571 573 578 582 583 585 588 590 591 593 595 596 600 604 608 611 614 619 623 624 632 636 637 638 642 643 646 658 659 662 671 673 678 679 681 692 693 694 699 700 701 702 703 704 705 708 712 727 728 730 731 734 735 738 741 743 745 746 748 749 750 751 755 756 757 758 759 761 762 763 764 765 768 769 770 771 772 773 774 775
11: 546 550 572 579 581 601 603 606 610 615 616 618 631 647 657 661 664 666 670 674 677 686 690 695 696 707 711 713 714 717 718 719 724 726 733 737 753 754
12: 547 558 580 597 609 640 645 648 653 655 669
13: 549 554 555 556 559 561 570 577 584 586 594 607 612 617 620 625 626 630 635 639 644 650 654 656 660 663 665 668 672 676 680 683 684 687 688 721 722 723 725 729 732 740 744 747 752 760 766 767
14: 557 563 569 574 575 576 592 613 621 627 628 629 634 641 651 652 675 685 689 691 710 716 736 739 742
15: 565 567 587 589 598 599 602 605 622 633 649 667 682 697 698 706 709 715 720
16: 776 790 809 811 822 824 825 836 853 855 864 873 876 892 893 900 903 904 906 908 926 927 930 933 939 944 955 960 965 974 979 986 997 1007 1014 1019 1023 1024 1035 1038 1041 1043 1051 1052 1071 1072 1092 1093 1125 1129 1149 1156 1161 1167 1172 1184 1185 1187 1199 1205 1229 1234 1240 1254 1256 1257 1260 1262 1265 1267 1276 1282 1284 1289 1292 1296 1307 1310 1311 1315 1317 1320
17: 777 843 901 913 928 949 961 962 985 1009 1015 1025 1100 1109 1130 1143 1181 1200 1202 1209 1220 1226 1236
18: 778 803 807 817 820 821 823 826 831 834 835 847 856 857 860 866 872 874 878 902 916 922 936 953 958 963 967 975 978 987 992 1017 1031 1039 1053 1055 1076 1077 1079 1082 1087 1101 1110 1114 1117 1135 1139 1144 1145 1159 1168 1169 1178 1183 1191 1201 1221 1225 1231 1232 1247 1252 1261 1263 1264 1268 1269 1270 1271 1277 1290 1298 1299 1312 1313 1314 1316 1318 1319
19: 779 781 827 840 862 865 871 887 891 910 914 917 924 931 940 948 977 993 995 1001 1002 1004 1020 1030 1046 1048 1070 1075 1083 1107 1116 1118 1124 1126 1127 1147 1154 1166 1179 1194 1198 1206 1215 1228 1243 1245 1250 1273 1283 1288 1297 1301
20: 780 786 791 798 804 805 828 838 870 882 883 889 896 897 937 945 950 957 972 983 988 996 1005 1011 1021 1027 1040 1049 1066 1069 1080 1089 1091 1104 1106 1119 1122 1134 1148 1150 1155 1157 1163 1165 1174 1175 1176 1182 1186 1192 1197 1207 1208 1210 1222 1246 1248 1249 1255 1279 1285 1287 1303 1308
21: 782 784 794 795 818 833 842 845 875 881 888 890 894 909 911 918 919 923 925 932 934 943 989 991 994 1016 1037 1044 1062 1067 1073 1096 1097 1102 1137 1142 1171 1177 1189 1214 1241 1242 1251 1258 1266 1274 1280 1281 1286 1300 1302 1304 1305 1306 1309
22: 783 785 796 799 802 813 837 839 846 867 898 929 938 941 946 959 1018 1028 1029 1056 1068 1084 1103 1111 1131 1132 1152 1158 1162 1170 1188 1193 1203 1211 1217 1218 1219 1223 1230 1272 1278 1291 1293 1294 1295
23: 787 793 819 832 848 858 861 863 885 899 952 969 976 980 998 1003 1010 1034 1036 1042 1057 1065 1086 1098 1138 1141 1190 1212 1227 1259
24: 788 800 806 830 852 859 886 942 971 981 982 1012 1078 1088 1136 1146
25: 789 810 814 841 850 880 907 947 954 970 973 984 990 1032 1047 1064 1074 1085 1112 1113 1128 1133 1164 1173 1196 1204 1213 1216 1224 1235 1237 1238 1239 1275
26: 792 812 815 844 895 915 935 1013 1026 1050 1063 1081 1108
27: 797 808 816 849 854 877 879 905 912 920 951 956 968 1000 1008 1033 1045 1054 1059 1061 1094 1095 1099 1115 1121 1123 1140 1153 1160 1195 1233 1244 1253
28: 801 829 851 868 869 884 921 964 966 999 1006 1022 1058 1060 1090 1105 1120 1151 1180
29: 1321 1327 1331 1335 1341 1344 1345 1346 1350 1354 1355 1362 1365 1377 1378 1390 1396 1405 1406 1408 1411 1412 1420 1423 1441 1442 1448 1451 1457 1459 1469 1471 1475 1477 1484 1485 1490 1492 1496 1498 1501 1502 1503 1517 1520 1532 1543 1545 1549 1555 1558 1561 1564 1573 1574 1583 1595 1602 1607 1609 1613 1614 1616 1618 1628 1629 1640 1645 1658 1665 1676 1686 1688 1695 1696 1697 1705 1706
30: 1322 1323 1329 1332 1333 1334 1347 1349 1351 1357 1359 1363 1366 1367 1369 1375 1380 1383 1388 1391 1397 1400 1410 1413 1415 1416 1419 1421 1427 1437 1452 1456 1460 1463 1476 1494 1512 1524 1527 1528 1529 1531 1537 1542 1544 1547 1548 1551 1552 1554 1559 1565 1566 1575 1577 1588 1603 1608 1610 1611 1619 1647 1650 1651 1655 1662 1666 1669 1672 1673 1678 1679 1681 1685 1690 1692 1699 1701 1704
31: 1324 1336 1386 1399 1401 1422 1450 1453 1468 1483 1495 1513 1514 1515 1518 1538 1557 1562 1571 1580 1587 1596 1605 1622 1623 1624 1634 1635 1636 1641 1642 1656 1667
32: 1325 1330 1339 1340 1342 1343 1360 1361 1364 1371 1372 1373 1379 1392 1394 1398 1418 1424 1429 1432 1433 1435 1438 1440 1449 1461 1466 1470 1472 1481 1482 1486 1488 1489 1491 1497 1499 1504 1506 1507 1508 1516 1519 1535 1536 1539 1540 1546 1550 1556 1560 1567 1570 1578 1579 1584 1591 1592 1594 1598 1600 1631 1632 1637 1639 1644 1646 1648 1654 1657 1659 1661 1668 1674 1675 1677 1682 1684 1698 1700 1702
33: 1326 1353 1356 1370 1381 1384 1385 1389 1393 1407 1409 1425 1430 1434 1439 1443 1444 1445 1446 1447 1455 1458 1464 1465 1479 1487 1505 1509 1510 1522 1523 1525 1533 1534 1563 1572 1581 1582 1589 1593 1597 1601 1604 1606 1615 1620 1621 1625 1626 1630 1633 1638 1643 1649 1652 1653 1660 1663 1664 1670 1671 1680 1683 1687 1689 1691 1693 1694 1703 1707
34: 1328 1358 1376 1402 1414 1417 1426 1473 1474 1500 1521 1526 1553 1590 1599 1612 1617 1627
35: 1337 1348 1352 1368 1382 1428 1462 1467 1480 1493 1530 1568 1569 1576 1585 1586
36: 1338 1374 1387 1395 1403 1404 1431 1436 1454 1478 1511 1541
37: 1708 1752 1769 1804 1817 1822 1831 1837 1846 1856 1865 1869 1883 1904 1905 1913 1914 1925 1927 1935 1943 1947 1962 1965 2007 2028 2042 2046
38: 1709 1710 1711 1713 1726 1730 1746 1750 1756 1762 1766 1775 1780 1782 1788 1792 1810 1836 1839 1845 1851 1855 1867 1870 1902 1922 1946 1952 1956 1990 2000 2031 2037 2040 2047 2056 2058 2059 2064
39: 1712 1748 1758 1770 1771 1776 1784 1806 1823 1853 1857 1926 1960 1961 1969
40: 1714 1733 1735 1739 1743 1747 1749 1801 1813 1821 1842 1854 1858 1919 1940 1950 1975 1981 1994 2004 2010 2022 2023
41: 1715 1717 1719 1728 1738 1772 1773 1774 1790 1802 1811 1812 1827 1834 1835 1849 1850 1862 1877 1893 1896 1908 1915 1921 1934 1939 1949 1963 1977 1978 1980 1988 1997 2009 2019 2027 2033 2034 2041 2044 2049 2051 2060 2061 2066 2068
42: 1716 1798 1824 1830 1843 1847 1885 1890 1909 1928 1933 1944 1951 1953 1958 1970 1983
43: 1718 1764 1787 1791 1794 1800 1809 1815 1820 1861 1881 1882 1916 1924 1957 1959 1993 1996 2001 2006 2020 2029 2030
44: 1720 1737 1741 1768 1779 1781 1786 1829 1868 1874 1879 1884 1907 1917 1920 1948 1955 1974 1989 1991 2005 2012 2015
45: 1721 1724 1742 1759 1765 1808 1825 1840 1844 1852 1887 1941 1945 1967 1971 1973 1976 1979 2008 2011 2014 2017 2026 2032
46: 1722 1723 1725 1732 1736 1740 1744 1751 1753 1767 1777 1789 1797 1799 1803 1805 1814 1832 1859 1860 1872 1873 1880 1886 1889 1891 1892 1895 1897 1898 1899 1900 1910 1912 1918 1931 1954 1972 1987 2035 2053 2055
47: 1727 1729 1745 1760 1778 1783 1833 1838 1841 1863 1864 1871 1875 1901 1906 1936 1937 1938 1998
48: 1731 1734 1754 1755 1757 1761 1763 1785 1793 1795 1796 1807 1816 1818 1819 1826 1828 1848 1866 1876 1878 1888 1894 1903 1911 1923 1929 1930 1932 1942 1964 1966 1968 1982 1984 1985 1986 1992 1995 1999 2002 2003 2013 2016 2018 2021 2024 2025 2036 2038 2039 2043 2045 2048 2050 2052 2054 2057 2062 2063 2065 2067 2069 2070 2071 2072 2073 2074 2075 2076 2077 2078 2079 2080 2081 2082 2083 2084 2085 2086 2087 2088 2089 2090 2091 2092 2093 2094 2095 2096
49: 2097 2107 2138 2184 2225 2256 2265 2297 2322 2396 2411 2420 2511 2516 2521 2532 2555 2563 2568 2651 2676 2687 2712 2733
50: 2098 2099 2112 2116 2143 2235 2424 2426 2431 2434 2451 2459 2601
51: 2100 2120 2126 2132 2140 2166 2168 2196 2199 2200 2207 2237 2250 2259 2268 2288 2294 2306 2307 2308 2358 2365 2377 2404 2406 2415 2456 2465 2467 2491 2497 2517 2519 2527 2551 2565 2590 2597 2600 2605 2606 2615 2650 2689 2704 2708 2711 2715 2716 2734 2784 2787 2805 2816
52: 2101 2125 2128 2161 2228 2229 2298 2299 2300 2318 2321 2332 2341 2352 2362 2369 2379 2384 2386 2412 2492 2493 2505 2528 2552 2553 2572 2574 2575 2576 2604 2607 2641 2657 2661 2677 2719 2728 2730 2774 2777 2793 2799 2800 2814
53: 2102 2122 2164 2193 2205 2214 2252 2263 2331 2350 2355 2368 2389 2418 2421 2440 2444 2526 2559 2561 2594 2595 2612 2622 2653 2656 2678 2691 2707 2725 2745 2748 2756 2759 2761
54: 2103 2188 2221 2258 2264 2276 2330 2361 2447 2503 2523 2533 2562 2610
55: 2104 2195 2197 2247 2261 2271 2344 2348 2410 2427 2469 2481 2504 2507 2508 2510 2539 2545 2588 2633 2643 2649 2688 2710 2751 2754
56: 2105 2118 2124 2141 2157 2172 2189 2231 2239 2312 2335 2357 2382 2394 2430 2433 2446 2449 2547 2580 2623 2655 2698 2741
57: 2106 2114 2121 2131 2149 2151 2152 2179 2185 2194 2206 2212 2215 2226 2248 2296 2311 2315 2329 2340 2347 2364 2381 2388 2391 2393 2400 2405 2407 2408 2413 2416 2422 2437 2442 2445 2458 2463 2474 2484 2490 2494 2498 2513 2514 2520 2525 2529 2530 2542 2582 2587 2589 2598 2614 2616 2621 2631 2635 2638 2646 2662 2665 2668 2679 2680 2693 2702 2744 2746 2750 2752 2758 2760 2762 2768 2770 2776 2780 2786 2790 2792 2794 2801 2811 2812 2815 2831 2836
58: 2108 2170 2191 2192 2254 2275 2319 2324 2338 2435 2454 2460 2496 2541 2550 2603 2640 2645 2652
59: 2109 2110 2115 2117 2146 2148 2156 2169 2171 2186 2236 2262 2273 2274 2278 2290 2295 2302 2342 2353 2376 2398 2403 2423 2425 2432 2443 2464 2468 2485 2486 2488 2512 2537 2554 2571 2583 2593 2608 2619 2632 2674 2675 2685 2690 2692 2696 2701 2709 2713 2727 2731 2736 2757 2763 2765 2766 2769 2778 2795 2802 2804 2808 2818 2826 2829 2830 2835 2837
60: 2111 2130 2136 2137 2147 2154 2155 2167 2187 2201 2202 2209 2210 2243 2260 2270 2303 2309 2314 2337 2345 2356 2363 2366 2373 2392 2414 2417 2439 2450 2453 2462 2470 2480 2501 2515 2522 2534 2535 2548 2558 2569 2570 2578 2579 2599 2618 2629 2630 2636 2658 2660 2667 2671 2686 2697 2705 2738 2749 2753 2775 2779 2783 2785 2788 2803 2810 2813 2817 2821 2824 2825 2832 2833 2834 2838
61: 2113 2123 2129 2134 2162 2173 2178 2180 2190 2204 2266 2267 2279 2286 2293 2310 2380 2383 2385 2387 2399 2429 2436 2448 2476 2483 2524 2546 2602 2611 2625 2637 2639 2672 2681 2682 2700 2721 2737 2789 2798
62: 2119 2139 2159 2174 2176 2208 2213 2234 2269 2283 2285 2323 2325 2349 2375 2466 2666 2670 2673 2699 2706 2714 2717
63: 2127 2144 2182 2183 2203 2217 2218 2227 2230 2233 2240 2242 2246 2251 2255 2277 2282 2287 2326 2327 2333 2351 2395 2397 2428 2461 2479 2482 2502 2518 2531 2536 2543 2556 2566 2567 2591 2628 2634 2659 2663 2695 2718 2720 2722 2724 2726 2729 2732 2740 2742 2764 2771 2773 2781 2791 2797 2806 2809 2822 2823 2827 2828
64: 2133 2135 2181 2198 2211 2257 2291 2292 2401 2438 2473 2487 2538 2549 2585 2609 2654 2664 2684
65: 2142 2163 2175 2238 2280 2334 2374 2390 2409 2452 2455 2509 2577
66: 2145 2165 2216 2219 2223 2224 2232 2241 2245 2284 2336 2343 2346 2359 2371 2402 2457 2471 2478 2495 2500 2540 2544 2557 2564 2573 2581 2584 2617 2624 2626 2627 2644 2648 2669 2683 2694 2703 2723 2743 2755 2767 2772 2782 2796 2807 2819 2820
67: 2150 2153 2160 2177 2220 2244 2249 2272 2281 2289 2301 2304 2317 2320 2354 2360 2370 2378 2419 2441 2475 2506 2560 2586 2592 2596 2613 2620 2735 2739 2747
68: 2158 2222 2253 2305 2313 2316 2328 2339 2367 2372 2472 2477 2489 2499 2642 2647
69: 2839 2856 2923 2960 2974 2977 2996 3010 3053 3055 3105 3180 3220 3227 3266 3293 3296 3345 3346 3382 3394 3414 3432 3438 3452 3467 3472 3483 3518 3521 3530 3569 3570
70: 2840 2844 2858 2869 2897 2899 2904 2931 3000 3014 3050 3052 3059 3067 3068 3076 3078 3103 3132 3146 3198 3308 3320 3361 3363 3377 3388 3401 3407 3416 3418 3423 3425 3447 3449 3471 3481 3487 3492 3508 3515 3528 3534 3543 3545 3550 3553 3557 3580 3581 3600 3602 3626 3628 3632 3633 3648 3675 3682 3689 3702 3712 3717 3721 3722 3725 3729 3748 3755 3758
71: 2841 2842 2873 2907 2910 2935 2948 2964 2967 2984 2986 2995 3008 3027 3034 3065 3074 3086 3089 3100 3116 3130 3141 3150 3157 3158 3163 3169 3222 3230 3256 3259 3280 3294 3299 3303 3306 3310 3384 3385 3396 3424 3434 3469 3478 3494 3516 3524 3532 3535 3552 3554 3567 3585 3587 3606 3612 3636 3683 3691 3692 3696 3701 3704 3709 3726 3737 3747 3749
72: 2843 2851 2863 2879 2883 2918 2937 2972 2973 2994 3003 3009 3018 3047 3062 3063 3082 3093 3104 3106 3110 3123 3126 3134 3136 3147 3162 3190 3197 3204 3238 3264 3273 3279 3297 3298 3307 3349 3366 3378 3403 3453 3484 3491 3501 3505 3533 3538 3555 3562 3566 3573 3574 3593 3611 3627 3635 3652 3662 3663 3667 3676 3685 3688 3695 3699 3710 3711 3714 3730 3731 3734 3738 3740 3757
73: 2845 2987 3066 3241 3260 3304 3317 3322 3362 3391 3400 3421 3461 3502 3519
74: 2846 2874 2877 2891 2903 2909 2919 2930 2951 2952 2968 2975 2976 3004 3015 3020 3035 3038 3114 3154 3161 3164 3172 3224 3233 3262 3295 3350 3356 3360 3374 3379 3389 3390 3402 3408 3422 3429 3463 3499 3512 3525 3559 3592 3631 3644 3657 3674 3680 3693 3706 3720 3723
75: 2847 2888 2939 2980 3042 3060 3071 3073 3112 3215 3231 3242 3337 3369 3376 3426 3465 3507 3510 3514 3582 3613 3637 3638 3639
76: 2848 2849 2853 2859 2860 2911 2936 2978 2998 3037 3054 3057 3081 3092 3117 3127 3133 3137 3177 3178 3183 3212 3245 3267 3269 3275 3319 3321 3341 3351 3355 3365 3397 3455 3475 3479 3493 3513 3536 3539 3568 3572 3577 3590 3655 3660 3677 3687 3703 3707 3719 3724
77: 2850 2882 2895 2898 2929 2991 3001 3024 3025 3026 3031 3079 3124 3139 3145 3200 3203 3216 3217 3229 3248 3270 3283 3291 3300 3329 3330 3383 3417 3419 3431 3450 3456 3511 3529 3531 3616 3618 3619 3620 3621 3622 3647 3649 3668 3670 3681 3694 3698 3705 3716
78: 2852 2890 2943 2946 3033 3085 3111 3120 3125 3187 3189 3192 3205 3207 3218 3257 3281 3309 3316 3326 3339 3371 3373 3427 3584 3614
79: 2854 2901 2902 2913 2956 3007 3017 3091 3167 3168 3213 3214 3311 3334 3393 3433 3451 3454 3542 3578 3609 3610 3617 3624 3643
80: 2855 2884 2914 2915 2924 3005 3045 3090 3148 3151 3182 3201 3209 3240 3249 3253 3276 3289 3292 3301 3324 3332 3395 3436 3476 3480 3482 3485 3488 3504 3537 3597 3640 3645 3646 3656 3664 3673 3686
81: 2857 2870 2949 2954 2989 3016 3156 3325 3328 3342 3348 3368 3486 3500
82: 2861 2876 2955 2992 3142 3165 3206 3313 3315 3343
83: 2862 2871 2922 2940 2941 3113 3155 3181 3188 3381
84: 2864 2867 2880 2881 2916 2944 2958 2988 2993 3019 3036 3043 3051 3070 3080 3096 3108 3115 3122 3131 3138 3152 3153 3166 3170 3173 3193 3194 3196 3234 3237 3239 3246 3268 3271 3274 3305 3314 3318 3338 3352 3404 3437 3439 3442 3443 3448 3457 3464 3466 3522 3526 3527 3540 3546 3551 3556 3575 3579 3583 3589 3608 3615 3651 3661 3665 3672 3684 3708 3713 3718 3727 3736 3739 3741 3743 3744 3745 3752 3753 3754 3756 3759
85: 2865 2896 2908 2912 2925 2963 2970 3013 3029 3032 3041 3044 3049 3101 3228 3312 3340 3347 3364 3409 3428 3458 3460 3490 3563 3564 3599 3605 3625 3634 3658
86: 2866 2878 2885 2886 2889 2900 2921 2928 2932 2957 2961 2962 2997 2999 3002 3011 3012 3056 3061 3075 3088 3098 3119 3135 3191 3208 3210 3247 3277 3302 3344 3353 3354 3367 3370 3372 3406 3411 3420 3477 3489 3517 3523 3544 3547 3558 3565 3594 3595 3598 3603 3629 3641 3650 3653 3654 3671 3678 3679 3690 3697 3700 3715 3728 3732 3733 3735 3742 3746 3750 3751
87: 2868 2920 2953 3023 3107 3199 3221 3225 3286 3290 3387 3435
88: 2872 2906 2971 2981 2982 2985 2990 3039 3095 3099 3102 3143 3175 3195 3219 3250 3252 3255 3327 3358 3380 3392 3405 3441 3446 3459 3495 3498 3503 3549 3588 3596 3642
89: 2875 2894 2917 2934 2983 3040 3083 3140 3211 3284 3357
90: 2887 2933 2938 2947 2966 2969 3021 3030 3046 3069 3149 3179 3244 3251 3254 3261 3263 3278 3282 3323 3335 3336 3375 3410 3412 3413 3468 3473 3496 3509 3576 3601 3630 3659 3666 3669
91: 2892 2893 2927 2942 2945 2959 3048 3118 3174 3185 3186 3223 3226 3243 3258 3331 3398 3445 3470 3474
92: 2905 2950 2965 2979 3006 3022 3097 3236 3272 3285 3333 3386 3399 3497
93: 2926 3028 3064 3077 3084 3087 3128 3129 3144 3159 3176 3202 3232 3287 3430 3506 3520 3571 3586 3591
94: 3058 3072 3094 3109 3121 3160 3171 3184 3235 3265 3288 3359 3415 3440 3444 3462 3541 3548 3560 3561 3604 3607 3623
95: 3760 3778 3790 3802 3812 3816 3822 3827 3836 3842 3875 3885 3914 3934 3937 3942 3943 3951 3987 4003 4006 4012 4018 4019
96: 3761 3773 3786 3787 3789 3792 3800 3813 3818 3828 3838 3850 3851 3864 3874 3876 3878 3880 3883 3888 3890 3893 3894 3901 3907 3908 3926 3930 3933 3940 3953 3955 3956 3957 3961 3965 3969 3974 3986 3989 4000 4001 4002 4008 4009 4011 4013 4022 4027 4028 4032 4033 4037 4047 4048 4053 4054 4055 4056 4057 4062
97: 3762 3775 3794 3796 3797 3834 3844 3887 3891 3895 3903 3905 3916 3922 3928 3929 3952 3963 3983 3994 4014 4015 4020 4021
98: 3763 3769 3774 3780 3799 3805 3856 3858 3871 3882
99: 3764 3768 3771 3779 3782 3783 3788 3793 3795 3798 3810 3811 3814 3815 3817 3820 3821 3824 3830 3833 3843 3848 3854 3859 3861 3865 3868 3873 3879 3881 3886 3898 3900 3910 3915 3921 3931 3932 3938 3939 3950 3959 3960 3962 3967 3968 3970 3972 3973 3975 3979 3982 3984 3990 3995 3997 3999 4005 4007 4017 4029 4035 4038 4041 4042 4044 4045 4046 4060 4061 4064 4065
100: 3765 3776 3784 3801 3829 3835 3845 3857 3862 3884 3899 3913 3919 3945 3947 3949 3964 3976
101: 3766 3767 3785 3807 3825 3837 3847 3866 3869 3870 3872 3889 3896 3911 3912 3925 3927 3935 3936 3944 3948 3954 3980 3988 3993 4004 4031 4034 4039
102: 3770 3772 3777 3781 3791 3803 3804 3806 3808 3809 3819 3823 3826 3831 3832 3839 3840 3841 3846 3849 3852 3853 3855 3860 3863 3867 3877 3892 3897 3902 3904 3906 3909 3917 3918 3920 3923 3924 3941 3946 3958 3966 3971 3977 3978 3981 3985 3991 3992 3996 3998 4010 4016 4023 4024 4025 4026 4030 4036 4040 4043 4049 4050 4051 4052 4058 4059 4063
103: 4066 4077 4088 4092 4105 4111 4113 4117 4121 4123 4128 4129 4144 4149 4157 4162 4164 4176 4177 4183 4184 4191 4193 4211 4218 4219 4227 4229 4233 4249 4264 4270
104: 4067 4079 4087 4098 4101 4104 4114 4116 4142 4161 4163 4198 4200 4202 4214 4217 4240 4241 4244 4245 4248
105: 4068 4069 4072 4073 4074 4078 4081 4096 4097 4109 4122 4132 4136 4139 4140 4147 4151 4158 4187 4189 4195 4199 4209 4210 4213 4220 4228 4230 4235 4246 4250 4252 4259 4260 4261 4262 4273
106: 4070 4075 4085 4086 4089 4093 4095 4103 4110 4112 4118 4127 4130 4137 4138 4181 4186 4192 4194 4203 4204 4205 4212 4215 4224 4226 4234 4237 4239 4242 4243 4251 4253 4258 4266
107: 4071 4080 4083 4090 4094 4099 4102 4106 4107 4115 4119 4120 4124 4125 4131 4133 4134 4135 4143 4145 4148 4153 4159 4160 4165 4168 4171 4174 4175 4178 4185 4188 4190 4196 4201 4208 4222 4223 4225 4232 4236 4238 4247 4254 4255 4256 4257 4263 4265 4267 4268 4269 4271 4272 4274 4275 4276 4277 4278 4279 4280 4281 4282 4283 4284 4285 4286 4287 4288
108: 4076 4084 4091 4100 4108 4146 4150 4154 4156 4173 4182 4197 4207 4216
109: 4082 4126 4141 4152 4155 4166 4167 4169 4170 4172 4179 4180 4206 4221 4231
110: 4289 4291 4292 4293 4296 4299 4304 4306 4321 4323 4324 4325 4327 4328 4330 4332 4333 4334 4335 4336 4340 4341 4345 4349 4351 4355 4357 4359 4367 4375 4388 4389 4393 4398 4402 4410 4412 4414 4418 4421 4424 4427 4429 4430 4433 4440 4443 4449 4450 4452 4453 4457 4458 4460 4462 4465 4469 4470 4476 4478 4480 4485 4486 4489 4491 4492 4497 4499 4502 4504 4511 4512 4515 4516 4519 4520 4526 4527 4531 4535 4538 4539 4543 4550 4556 4557 4558 4560 4563 4564 4571 4574 4575 4576 4577
111: 4290 4294 4303 4305 4308 4309 4310 4312 4317 4326 4342 4344 4361 4363 4364 4365 4366 4372 4376 4377 4384 4385 4386 4391 4395 4397 4406 4413 4417 4419 4422 4423 4425 4426 4435 4437 4441 4454 4455 4456 4466 4467 4482 4483 4484 4488 4493 4495 4496 4501 4503 4505 4508 4518 4521 4525 4528 4532 4534 4536 4541 4544 4546 4551 4565 4569
112: 4295 4298 4301 4311 4313 4314 4316 4319 4329 4337 4338 4343 4346 4347 4350 4352 4353 4356 4358 4368 4369 4373 4378 4387 4394 4396 4399 4403 4407 4408 4415 4416 4420 4428 4432 4434 4438 4439 4447 4463 4472 4474 4477 4498 4500 4507 4509 4510 4514 4517 4524 4529 4533 4540 4548 4552 4553 4555 4561 4566 4567 4568 4570
113: 4297 4300 4302 4307 4315 4318 4320 4322 4331 4339 4348 4354 4360 4362 4370 4371 4374 4379 4380 4381 4382 4383 4390 4392 4400 4401 4404 4405 4409 4411 4431 4436 4442 4444 4445 4446 4448 4451 4459 4461 4464 4468 4471 4473 4475 4479 4481 4487 4490 4494 4506 4513 4522 4523 4530 4537 4542 4545 4547 4549 4554 4559 4562 4572 4573
114: 4578 4586 4592 4598 4610 4623 4669 4717 4718 4729 4761 4781 4783 4793 4852
115: 4579 4621 4625 4636 4639 4644 4645 4650 4653 4655 4670 4684 4693 4705 4728 4828 4839 4865 4877 4892 4901 4909 4912 4925 4930 4945
116: 4580 4588 4589 4608 4629 4671 4678 4689 4725 4740 4743 4745 4768 4771 4777 4785 4797 4805 4817 4826 4840 4845 4851 4856 4860 4878 4894 4929 4932 4933 4935 4936 4939 4940 4942 4949 4952 4955 4958 4960 4961 4968 4970 4971 4977 4980 4981 4983 4984
117: 4581 4605 4642 4649 4662 4663 4667 4668 4674 4675 4700 4711 4712 4713 4772 4780 4786 4787 4800 4823 4824 4832 4835 4838 4841 4858 4867 4870 4893 4895 4916 4920 4921 4931 4937 4946 4951 4957 4963 4966 4969 4973 4978 4979
118: 4582 4594 4606 4627 4647 4660 4682 4683 4692 4716 4722 4730 4765 4806 4807 4818 4821 4874 4884 4897 4900 4922
119: 4583 4593 4595 4615 4617 4632 4633 4638 4643 4646 4654 4680 4685 4726 4734 4757 4759 4784 4819 4829
120: 4584 4596 4613 4626 4635 4640 4651 4652 4658 4665 4673 4679 4686 4694 4699 4709 4719 4723 4737 4738 4766 4773 4774 4788 4796 4804 4812 4814 4827 4836 4837 4844 4850 4854 4857 4861 4868 4873 4879 4880 4882 4902 4904 4906 4917 4918 4919 4923 4924 4927 4944 4947 4948 4950 4959 4962 4965 4975 4976 4982 4985 4986 4987 4988 4989 4990 4991 4992 4993 4994 4995 4996 4997 4998 4999
121: 4585 4601 4609 4659 4661 4676 4688 4696 4698 4721 4727 4736 4739 4746 4776 4811 4815 4842 4848 4849 4888 4905 4908 4910 4911 4915 4926 4928 4934 4938 4941 4943 4953 4954 4956 4964 4967 4972 4974
122: 4587 4603 4620 4622 4687 4701 4749 4756 4790 4792 4803
123: 4590 4591 4600 4611 4697 4706 4720 4751 4762 4763 4782 4822 4830 4843 4871 4872 4885
124: 4597 4624 4691 4695 4704 4715 4731 4735 4741 4747 4752 4769 4775 4789 4795 4834 4869 4889 4891
125: 4599 4618 4619 4690 4703 4707 4710 4760 4778 4779 4798 4813 4847 4855 4866 4881 4883 4886 4887 4898
126: 4602 4628 4648 4677 4708 4714 4724 4732 4733 4753 4799 4846 4853 4862 4863 4875 4890
127: 4604 4631 4634 4656 4672 4744 4748 4754 4755 4801 4808 4820
128: 4607 4616 4630 4657 4666 4702 4742 4764 4794 4802 4809 4810 4816 4825 4833
129: 4612 4614 4637 4641 4664 4681 4750 4758 4767 4770 4791 4831 4859 4864 4876 4896 4899 4903 4907 4913 4914
