0: 0 25 75 82 87 91 112 115 117 192 204 205 270 293 300 315 334 350 353 410 500 510 581 608 614 625 634
1: 1 2 23 39 52 94 107 114 147 186 199 234 248 254 266 311 326 338 346 358 363 380 413 446 490 498 515 559 582 584 592 615 626 642 651 656 675 682 689
2: 3 11 21 46 61 63 78 96 99 101 109 113 123 125 133 150 176 182 202 208 212 220 221 231 236 245 253 262 273 288 299 314 329 331 336 340 345 348 360 366 383 390 394 401 403 405 420 423 442 455 472 476 478 484 503 509 513 526 528 530 533 541 547 556 579 600 605 624 630 659 664 669 671 674 690 694 701 702 710
3: 4 17 18 54 111 131 140 142 167 198 200 206 219 223 235 261 272 283 313 321 333 347 372 381 382 386 387 402 425 430 451 457 459 481 485 492 496 506 522 525 534 542 549 566 591 620 635 670 692 711 712
4: 5 43 59 70 138 141 239 257 281 343 357 424 516
5: 6 31 84 139 161 191 278 279 294 308 412 415 431 444 450
6: 7 26 48 50 89 95 121 124 132 136 143 145 146 185 193 197 214 230 233 243 247 251 284 319 335 337 359 388 398 417 419 462 469 471 520 552 565 574 585 609 611 622 631 640 645 658 665 681 699 700 703 706
7: 8 65 85 135 144 181 216 277 325 384 421 439 511 546 563
8: 9 15 16 22 24 29 36 42 56 66 71 74 88 100 119 122 153 156 172 201 207 210 211 238 241 244 271 276 282 291 312 318 355 369 411 416 418 428 434 440 445 449 458 467 475 483 489 507 517 518 521 529 535 538 540 560 575 576 590 593 597 599 602 610 628 632 639 650 662 666 677 678 683 698 705 707 713
9: 10 47 67 72 83 137 151 165 173 188 249 250 265 268 274 280 295 298 307 309 327 332 344 356 375 396 408 414 433 493 508 524 551 555 568 571 586 587 601 604 617 619 647 654 661 667 680
10: 12 68 127 252 290 328 389 395 407 482 488
11: 13 20 30 41 51 81 92 118 129 155 164 170 174 184 187 215 224 227 228 258 269 286 289 302 303 305 323 342 352 362 368 374 379 391 400 429 435 443 452 454 460 479 480 491 494 519 527 536 539 548 554 557 567 577 578 598 613 616 636 638 649 652 663 672 676 691 696
12: 14 19 32 35 38 53 57 58 64 69 104 106 110 126 128 134 154 177 178 179 195 203 209 222 225 226 232 237 256 259 263 264 285 287 292 306 310 320 322 351 373 376 393 422 426 432 437 456 474 497 499 504 523 545 553 562 564 580 583 589 594 595 603 606 612 618 621 623 627 633 637 653 655 657 660 668 673 679 685 687 688 697 709
13: 27 28 33 86 105 108 116 148 149 159 162 163 166 168 169 189 190 194 246 260 339 364 367 404 406 441 464 465 487 512 531 537 543 544 569 572 596 607 629 641 643 684 686 693 695 704 708
14: 34 44 55 98 217 242 297 354 399 453 470 501 532
15: 37 40 76 77 79 97 120 157 160 183 213 240 267 349 365 370 371 378 385 461 463 477 486 495 505 514 550 561 570 588 644 646 648
16: 45 60 103 152 158 175 317 438 447 466 473 502
17: 49 73 80 90 102 130 171 218 255 296 330 377 392 448
18: 62 93 180 196 229 275 301 304 316 324 341 361 397 409 427 436 468 558 573
19: 714 716 720 723 724 727 728 738 740 746 750 754 759 766 797 802 806 810 811 818 820 821 823 824 827 828 831 842 844 845 846 849 857 867 869 879 885 889 896 904 909 911 931 934 939 950 951 957 966 972 973 975 1009 1033 1040 1043 1044 1051 1056 1069 1070 1076 1083 1089 1091 1093 1094 1098 1104 1107 1122 1123 1124 1131 1132 1142 1145 1152 1166 1168 1171 1174 1175 1184 1189 1205 1216 1219 1220 1223
20: 715 729 747 748 751 761 765 771 774 799 805 807 812 816 825 835 839 841 850 852 853 854 859 863 870 871 874 881 884 892 899 900 906 907 910 914 923 926 927 942 967 971 974 981 984 989 990 991 1001 1005 1012 1015 1021 1030 1046 1053 1058 1059 1068 1071 1082 1085 1087 1099 1110 1112 1121 1128 1135 1140 1146 1150 1151 1156 1163 1170 1172 1176 1178 1180 1182 1186 1188 1190 1195 1203 1209 1211 1212 1213 1222 1224 1227
21: 717 721 787 791 796 833 861 862 886 893 918 945 970 1074 1081 1102 1115 1130 1144 1155
22: 718 762 778 782 790 794 817 829 836 851 864 878 894 898 915 921 932 940 959 968 982 1008 1013 1014 1016 1020 1024 1029 1032 1055 1086 1136 1149 1192
23: 719 734 741 749 753 763 764 793 798 813 819 830 843 855 858 888 908 912 913 916 917 924 925 935 943 944 960 964 977 983 987 995 1003 1006 1027 1031 1047 1048 1050 1072 1077 1078 1088 1096 1100 1117 1127 1147 1148 1153 1158 1177 1183 1187 1194 1198 1202 1204 1214 1218 1226 1228
24: 722 767 768 770 784 785 789 800 801 808 848 922 928 938 988 994 998 1007 1011 1037 1041 1065 1080 1095 1109 1116 1120 1133 1154 1160 1167 1191 1201 1206
25: 725 726 745 760 769 773 783 876 890 895 933 936 946 947 954 956 961 985 1002 1004 1034 1064 1066 1067 1101 1138 1139 1161 1196 1200
26: 730 731 732 735 736 737 758 779 814 834 837 866 877 882 883 887 920 937 958 962 965 978 980 986 992 1018 1025 1026 1036 1049 1073 1075 1103 1114 1118 1141 1157 1169 1193 1208 1210 1215 1221 1225
27: 733 744 755 756 815 832 860 868 897 953 1017 1052 1090 1108
28: 739 781 788 809 822 840 865 941 952 1000 1023 1035 1038 1057
29: 742 743 757 776 780 804 826 838 856 872 875 880 891 901 902 905 930 948 955 969 993 997 999 1022 1028 1042 1045 1060 1063 1079 1084 1092 1106 1111 1113 1119 1125 1126 1134 1137 1159 1162 1164 1165 1173 1179 1185 1197 1199 1207 1217
30: 752 772 775 777 786 792 795 803 847 873 903 919 929 949 963 976 979 996 1010 1019 1039 1054 1061 1062 1097 1105 1129 1143 1181
31: 1229 1246 1254 1258 1267 1314 1321 1322 1324 1327 1329 1334 1336 1345 1350 1351 1360 1362 1363 1373 1386 1393 1397 1408 1416 1424 1430 1434 1436 1438 1448 1450 1454 1461 1464 1481 1487 1488 1495 1497 1500 1504 1517 1521 1532 1536 1543 1563 1566 1570 1572 1573 1574 1578 1579 1584 1591 1599 1600 1622 1642 1643 1646 1655 1656 1661 1667 1684 1694 1697 1700 1704 1706 1709 1714 1715 1720 1727 1728 1730 1731 1735
32: 1230 1237 1299 1407 1413 1425 1439 1440 1501 1523 1538 1552 1555
33: 1231 1261 1276 1292 1355 1366 1372 1374 1444 1486 1491 1518 1531 1554 1556 1580 1597 1610 1616 1627 1671
34: 1232 1238 1244 1249 1265 1284 1298 1300 1320 1346 1365 1390 1426 1431 1453 1460 1470 1493 1522 1525 1589 1590 1606 1618 1628 1641 1644 1648 1650 1652 1660 1662 1695 1717
35: 1233 1241 1243 1248 1271 1280 1283 1305 1311 1326 1339 1342 1343 1347 1354 1364 1367 1371 1391 1394 1402 1412 1417 1418 1437 1443 1455 1456 1485 1490 1499 1509 1512 1534 1537 1539 1544 1558 1562 1605 1611 1614 1617 1619 1645 1659 1668 1675 1685 1686 1688 1693 1696 1699 1702 1712 1713 1722 1723 1729 1733
36: 1234 1239 1308 1330 1335 1352 1377 1379 1381 1471 1477 1498 1541 1551 1559 1575 1587 1607 1624 1633 1635 1640 1673
37: 1235 1245 1263 1275 1282 1285 1291 1294 1301 1310 1316 1317 1331 1333 1369 1389 1427 1445 1462 1483 1496 1508 1510 1530 1545 1557 1567 1576 1583 1593 1601 1602 1604 1630 1679 1683 1689 1711
38: 1236 1259 1260 1293 1296 1323 1338 1384 1385 1398 1400 1401 1406 1411 1429 1433 1452 1472 1474 1494 1535 1546 1568 1586 1621 1626 1638 1647 1657 1665 1670 1676 1691 1703 1710 1716 1719
39: 1240 1242 1252 1264 1273 1274 1278 1303 1307 1309 1318 1325 1328 1375 1404 1435 1447 1463 1473 1480 1506 1507 1511 1540 1542 1549 1564 1565 1581 1588 1598 1603 1608 1629 1634 1636 1637 1653 1678 1690 1692 1721 1724
40: 1247 1250 1257 1266 1279 1286 1288 1295 1312 1315 1341 1376 1380 1423 1442 1466 1469 1520 1524 1561 1582 1612 1615 1623 1680
41: 1251 1270 1304 1332 1353 1359 1387 1396 1409 1410 1415 1420 1422 1432 1441 1446 1449 1457 1465 1475 1479 1505 1516 1519 1526 1548 1553 1569 1585 1594 1651 1654 1672 1677 1687 1701 1705 1708 1718 1726
42: 1253 1281 1337 1348 1382 1403 1476 1489 1503 1528 1550
43: 1255 1256 1262 1269 1272 1277 1287 1290 1297 1306 1313 1319 1340 1344 1349 1356 1357 1358 1368 1378 1383 1395 1399 1405 1414 1419 1421 1428 1458 1459 1467 1478 1482 1484 1492 1502 1515 1527 1529 1533 1547 1560 1571 1577 1592 1595 1596 1609 1613 1620 1625 1631 1632 1639 1649 1658 1663 1664 1666 1669 1674 1681 1682 1698 1707 1725 1732 1734 1736 1737 1738
44: 1268 1289 1302 1361 1370 1388 1392 1451 1468 1513 1514
45: 1739 1744 1751 1791 1793 1830 1839 1852 1855 1864 1925 1956 1961 1970 1980 2024 2086 2091 2096 2117 2121 2170 2182 2232 2237 2247 2258 2262 2263 2275 2282 2331 2365 2371 2379 2401 2406 2407 2414 2444 2450 2454 2458 2479 2489 2538 2556 2578 2590 2624 2650 2651 2653 2660 2671 2698 2702 2704 2706 2709 2710
46: 1740 1789 1795 1808 1817 1822 1825 1866 1913 1921 1995 2020 2046 2047 2063 2064 2071 2088 2161 2215 2222 2292 2346 2376 2394 2434 2439 2463 2487 2501 2540 2595 2636 2666 2669
47: 1741 1748 1781 1819 1844 2009 2036 2160 2174 2188 2271 2341 2348 2384 2433
48: 1742 1769 1815 1818 1853 1875 1880 1891 1906 1920 1933 1942 1958 1960 1967 1997 2029 2033 2062 2066 2067 2068 2101 2106 2129 2135 2137 2139 2149 2158 2169 2173 2231 2235 2236 2240 2251 2257 2281 2289 2307 2313 2315 2323 2337 2342 2413 2415 2451 2472 2512 2515 2519 2543 2587 2607 2615 2626 2637 2686 2703 2716
49: 1743 1762 1782 1809 1816 1849 1893 1935 1940 1948 1966 1999 2026 2040 2077 2118 2124 2127 2145 2166 2177 2183 2203 2220 2233 2264 2309 2311 2332 2347 2352 2393 2412 2423 2436 2437 2462 2464 2468 2502 2507 2525 2532 2560 2592 2599 2632 2633 2645 2658 2663 2678 2679 2685 2700 2705 2724 2728
50: 1745 1771 1780 1859 1860 2023 2030 2055 2283 2310 2324 2344 2381 2409 2441 2491 2605 2622
51: 1746 1760 1765 1777 1792 1806 1813 1824 1828 1836 1840 1851 1872 1874 1883 1886 1902 1914 1915 1926 1978 1987 2004 2006 2041 2069 2084 2099 2107 2200 2202 2209 2273 2278 2302 2325 2330 2334 2339 2351 2357 2382 2387 2411 2474 2478 2484 2493 2500 2521 2553 2610 2620 2670 2687 2699 2714 2723 2725
52: 1747 1784 1790 1794 1833 1848 1922 1985 1998 2042 2045 2079 2092 2098 2103 2114 2122 2134 2156 2189 2195 2213 2217 2260 2305 2328 2354 2385 2399 2417 2421 2426 2431 2473 2509 2564 2569 2581 2589 2631 2655 2656 2675 2690 2715
53: 1749 1759 1835 1937 1950 1986 1990 1994 2003 2007 2095 2105 2116 2180 2221 2246 2261 2308 2353 2355 2373 2374 2483 2499 2597
54: 1750 1796 1861 1869 1876 1927 1974 2078 2198 2272 2296 2318 2438
55: 1752 1757 1820 1850 1879 1928 2058 2059 2087 2123 2155 2208 2274 2345 2440 2505 2520 2546 2557 2606 2608 2616 2629 2630 2635
56: 1753 1858 1909 1972 2010 2125 2132 2245 2317 2327 2383 2457 2467 2488 2513 2533
57: 1754 1766 1803 1812 1831 1837 1873 1919 1951 1952 1969 1991 2075 2093 2111 2143 2175 2178 2199 2207 2268 2301 2306 2314 2360 2403 2410 2446 2516 2534 2618 2647
58: 1755 1884 1910 2005 2049 2151 2168 2211 2284 2319 2448 2514 2537 2549 2562
59: 1756 1761 1798 1900 1949 1964 2022 2191 2204 2329 2349 2377 2388
60: 1758 1764 1800 1889 2060 2152 2212 2218 2270 2361 2369 2477
61: 1763 1768 1775 1797 1802 1807 1810 1845 1847 1854 1865 1878 1890 1897 1903 1917 1929 1932 1939 1962 1963 1983 2017 2018 2021 2031 2034 2037 2048 2051 2057 2108 2112 2120 2148 2150 2159 2164 2181 2201 2210 2225 2226 2238 2242 2243 2250 2276 2286 2291 2297 2304 2322 2333 2370 2389 2398 2424 2425 2427 2432 2442 2469 2470 2511 2522 2526 2531 2552 2558 2572 2577 2603 2611 2617 2640 2641 2652 2664 2676 2682 2701 2708 2711 2718
62: 1767 1821 1832 1892 1899 1901 1905 1912 1916 1918 1955 1973 1976 1977 1979 1984 2000 2013 2039 2054 2072 2141 2144 2171 2196 2214 2216 2227 2234 2277 2280 2287 2300 2350 2358 2367 2375 2378 2396 2418 2459 2460 2461 2475 2481 2554 2566 2604 2619 2621 2627 2639 2684 2693 2696 2712 2719 2721 2726 2727
63: 1770 1786 1788 1799 1823 1834 1842 1868 1870 1871 1877 1894 1907 1947 2002 2008 2019 2028 2044 2052 2056 2065 2070 2100 2115 2128 2147 2153 2165 2228 2230 2241 2244 2259 2267 2279 2285 2359 2362 2364 2395 2419 2486 2492 2494 2524 2529 2541 2561 2563 2570 2571 2582 2588 2623 2625 2634 2638 2720 2729
64: 1772 1778 1805 1827 1856 1885 1930 1941 1945 1953 1954 1975 1981 2001 2016 2035 2089 2097 2104 2109 2133 2140 2219 2249 2265 2372 2386 2390 2391 2471 2482 2510 2528 2536 2547 2568 2573 2584 2591 2600 2602 2609 2614 2642 2644 2661 2673 2681 2688 2691 2695 2707 2722
65: 1773 1882 1888 1911 1931 1934 2038 2043 2113 2130 2136 2176 2185 2205 2288 2312 2321 2366 2422 2443 2445 2465 2480 2555 2579 2593 2613 2654 2657 2662 2665 2680 2683
66: 1774 1826 1829 1841 1843 1863 1881 1887 1895 1908 1923 1936 1938 1944 1946 1957 1982 1988 1989 1993 1996 2011 2027 2032 2050 2082 2083 2090 2094 2102 2110 2119 2142 2146 2154 2157 2162 2172 2179 2184 2187 2192 2193 2206 2248 2253 2255 2256 2266 2293 2295 2299 2303 2320 2338 2340 2343 2356 2363 2368 2380 2392 2408 2416 2420 2435 2455 2466 2490 2495 2497 2503 2517 2518 2545 2548 2550 2551 2559 2565 2574 2580 2594 2596 2598 2628 2643 2646 2649 2674 2677 2689 2692 2697 2713 2717
67: 1776 1787 1862 2012 2081 2126 2194 2224 2294 2400 2402 2428 2447 2485
68: 1779 1811 1838 1867 1896 1898 1968 1971 2061 2138 2163 2197 2223 2252 2254 2335 2404 2429 2430 2452 2453 2476 2506 2508 2523 2527 2544 2575 2585 2586 2648 2667 2668 2672 2694
69: 1783 1804 1904 1943 1959 1965 2015 2076 2085 2167 2186 2190 2239 2269 2290 2316 2336 2405 2456 2498 2530 2539 2542 2583 2601 2659
70: 1785 1801 1814 1846 1857 1924 1992 2014 2025 2053 2073 2074 2080 2131 2229 2298 2326 2397 2449 2496 2504 2535 2567 2576 2612
71: 2730 2736 2749 2757 2804 2805 2811 2815 2861 2882 2922 2976 2989 3005 3011 3018 3028 3050 3088 3100 3181 3196 3219
72: 2731 2765 2772 2799 2821 2838 2841 2842 2866 2967 2980 3002 3030 3076 3094 3102 3135 3174
73: 2732 2776 2784 2851 2852 2907 3014 3021 3075 3092 3110 3154
74: 2733 2758 2810 2892 2895 2920 2937 2940 2979 3001 3016 3017 3045 3081 3093 3143 3169 3173 3178 3192 3210 3233
75: 2734 2785 2788 2791 2793 2797 2846 2890 2904 2910 2942 2946 2961 2968 2997 3007 3035 3040 3042 3043 3146 3163 3167 3180 3191 3199 3202 3203 3214 3215 3216 3227 3228 3237 3242 3249 3260
76: 2735 2741 2760 2790 2807 2812 2822 2832 2844 2881 2891 2901 2908 2913 2918 2936 3031 3032 3063 3069 3096 3097 3105 3123 3127 3130 3139 3142 3151 3175 3184 3189 3224 3230 3232 3239 3248 3253 3258 3265
77: 2737 2751 2754 2759 2764 2766 2792 2803 2828 2836 2837 2839 2857 2864 2874 2875 2906 2952 2978 2983 2996 3008 3010 3020 3023 3038 3046 3048 3052 3056 3062 3067 3068 3083 3104 3106 3124 3141 3165 3183 3185 3190 3198 3209 3213 3218 3222 3244 3251 3273 3274 3276 3277 3282
78: 2738 2748 2809 2826 2831 2868 2896 2897 2899 2902 2909 2921 2924 2939 2972 2973 2985 3027 3053 3054 3070 3109 3120 3121 3134 3149 3182 3204 3205 3207 3226 3240
79: 2739 2777 2778 2781 2783 2786 2795 2796 2840 2855 2858 2871 2889 2932 2941 2945 2984 2993 2995 3022 3051 3064 3065 3072 3073 3079 3084 3085 3086 3087 3115 3138 3200 3225 3234 3238 3243 3257 3261 3262 3264 3271
80: 2740 2763 2814 2863 2879 2884 2893 2916 2917 2928 2948 2970 3019 3029 3055 3060 3091 3112 3117 3140 3195
81: 2742 2745 2750 2756 2761 2767 2780 2794 2801 2818 2823 2825 2848 2859 2865 2877 2894 2911 2915 2930 2934 2944 2951 2953 2969 2971 2977 2981 2986 2987 2998 3003 3013 3026 3034 3044 3057 3058 3071 3078 3095 3098 3103 3111 3113 3114 3132 3133 3144 3145 3147 3156 3157 3159 3193 3201 3211 3212 3217 3221 3223 3241 3245 3247 3250 3254 3255 3259 3263 3266 3268 3269 3278 3279 3280 3281
82: 2743 2747 2755 2773 2789 2813 2816 2820 2833 2860 2885 2886 2903 2927 2947 2950 2955 2974 2991 3059 3116 3131 3148 3158 3161 3176 3187 3246 3252
83: 2744 2768 2830 2878 2880 2883 2925 2949 3006 3041 3107 3126
84: 2746 2779 2819 2829 2835 2853 2919 2933 2982 3037 3049 3150 3164
85: 2752 2770 2775 2782 2798 2802 2817 2824 2843 2872 2873 2888 2900 2914 2923 2926 2935 2943 2954 2959 2960 2965 2992 3000 3015 3024 3036 3039 3061 3066 3080 3090 3108 3118 3122 3125 3128 3129 3136 3137 3153 3155 3168 3171 3186 3206 3208 3220 3229 3231 3235 3236 3256 3267 3270 3272 3275
86: 2753 2762 2769 2774 2849 2862 2876 2898 2905 2931 2958 2963 3004 3025 3101 3119 3152 3170 3177 3194
87: 2771 2787 2800 2808 2850 2887 2957 2964 2975 2994 3074 3077 3162 3179 3188 3197
88: 2806 2834 2856 2869 2870 2912 2938 2956 2962 2966 3012 3099
89: 2827 2845 2847 2854 2867 2929 2988 2990 2999 3009 3033 3047 3082 3089 3160 3166 3172
90: 3283 3286 3290 3293 3294 3299 3301 3303 3307 3308 3309 3314 3317 3318 3320 3322 3323 3324 3326 3328 3329 3331 3333 3336 3338 3339 3344 3346 3349 3352 3356 3357 3362 3365 3366 3368 3376 3380 3383 3384 3385 3390 3393 3396 3399 3401 3405 3406 3410 3411 3420 3423 3424 3425 3429 3432 3435 3438 3439 3440 3442 3443 3445 3446 3447 3450 3457 3458 3466 3468 3471 3472 3475 3479 3481 3489 3491 3494 3495 3496 3497
91: 3284 3285 3287 3295 3298 3300 3304 3305 3311 3312 3315 3316 3330 3334 3335 3337 3342 3343 3345 3348 3353 3359 3361 3363 3364 3367 3370 3371 3372 3378 3379 3381 3382 3388 3389 3392 3395 3398 3402 3403 3404 3407 3412 3417 3419 3421 3422 3426 3427 3428 3434 3436 3437 3444 3449 3453 3454 3455 3459 3462 3464 3467 3470 3473 3474 3477 3478 3484 3485 3486 3488 3490 3492 3493
92: 3288 3291 3292 3306 3313 3319 3325 3327 3360 3386 3387 3397 3400 3431 3441 3448 3460 3461
93: 3289 3296 3297 3302 3310 3321 3332 3340 3341 3347 3350 3351 3354 3355 3358 3369 3373 3374 3375 3377 3391 3394 3408 3409 3413 3414 3415 3416 3418 3430 3433 3451 3452 3456 3463 3465 3469 3476 3480 3482 3483 3487
94: 3498 3508 3513 3644 3646 3683 3685 3701 3768 3785 3789 3825 3842 3858 3860 3865 3925 3938 3965 3999 4008 4070 4079 4121 4125
95: 3499 3503 3511 3524 3526 3527 3533 3535 3538 3543 3547 3552 3576 3579 3588 3598 3601 3612 3613 3632 3634 3674 3684 3687 3699 3705 3706 3707 3721 3723 3730 3732 3733 3742 3744 3751 3757 3770 3788 3796 3810 3811 3812 3827 3829 3846 3850 3863 3874 3876 3881 3903 3912 3917 3937 3942 3954 3956 3968 3978 3988 3995 4000 4010 4021 4028 4044 4045 4047 4051 4059 4080 4088 4091 4100 4112 4115 4120 4123 4128 4132 4138 4139 4140 4150 4154 4175 4186 4189 4192 4194
96: 3500 3506 3537 3544 3667 3698 3708 3718 3758 3801 3840 3841 3875 3889 3963 3983 3989 4007 4040 4041 4046 4064 4073 4094 4114
97: 3501 3505 3515 3518 3519 3521 3553 3559 3570 3608 3614 3623 3626 3630 3631 3636 3658 3678 3681 3712 3713 3746 3762 3774 3784 3799 3817 3832 3837 3843 3852 3854 3862 3877 3885 3914 3919 3922 3924 3931 3962 3969 3975 3979 3980 3982 3993 4006 4018 4026 4037 4043 4055 4056 4057 4076 4081 4085 4097 4102 4111 4122 4133 4137 4147 4151 4152 4156 4167 4168 4172 4176 4177 4181 4182 4183 4187 4191
98: 3502 3509 3541 3557 3562 3567 3569 3596 3604 3627 3640 3655 3663 3664 3673 3725 3755 3760 3786 3797 3813 3834 3839 3861 3918 3929 3998 4012 4066 4075 4107 4127 4136 4141 4164 4169
99: 3504 3542 3583 3622 3649 3652 3703 3722 3735 3738 3756 3776 3791 3819 3872 3895 3944 3947 3948 3952 3981 3992 4004 4023 4032 4039 4050 4053 4067 4093 4104 4110 4134 4158 4171 4173
100: 3507 3536 3549 3554 3571 3639 3647 3697 3745 3750 3754 3771 3772 3804 3933 3958 3970 3994 4049 4052
101: 3510 3516 3565 3578 3589 3610 3672 3680 3682 3691 3711 3767 3780 3781 3795 3809 3815 3823 3831 3864 3869 3887 3904 3957 3986 3987 4087 4103 4118 4124 4146 4159 4162
102: 3512 3520 3539 3580 3625 3717 3726 3736 3752 3753 3763 3766 3821 3826 3833 3880 3883 3888 3891 3909 3946 3961 3977 3990 4001 4084 4095 4096
103: 3514 3522 3525 3531 3574 3581 3582 3605 3607 3611 3618 3629 3659 3693 3695 3704 3715 3764 3775 3777 3782 3820 3892 3900 3913 3920 3921 3923 3941 3951 3960 3966 3972 3974 3991 4003 4005 4013 4027 4034 4086 4106 4113 4126 4130 4149 4157 4179 4184
104: 3517 3529 3548 3561 3586 3603 3620 3650 3657 3662 3670 3675 3688 3694 3696 3729 3787 3805 3828 3830 3845 3855 3873 3910 3911 3930 4002 4025 4029 4035 4063 4089 4105 4109 4144 4145
105: 3523 3568 3572 3602 3615 3635 3637 3638 3661 3720 3748 3779 3838 3851 3894 3950 3973 4036
106: 3528 3546 3587 3642 3653 3666 3669 3743 3769 3798 3808 3868 3902 3936 3997 4033 4042
107: 3530 3532 3534 3555 3564 3592 3599 3616 3676 3702 3724 3740 3747 3793 3818 3849 3853 3859 3866 3870 3886 3893 3897 3927 3984 3985 4014 4015 4054 4061 4099 4101 4119 4131 4148 4155 4163 4165 4166 4174 4180
108: 3540 3556 3563 3573 3577 3590 3591 3594 3597 3600 3609 3628 3648 3651 3656 3671 3677 3686 3700 3709 3716 3719 3728 3739 3741 3773 3783 3794 3803 3836 3844 3847 3848 3878 3882 3901 3907 3940 3945 3955 3964 3967 3996 4020 4022 4030 4048 4062 4065 4069 4077 4092 4116 4129 4142 4143 4153 4160 4161 4170 4178 4185 4188 4190 4193
109: 3545 3584 3621 3624 3665 3679 3689 3734 3761 3824 3867 3890 3896 4024
110: 3550 3558 3606 3619 3633 3643 3692 3759 3778 3816 3905 3926 3935 3959 3971 4011 4038 4060 4071 4090 4098
111: 3551 3560 3593 3645 3710 3714 3731 3765 3790 3792 3800 3807 3835 3857 3871 3898 3906 3908 3943 3949 3976 4016 4017 4031 4072 4074 4083 4108 4117 4135
112: 3566 3575 3660 3690 3727 3806 3814 3822 3856 3916 3928 3934 3939 4019 4058 4078 4082
113: 3585 3595 3617 3641 3654 3668 3737 3749 3802 3879 3884 3899 3915 3932 3953 4009 4068
114: 4195 4208 4227 4303 4308 4328 4355 4372 4379 4418 4419 4422 4443 4457
115: 4196 4212 4214 4215 4217 4222 4223 4226 4230 4244 4245 4248 4252 4253 4266 4267 4268 4269 4270 4276 4280 4281 4284 4289 4293 4294 4301 4305 4307 4309 4310 4313 4314 4316 4317 4323 4324 4326 4332 4335 4337 4340 4341 4342 4356 4358 4361 4363 4365 4368 4374 4378 4381 4382 4385 4397 4399 4421 4423 4425 4428 4437 4441 4447 4452 4462 4463 4464 4472 4474 4475 4476 4483 4497 4501 4503 4504 4505 4506 4509 4515 4518 4522 4525 4526 4527 4530 4531 4534 4535 4537 4541 4542
116: 4197 4203 4251 4255 4260 4262 4318 4322 4350 4352 4387 4407 4436
117: 4198 4206 4211 4219 4224 4228 4231 4237 4238 4241 4242 4247 4249 4250 4257 4259 4263 4264 4265 4271 4274 4275 4277 4278 4279 4285 4287 4295 4296 4297 4304 4312 4315 4319 4327 4330 4343 4345 4349 4351 4353 4364 4376 4384 4386 4390 4391 4393 4394 4395 4396 4401 4403 4405 4410 4413 4414 4424 4427 4432 4440 4442 4446 4448 4449 4450 4451 4453 4458 4459 4467 4468 4481 4488 4493 4494 4495 4498 4500 4502 4508 4512 4516 4520 4528 4529 4532 4533 4539 4540
118: 4199 4200 4201 4202 4204 4205 4207 4209 4213 4220 4221 4225 4229 4233 4234 4235 4239 4240 4246 4254 4258 4272 4273 4282 4283 4286 4291 4292 4299 4300 4302 4311 4320 4331 4336 4344 4346 4348 4354 4362 4369 4370 4371 4375 4377 4380 4383 4388 4389 4392 4402 4404 4408 4409 4412 4415 4417 4426 4429 4430 4433 4434 4435 4438 4439 4445 4454 4465 4466 4470 4473 4477 4478 4479 4480 4484 4485 4486 4487 4489 4490 4492 4507 4510 4511 4513 4514 4519 4523 4524 4536 4538
119: 4210 4216 4236 4243 4256 4290 4298 4325 4333 4334 4338 4347 4357 4359 4367 4373 4398 4400 4416 4420 4431 4444 4456 4460 4461 4469 4471 4482 4491 4496 4499 4517 4521
120: 4218 4232 4261 4288 4306 4321 4329 4339 4360 4366 4406 4411 4455
121: 4543 4544 4554 4557 4560 4567 4568 4571 4572 4573 4579 4580 4601 4611 4614 4622 4623 4624 4627 4631 4632 4643 4654 4674 4675 4689 4690 4699 4712 4713 4714 4716 4719 4720 4729 4735 4736 4737 4739 4741 4746 4749 4755 4760 4762 4769 4776 4778 4780 4789 4798 4803 4807 4809 4812 4816 4834 4835 4840 4841 4845 4848 4849 4852 4856 4858 4863 4871 4872 4881 4892 4894 4900 4901 4915 4928 4929 4931 4940 4946 4950 4956 4959 4961 4967 4968 4970 4972 4973 4977 4979 4980 4982 4989 4991 4992 4993 4995 4996
122: 4545 4566 4574 4585 4593 4616 4625 4626 4656 4661 4671 4677 4678 4691 4697 4717 4787 4791 4799 4829 4843 4855 4859 4875 4885 4897 4910 4914 4933 4949 4951 4975
123: 4546 4548 4583 4588 4591 4594 4597 4599 4608 4641 4651 4657 4660 4673 4692 4708 4738 4742 4743 4745 4779 4782 4811 4824 4828 4837 4838 4861 4873 4882 4883 4888 4891 4912 4924 4934 4937 4941 4954 4955 4974 4981 4985 4986
124: 4547 4563 4564 4565 4569 4582 4600 4607 4613 4615 4617 4628 4634 4637 4645 4646 4647 4648 4649 4664 4682 4687 4695 4696 4704 4709 4710 4711 4715 4721 4724 4725 4733 4734 4740 4754 4763 4764 4766 4772 4773 4783 4790 4793 4794 4795 4800 4801 4817 4842 4844 4847 4853 4862 4865 4867 4870 4878 4887 4890 4906 4907 4908 4911 4917 4921 4923 4925 4926 4932 4938 4942 4943 4944 4947 4952 4953 4958 4960 4963 4966 4969 4976 4978 4984 4987 4988 4990 4994 4997 4998 4999
125: 4549 4550 4558 4561 4584 4586 4592 4602 4603 4606 4609 4618 4619 4620 4621 4630 4659 4667 4680 4683 4694 4698 4702 4707 4726 4752 4756 4759 4768 4777 4806 4810 4813 4815 4836 4854 4857 4868 4877 4884 4903 4935 4957 4965
126: 4551 4575 4578 4581 4612 4640 4653 4658 4684 4700 4751 4765 4802 4823 4825 4866 4886 4909 4918 4939 4945
127: 4552 4598 4604 4605 4663 4669 4672 4679 4693 4701 4774 4818 4899 4913 4919 4927
128: 4553 4570 4655 4666 4676 4722 4730 4747 4767 4775 4784 4804 4805 4819 4820 4874 4895 4896 4904
129: 4555 4576 4587 4642 4670 4731 4770 4827 4851 4869 4876 4889
130: 4556 4577 4589 4590 4596 4636 4638 4639 4652 4662 4665 4668 4685 4686 4703 4718 4723 4727 4744 4758 4785 4786 4792 4797 4814 4826 4830 4831 4833 4860 4864 4879 4880 4898 4902 4922 4930 4936 4948 4962 4964 4971 4983
131: 4559 4562 4610 4629 4635 4705 4706 4732 4748 4757 4761 4822 4832 4846 4850 4893 4916 4920
132: 4595 4633 4644 4650 4681 4688 4728 4750 4753 4771 4781 4788 4796 4808 4821 4839 4905
