0: 0 9 33 53 146 160 181 208 258 272 275 278 295 302 306 351
1: 1 8 29 38 93 115 183 196 204 214 235 247 280 282 298 304 310 323
2: 2 6 10 14 23 24 52 68 76 87 89 90 92 103 106 108 111 126 139 148 149 155 158 162 164 169 176 180 182 195 200 203 205 207 209 212 218 219 232 233 241 243 245 255 261 262 265 271 274 284 292 303 305 308 320 321 324 330 337 339 340 345 346 350 354 358 369 370 373 379 383 385 387 388 389 401 406 407 410 418 423 424 425 432 439 447 448
3: 3 11 16 17 35 37 46 49 54 59 70 74 84 88 98 102 112 119 152 156 157 166 168 174 190 201 229 239 242 252 254 257 259 266 267 269 276 283 293 300 311 318 331 334 348 349 360 363 365 366 372 392 393 394 395 405 416 426 435 436
4: 4 5 39 43 77 82 100 117 177 327 336
5: 7 15 20 22 40 42 47 72 79 86 114 140 143 147 163 322 353 376 382 391 402
6: 12 13 18 25 30 31 34 41 48 51 63 64 65 71 78 96 99 120 122 129 131 137 150 153 161 165 170 171 172 179 187 191 192 194 202 216 220 226 234 238 240 244 248 264 273 277 279 285 286 287 291 299 301 316 317 319 325 335 361 371 384 386 396 403 412 415 420 428 429 433 437 441 445
7: 19 58 85 91 113 127 175 206 297 315
8: 21 45 56 60 61 66 73 95 116 132 145 184 185 186 221 268 309 313 338
9: 26 27 57 81 97 121 151 159 167 215 225 230 237 250 263 296 307 312 329 333 341 343 352 356 375 378 380 400 404 413 419 422 431 434 438 440 442 444 446
10: 28 32 55 69 80 83 104 105 109 133 134 138 142 173 188 193 199 210 213 222 223 231 236 260 281 289 294 328 344 347 357 359 367 377 381 397 399 408 409 411 417 421 427 430 443
11: 36 44 75 101 110 118 128 154 178 189 198 227 251 355 374
12: 50 62 94 123 136 144 246 256 270 288 342 364
13: 67 107 124 125 130 135 141 197 211 217 224 228 249 253 290 314 326 332 362 368 390 398 414
14: 449 450 454 460 465 488 490 503 513 516 518 521 538 546 548 562 564 566 567 570 575 578 588 594 614 628 642 648 651 661 662 669 670 672 692 712 729 735 736 747 749 774 787 801 818 837 849 851 857 860 875 894 905 909 923 938 942 959 969 970 971 977 989 998 999 1006 1008 1014 1016 1025 1029 1042 1052 1057 1060 1069 1070 1071 1080 1089 1099 1104 1107 1108 1116 1122 1137 1140 1151 1154 1161 1164 1168 1179
15: 451 468 473 483 486 491 492 504 507 515 556 579 580 582 590 595 609 621 637 639 643 649 656 663 671 676 688 697 702 706 734 753 761 793 820 831 844 854 865 868 871 878 888 890 893 895 899 903 906 907 919 921 922 925 927 929 930 937 939 953 955 956 973 1011 1012 1018 1028 1035 1046 1047 1053 1056 1075 1076 1092 1098 1102 1112 1118 1123 1126 1131 1133 1141 1149 1163 1167 1180 1181 1182 1183 1186 1187
16: 452 457 477 493 512 519 527 537 551 559 560 572 574 581 605 612 618 625 632 633 640 641 647 652 665 673 686 707 730 731 737 751 754 758 779 780 782 789 797 803 804 809 812 814 817 819 830 832 836 840 841 856 861 884 918 933 948 951 965 967 991 1013 1015 1021 1026 1027 1033 1036 1037 1063 1079 1081 1082 1103 1114 1134 1136 1155 1159 1184 1185
17: 453 455 461 467 479 489 496 520 528 529 532 536 557 573 599 610 611 616 626 645 646 653 690 693 696 699 704 721 727 733 743 781 790 795 798 802 826 827 829 833 834 835 855 870 877 891 898 936 940 941 944 945 958 966 974 975 979 987 988 1031 1049 1055 1062 1065 1066 1078 1086 1111 1113 1115 1117 1138 1142 1146 1147 1150 1158 1166 1169 1172 1173 1176 1177
18: 456 466 476 484 485 505 524 552 555 563 571 584 585 591 602 631 634 657 668 675 685 709 715 725 739 744 746 752 762 765 767 785 792 800 821 823 825 852 879 883 892 902 904 910 915 920 946 949 957 968 992 1007 1023 1038 1039 1072 1073 1119 1120 1125 1143 1152 1160 1162 1178
19: 458 478 511 543 558 589 617 620 622 629 680 682 705 710 728 769 770 775 778 784 810 838 867 897 928 935 943 996 1000 1084 1095 1100 1121 1148 1170 1174
20: 459 523 530 583 644 674 678 695 742 863 880 908 913 964
21: 462 463 481 526 553 561 596 601 607 623 624 660 684 698 716 745 772 788 811 813 816 872 900 911 914 917 1109 1127 1128 1130
22: 464 472 474 499 501 547 549 550 568 576 592 635 650 655 666 681 694 750 766 783 806 815 842 862 864 916 924 962 978 997 1004 1090 1153
23: 469 604 606 664 720 776 843 848 859 869 882 926 1024
24: 470 471 494 500 593 627 638 687 689 708 723 740 786 794 858 1043 1088
25: 475 495 509 510 514 525 539 541 586 677 683 703 714 718 722 763 768 773 873 874 881 912 934 952 963 972 980 990 1022 1044 1048 1054 1094 1105 1110 1135 1139 1145 1165
26: 480 502 522 577 600 619 630 679 691 713 717 759 760 822 828 1001 1017 1034 1041 1045 1059 1074
27: 482 508 531 533 540 542 554 565 569 597 608 615 700 701 726 738 741 764 771 791 799 805 845 846 866 876 885 886 896 901 932 950 954 986 993 1002 1010 1020 1032 1064 1093 1096 1129 1132 1144 1156 1157 1171 1175
28: 487 517 534 535 545 598 603 636 711 719 732 748 757 887 931 960 961 976 981 983 994 995 1003 1005 1009 1030 1040 1050 1058 1061 1068 1085 1087 1091 1097 1106 1124
29: 497 544 587 613 658 659 724 796 808 839 847 850 853 889 984 985 1019 1083
30: 498 506 654 667 755 756 777 807 824 947 982 1051 1067 1077 1101
31: 1188 1212 1253 1254 1292 1404 1467 1757 1769 1784 1820 1862 1892 1895 1932 1947 1976 2015 2020 2050 2056
32: 1189 1196 1202 1228 1277 1286 1320 1422 1437 1443 1516 1530 1566 1571 1611 1698 1743 1744 1746 1824 1861 1904 1935 1959 1998 2038 2045 2059 2063 2086
33: 1190 1209 1211 1219 1226 1267 1295 1302 1305 1318 1350 1402 1423 1472 1532 1597 1633 1639 1701 1714 1716 1775 1804 1810 1822 1881 1883 1899 2025 2054 2094
34: 1191 1258 1311 1381 1471 1535 1584 1605 1635 1692 1837 1928
35: 1192 1200 1205 1206 1279 1291 1294 1297 1303 1328 1339 1406 1444 1447 1480 1491 1492 1502 1511 1514 1521 1523 1554 1581 1595 1652 1654 1656 1670 1681 1707 1791 1809 1811 1815 1823 1829 1830 1843 1876 1884 1893 1920 1961 1962 1963 1977 1982 2008 2022 2047 2055 2078 2085 2088 2090 2093
36: 1193 1207 1240 1271 1319 1330 1340 1349 1365 1394 1398 1405 1408 1409 1439 1458 1461 1474 1481 1487 1505 1518 1533 1534 1540 1579 1603 1613 1626 1684 1713 1717 1720 1729 1760 1786 1796 1803 1828 1836 1840 1841 1845 1848 1850 1852 1869 1872 1941 1955 1957 1978 2012 2021 2024 2060 2066 2074 2083 2087 2097 2098 2100 2107 2110 2115
37: 1194 1246 1293 1296 1321 1352 1418 1441 1452 1454 1462 1485 1495 1500 1576 1588 1596 1608 1616 1643 1649 1665 1704 1715 1725 1821 1826 1868 1878 1905 1908 1917 2006 2011 2082
38: 1195 1198 1218 1245 1252 1284 1290 1298 1308 1310 1387 1414 1419 1434 1436 1440 1448 1470 1477 1478 1479 1483 1489 1515 1517 1539 1545 1615 1627 1642 1644 1659 1667 1671 1733 1742 1780 1781 1789 1797 1801 1807 1817 1838 1842 1856 1875 1888 1896 1901 1910 1923 1926 1931 1938 1949 1967 1986 1993 2018 2035 2049 2051 2061 2062 2067 2071 2073
39: 1197 1244 1249 1274 1282 1289 1309 1344 1345 1369 1425 1428 1431 1435 1464 1466 1475 1488 1493 1503 1519 1522 1525 1528 1538 1543 1549 1556 1558 1572 1575 1586 1612 1618 1631 1647 1648 1651 1657 1680 1697 1706 1723 1731 1768 1783 1788 1800 1814 1816 1866 1880 1897 1913 1919 1934 1943 1974 1975 1983 1991 2014 2028 2030 2046 2058 2076 2077 2117
40: 1199 1204 1210 1231 1243 1261 1262 1264 1265 1272 1314 1346 1356 1361 1364 1370 1376 1386 1401 1432 1442 1455 1465 1494 1498 1524 1542 1560 1577 1619 1624 1675 1679 1693 1696 1700 1728 1732 1739 1759 1770 1771 1834 1854 1858 1879 1887 1909 1916 1918 1927 1952 1958 1997 2010 2016 2023 2027 2043 2052 2057 2064 2070 2072 2080 2102 2104 2113
41: 1201 1221 1224 1236 1239 1255 1259 1276 1306 1324 1336 1351 1353 1384 1385 1396 1412 1415 1453 1460 1473 1486 1490 1507 1520 1536 1551 1559 1563 1578 1591 1607 1609 1621 1638 1653 1658 1668 1676 1686 1709 1749 1750 1765 1773 1787 1793 1794 1798 1806 1819 1857 1865 1870 1891 1903 1914 1936 1937 1939 1940 1951 1960 1965 1969 1995 2001 2002 2019 2034 2048 2075 2079 2099 2108 2109 2112 2114
42: 1203 1214 1288 1371 1446 1593 1614 1625 1711 1735 1745 1756 1898 1911 1964
43: 1208 1217 1222 1227 1241 1247 1269 1270 1275 1299 1304 1331 1333 1334 1354 1359 1362 1366 1392 1393 1413 1420 1421 1433 1450 1468 1504 1506 1547 1570 1574 1594 1600 1610 1634 1641 1661 1678 1689 1690 1694 1705 1721 1738 1741 1747 1755 1779 1792 1799 1805 1827 1833 1851 1885 1886 1900 1906 1948 1966 1980 1981 1985 1994 1999 2005 2009 2017 2031 2036 2037 2040 2041 2044 2069 2081 2089 2096 2101 2111
44: 1213 1223 1235 1273 1283 1341 1388 1417 1677 1754 1763 1764 1766 1835 1950
45: 1215 1225 1229 1250 1260 1263 1300 1317 1323 1332 1343 1348 1367 1368 1391 1424 1459 1469 1476 1509 1510 1531 1548 1557 1561 1617 1623 1636 1645 1646 1660 1662 1669 1682 1708 1710 1722 1724 1727 1802 1844 1860 1864 1871 1902 1930 1996 2000 2042 2065 2091 2103 2105 2116
46: 1216 1301 1329 1360 1363 1390 1403 1411 1449 1456 1569 1813 1945
47: 1220 1268 1281 1342 1373 1378 1382 1383 1399 1427 1496 1508 1513 1537 1550 1564 1604 1674 1683 1736 1740 1776 1808 1863 1867 1954 2003 2007 2026 2095 2106
48: 1230 1251 1257 1312 1316 1326 1327 1347 1358 1379 1397 1410 1416 1430 1568 1573 1580 1640 1688 1718 1767 1790 1890 1922 1942 1946 1970 1972 2029 2039 2068 2092
49: 1232 1315 1380 1389 1395 1445 1565 1583 1592 1599 1606 1691
50: 1233 1278 1307 1377 1426 1482 1484 1527 1587 1601 1663 1795 1812 1825 1839 1849 1853 1859 1873 1915 1921 1971 1989
51: 1234 1266 1375 1400 1620 1650 1655 1695 1748 1782 1832 1889 1894 1925 1990
52: 1237 1256 1555 1567 1585 1672 1703 1778 1877 1907 1968
53: 1238 1325 1529 1546 1589 1598 1628 1719 1761 1772 1777 1912
54: 1242 1287 1322 1429 1463 1526 1553 1562 1632 1666 1685 1687 1730 1992
55: 1248 1285 1313 1407 1438 1457 1499 1541 1582 1622 1630 1699 1751 1753 1758 1762 1818 1846 1933 1953 1979 2004 2032 2033
56: 1280 1374 1497 1512 1544 1629 1637 1726 1737 1752 1831 1855 1874 1882 1944
57: 1335 1337 1338 1355 1357 1372 1451 1501 1552 1590 1602 1664 1673 1702 1712 1734 1774 1785 1847 1924 1929 1956 1973 1984 1987 1988 2013 2053 2084
58: 2118 2126 2165 2175 2197 2199 2208 2213 2235 2276 2277 2282 2315 2376 2398 2467 2489 2500 2501 2550 2646 2674 2679 2704 2718 2730 2735 2777 2780 2814 2904 2911 2918 2951 2954 2974
59: 2119 2152 2305 2317 2336 2396 2479 2545 2616 2686
60: 2120 2132 2135 2146 2150 2194 2203 2225 2226 2239 2245 2254 2261 2262 2272 2274 2281 2286 2299 2302 2303 2307 2314 2316 2321 2331 2332 2343 2379 2380 2414 2440 2441 2463 2472 2482 2487 2503 2517 2518 2554 2556 2562 2567 2570 2577 2580 2585 2589 2590 2605 2619 2636 2644 2647 2653 2659 2681 2682 2684 2694 2698 2714 2738 2741 2769 2779 2792 2801 2819 2852 2853 2869 2884 2885 2892 2898 2903 2914 2916 2934 2949 2953 2957 2966 2973 2987
61: 2121 2164 2221 2232 2240 2242 2263 2301 2324 2366 2392 2450 2478 2511 2513 2514 2526 2599 2705 2756 2764 2793 2837 2883 2889 2919 2932 2937 2956
62: 2122 2202 2219 2325 2406 2613 2617 2632 2660 2688 2753 2798
63: 2123 2145 2147 2148 2154 2157 2161 2163 2168 2212 2214 2223 2227 2228 2238 2255 2258 2266 2278 2284 2287 2295 2300 2310 2322 2330 2347 2389 2391 2394 2403 2415 2420 2444 2453 2455 2457 2476 2486 2536 2544 2558 2560 2564 2568 2569 2573 2593 2597 2610 2618 2622 2625 2645 2655 2658 2669 2677 2690 2696 2711 2720 2726 2731 2740 2742 2752 2754 2758 2802 2811 2828 2840 2842 2846 2847 2849 2860 2900 2930 2931 2936 2944 2952 2955 2960 2961 2962 2967 2969 2971 2975 2978 2980 2982
64: 2124 2142 2144 2167 2196 2234 2241 2275 2297 2311 2333 2337 2340 2342 2350 2351 2353 2375 2397 2416 2423 2424 2426 2437 2466 2473 2483 2502 2529 2549 2581 2594 2611 2638 2657 2667 2668 2670 2671 2734 2751 2759 2760 2784 2785 2786 2800 2862 2865 2877 2880 2881 2891 2895 2901 2910 2913 2915 2917 2922 2935 2939 2940 2959 2965 2968 2970 2972 2981
65: 2125 2130 2133 2200 2246 2251 2304 2344 2349 2355 2412 2448 2541 2542 2608 2629 2683 2824 2831 2854 2858 2868
66: 2127 2151 2176 2231 2259 2313 2335 2346 2357 2369 2371 2377 2388 2404 2407 2434 2521 2548 2571 2578 2633 2640 2641 2656 2678 2695 2699 2736 2743 2794 2835 2873 2890 2928 2933 2976
67: 2128 2131 2155 2156 2209 2211 2220 2288 2363 2365 2393 2417 2439 2462 2465 2490 2552 2563 2685 2697 2762 2804 2809 2838 2839 2857 2859 2912 2926 2947
68: 2129 2136 2172 2177 2410 2442 2452 2572 2673 2706 2739 2745 2773 2788 2826
69: 2134 2140 2195 2257 2260 2290 2327 2339 2374 2384 2390 2402 2445 2461 2492 2498 2504 2528 2532 2539 2579 2582 2606 2624 2665 2687 2722 2727 2774 2776 2796 2797 2817 2818 2836 2851 2886 2929 2946
70: 2137 2198 2247 2250 2265 2269 2289 2323 2345 2364 2370 2401 2418 2425 2432 2447 2464 2496 2499 2505 2506 2508 2510 2524 2530 2621 2637 2639 2661 2664 2709 2719 2737 2744 2750 2763 2850 2871 2882 2887 2927 2938 2963 2977
71: 2138 2184 2273 2285 2293 2318 2361 2383 2429 2456 2509 2534 2546 2576 2601 2716 2782 2813 2830 2899 2906
72: 2139 2179 2191 2233 2244 2264 2362 2428 2446 2469 2484 2551 2584 2588 2592 2603 2666 2703 2778 2781 2787 2812 2821 2833 2841 2902 2941 2948 2950
73: 2141 2160 2162 2243 2271 2292 2298 2338 2352 2367 2373 2422 2540 2623 2627 2676 2701 2725 2747 2770 2790 2822 2863 2920 2923
74: 2143 2171 2173 2181 2182 2207 2224 2319 2354 2359 2360 2382 2468 2565 2615 2626 2662 2723 2733 2771 2808 2894 2907 2925
75: 2149 2166 2169 2174 2186 2188 2190 2204 2210 2222 2237 2248 2253 2268 2270 2283 2291 2296 2326 2329 2341 2385 2386 2387 2400 2411 2427 2449 2454 2459 2485 2533 2535 2537 2538 2547 2557 2559 2574 2586 2591 2598 2602 2604 2607 2635 2649 2651 2691 2728 2729 2748 2761 2766 2775 2789 2799 2810 2823 2861 2864 2867 2876 2878 2888 2893 2942 2943 2979 2983
76: 2153 2180 2189 2215 2216 2218 2229 2356 2433 2451 2477 2527 2555 2566 2620 2642 2650 2672 2680 2702 2712 2755 2767 2795 2807 2815 2844 2896 2921
77: 2158 2205 2395 2430 2435 2583 2612 2652 2693 2746 2757 2783 2832 2848 2874
78: 2159 2201 2267 2368 2381 2419 2431 2458 2480 2543 2631 2634 2700 2708 2717 2825 2872 2875 2879 2905 2909
79: 2170 2206 2217 2256 2312 2334 2399 2409 2421 2436 2438 2443 2460 2474 2488 2493 2497 2507 2512 2516 2519 2531 2561 2600 2628 2648 2692 2710 2732 2749 2768 2772 2791 2816 2855 2870 2908 2924 2945 2958 2964 2984 2985 2986
80: 2178 2185 2187 2193 2252 2372 2378 2408 2413 2470 2495 2596 2614 2643 2675 2765 2806 2820 2827 2829 2834 2845
81: 2183 2192 2249 2308 2348 2405 2494 2515 2523 2525 2609 2630 2654 2713 2843 2866
82: 2230 2236 2279 2280 2309 2320 2358 2475 2491 2520 2663 2689
83: 2294 2306 2328 2471 2481 2522 2553 2575 2587 2595 2707 2715 2721 2724 2803 2805 2856 2897
84: 2988 2998 3025 3031 3044 3047 3053 3096 3100 3114 3118 3136 3147 3151 3173 3174 3177 3183 3187 3192 3205 3208 3213 3217 3232 3245 3247 3249 3251 3263 3266 3274 3279 3280 3291 3300 3310 3371 3398 3406 3409 3413 3416 3433 3451 3458 3461 3475 3476 3480 3491 3501 3508 3510 3511 3523 3524 3526 3553 3555 3563 3565 3583 3592 3594 3597 3623 3631 3636 3647 3654 3660 3662 3664 3665 3670
85: 2989 3030 3160 3215 3231 3270 3287 3389 3438 3456 3518 3537
86: 2990 2994 3000 3017 3026 3027 3032 3035 3040 3048 3050 3060 3070 3075 3079 3082 3083 3098 3099 3127 3129 3142 3143 3154 3176 3181 3188 3189 3191 3195 3196 3197 3202 3214 3234 3248 3252 3285 3301 3315 3323 3332 3336 3366 3382 3401 3403 3420 3428 3442 3450 3483 3485 3487 3488 3490 3499 3512 3515 3525 3528 3531 3539 3545 3550 3557 3566 3576 3577 3605 3617 3633 3634 3639 3642 3661 3666 3667 3668 3671 3678 3679 3680 3682
87: 2991 2995 3015 3019 3021 3037 3041 3042 3046 3054 3062 3074 3078 3090 3091 3094 3123 3153 3156 3179 3199 3230 3237 3244 3282 3289 3304 3316 3328 3329 3333 3390 3397 3446 3470 3477 3513 3514 3521 3530 3538 3556 3559 3567 3575 3578 3584 3591 3607 3608 3616 3637 3638 3641 3644 3657 3658 3681
88: 2992 3009 3016 3039 3066 3067 3085 3101 3107 3113 3115 3121 3124 3148 3170 3200 3221 3225 3235 3240 3253 3255 3256 3259 3260 3298 3305 3313 3357 3362 3365 3370 3374 3376 3385 3391 3393 3408 3418 3431 3444 3454 3457 3467 3481 3484 3496 3522 3551 3564 3581 3593 3601 3604 3609 3610 3619 3629 3648 3649 3656
89: 2993 3002 3003 3007 3018 3020 3023 3028 3034 3043 3056 3061 3069 3076 3089 3095 3112 3119 3120 3131 3139 3161 3185 3210 3212 3220 3222 3226 3236 3258 3267 3273 3288 3294 3309 3311 3314 3322 3325 3334 3350 3355 3363 3364 3381 3384 3399 3400 3415 3417 3423 3425 3436 3439 3443 3459 3469 3472 3478 3479 3492 3494 3498 3516 3536 3541 3543 3548 3552 3558 3568 3588 3596 3603 3606 3614 3621 3622 3628 3640 3646 3650 3651 3672 3675 3677 3683
90: 2996 3004 3012 3013 3049 3088 3117 3164 3193 3262 3292 3297 3319 3327 3335 3373 3388 3394 3402 3430 3463 3503 3509 3579
91: 2997 3038 3058 3081 3135 3203 3233 3286 3308 3342 3343 3353 3462 3468 3535 3542 3547 3599
92: 2999 3065 3116 3132 3157 3207 3218 3223 3228 3272 3277 3318 3337 3356 3411 3412 3455 3471 3473 3489 3506 3529 3534 3546 3580 3595 3611 3613 3635 3655 3659 3669
93: 3001 3036 3109 3144 3326 3338 3369 3377 3386 3392 3424 3445 3465 3495 3507 3562 3572 3574
94: 3005 3008 3011 3071 3072 3086 3092 3103 3104 3110 3122 3128 3133 3145 3158 3159 3166 3169 3175 3180 3186 3246 3264 3265 3281 3293 3295 3296 3303 3321 3330 3347 3351 3396 3410 3422 3432 3434 3452 3482 3497 3517 3549 3554 3571 3590 3602 3645 3652 3663
95: 3006 3077 3134 3171 3201 3229 3239 3379 3387 3405 3441 3449 3466 3519 3532
96: 3010 3033 3137 3182 3190 3243 3275 3341 3344 3352 3359 3361 3426 3493 3569
97: 3014 3022 3024 3051 3052 3102 3105 3111 3150 3168 3178 3198 3216 3224 3242 3254 3299 3307 3320 3354 3383 3435 3453 3486 3504 3505 3527 3582 3585 3586 3589 3624 3630 3643 3673 3674
98: 3029 3045 3059 3064 3087 3106 3108 3125 3140 3141 3155 3184 3206 3209 3219 3238 3257 3278 3283 3284 3302 3331 3339 3348 3368 3372 3375 3378 3419 3427 3437 3440 3447 3448 3460 3464 3540 3544 3560 3587 3600 3612 3615 3618 3620 3626 3627 3676
99: 3055 3068 3084 3126 3165 3167 3204 3250 3269 3340 3345 3358 3360 3404 3414 3429 3474 3502 3533 3573 3598 3625 3632 3653
100: 3057 3063 3093 3097 3130 3149 3152 3194 3268 3276 3367
101: 3073 3080 3138 3162 3172 3211 3227 3271 3317 3380 3395 3407 3500 3561
102: 3146 3163 3241 3261 3290 3306 3312 3324 3346 3349 3421 3520 3570
103: 3684 3688 3700 3782 3784 3806 3810 3865 3899 3919 3943 3952 3977 4015 4025 4078
104: 3685 3695 3731 3739 3741 3781 3789 3801 3827 3828 3882 3907 3949 3951 3957 3978 3996 4026 4048 4053 4054 4095 4097 4113 4128
105: 3686 3692 3694 3717 3724 3737 3746 3751 3758 3760 3775 3778 3780 3783 3800 3808 3817 3841 3855 3863 3868 3870 3873 3879 3881 3895 3903 3909 3923 3926 3934 3966 3968 3974 3985 3991 3993 4001 4007 4013 4020 4027 4029 4049 4052 4060 4065 4067 4071 4087 4088 4091 4096 4102 4119 4143 4145 4151 4152 4156
106: 3687 3691 3706 3721 3726 3736 3759 3770 3771 3773 3812 3824 3825 3829 3851 3854 3857 3864 3871 3878 3886 3889 3896 3912 3937 3938 3956 3975 3981 3983 3995 3998 4006 4011 4031 4042 4046 4047 4057 4066 4074 4082 4089 4090 4093 4103 4105 4107 4123 4127 4131 4140
107: 3689 3690 3718 3727 3742 3744 3752 3756 3762 3765 3769 3790 3793 3794 3799 3821 3822 3849 3853 3858 3859 3867 3869 3874 3904 3911 3927 3933 3935 3940 3941 3950 3953 3962 3987 3997 4018 4024 4033 4035 4051 4072 4085 4092 4100 4114 4124 4126 4129 4136 4139 4155
108: 3693 3723 3728 3743 3753 3766 3842 3880 4017 4028 4045 4063
109: 3696 3698 3704 3705 3713 3714 3715 3729 3730 3732 3734 3735 3738 3750 3754 3763 3768 3776 3779 3786 3791 3792 3795 3811 3819 3820 3834 3837 3839 3844 3845 3846 3847 3848 3856 3877 3885 3887 3888 3893 3894 3897 3900 3902 3905 3915 3917 3920 3921 3928 3930 3932 3939 3945 3948 3954 3955 3958 3963 3964 3967 3972 3976 3979 3986 3990 3994 4003 4012 4019 4021 4022 4034 4041 4043 4055 4056 4059 4061 4064 4077 4094 4109 4111 4116 4117 4118 4121 4125 4132 4133 4134 4135 4138 4141 4146 4147 4150 4154
110: 3697 3703 3725 3740 3755 3757 3787 3802 3804 3814 3823 3843 3850 3913 3944 3989 4002 4008 4036 4112
111: 3699 3701 3719 3722 3745 3748 3767 3772 3785 3807 3818 3826 3832 3838 3840 3861 3891 3892 3898 3901 3906 3908 3910 3914 3916 3918 3922 3925 3929 3936 3942 3947 3960 3961 3969 3970 3971 3973 3982 3992 3999 4010 4030 4032 4040 4050 4058 4062 4075 4098 4099 4106 4110 4130 4142
112: 3702 3707 3708 3712 3720 3733 3747 3749 3777 3803 3809 3816 3830 3835 3852 3860 3875 3883 3884 3931 3965 4000 4005 4014 4016 4037 4039 4044 4070 4080 4084 4108 4120 4137 4144 4148 4149 4153
113: 3709 3711 3716 3764 3796 3798 3805 3813 3815 3831 3836 3862 3872 3876 3890 3946 3988 4004 4009 4023 4038 4069 4073 4079 4081 4083 4086 4101 4104 4115 4122
114: 3710 3761 3774 3788 3797 3833 3866 3924 3959 3980 3984 4068 4076
115: 4157 4180 4187 4201 4213 4228 4236 4237 4241 4243 4245 4272 4273 4287 4294 4308 4311 4316 4325 4338 4343 4385 4391 4393 4411 4419 4420 4424 4436 4440 4443 4447 4465 4467 4511 4521 4528 4543 4548 4559 4569 4573 4574 4587 4589 4592 4597 4604 4607 4620 4636 4646 4657 4661 4662 4664 4668 4682 4703 4725 4726 4738 4743 4754 4767 4769 4772 4781 4786 4803 4828 4831 4836 4838 4843 4856 4882 4886 4887 4892 4898 4901 4903 4917 4934 4938 4939 4943 4951 4961 4962 4963 4965 4986 4988 4993
116: 4158 4166 4282 4284 4291 4320 4384 4418 4453 4470 4478 4504 4530 4549 4563 4568 4571 4593 4628 4706 4713 4727 4746 4799 4813 4833 4840 4858 4884 4891
117: 4159 4160 4203 4205 4232 4246 4255 4257 4305 4319 4335 4354 4368 4376 4400 4423 4435 4482 4484 4499 4512 4519 4526 4560 4578 4590 4605 4606 4610 4618 4624 4638 4652 4679 4699 4735 4751 4766 4778 4783 4812 4850 4867 4874 4878 4879 4948 4952 4978 4990
118: 4161 4171 4177 4182 4183 4230 4247 4259 4300 4313 4315 4326 4330 4331 4336 4345 4363 4388 4395 4412 4432 4439 4451 4455 4463 4472 4481 4489 4513 4533 4566 4598 4612 4623 4650 4672 4678 4714 4732 4753 4785 4791 4795 4805 4837 4841 4845 4893 4900 4908 4924 4927 4937 4945 4946 4949 4956 4966 4984 4989 4997 4998
119: 4162 4163 4164 4165 4178 4184 4185 4202 4211 4244 4262 4265 4268 4270 4279 4312 4317 4327 4333 4356 4387 4407 4429 4433 4452 4475 4480 4497 4498 4503 4517 4539 4547 4551 4561 4572 4613 4649 4663 4684 4686 4689 4693 4697 4700 4728 4731 4744 4788 4809 4810 4820 4832 4834 4846 4851 4859 4866 4915 4920 4933 4954 4959 4964 4977 4981
120: 4167 4186 4193 4195 4209 4214 4221 4222 4224 4239 4249 4260 4264 4278 4281 4328 4340 4346 4353 4360 4366 4370 4371 4378 4381 4382 4398 4399 4408 4448 4454 4461 4464 4468 4474 4502 4506 4522 4524 4527 4534 4536 4538 4567 4576 4581 4591 4614 4617 4626 4641 4651 4653 4656 4660 4676 4681 4702 4707 4709 4718 4723 4734 4756 4759 4760 4780 4790 4798 4825 4849 4871 4880 4897 4911 4930 4932 4955 4958 4973 4992 4994 4996 4999
121: 4168 4216 4219 4223 4253 4392 4416 4421 4425 4505 4553 4555 4608 4692 4712 4808 4822 4876
122: 4169 4269 4290 4339 4383 4397 4428 4479 4493 4509 4698 4722 4793 4801 4802 4872
123: 4170 4172 4174 4206 4226 4234 4276 4288 4302 4310 4337 4348 4349 4351 4394 4427 4456 4458 4552 4558 4600 4615 4635 4647 4673 4710 4720 4729 4740 4777 4782 4807 4817 4830 4844 4869 4870 4899 4909 4922 4976 4983
124: 4173 4191 4198 4217 4296 4362 4375 4488 4545 4562 4579 4603 4611 4639 4643 4665 4674 4690 4716 4733 4736 4761 4762 4763 4787 4818 4821 4829 4875 4896 4902 4905 4926 4953 4991
125: 4175 4179 4194 4204 4210 4229 4254 4286 4318 4352 4365 4367 4372 4449 4466 4477 4577 4616 4683 4758 4789 4815 4824 4860 4883 4889 4944 4970 4974
126: 4176 4196 4252 4322 4324 4442 4518 4529 4531 4580 4586 4629 4659 4670 4774 4775 4816 4823 4839 4852 4890 4947
127: 4181 4189 4190 4233 4267 4271 4298 4344 4369 4377 4402 4409 4415 4441 4462 4487 4501 4520 4542 4544 4602 4621 4631 4655 4666 4667 4695 4715 4721 4749 4862 4910 4916 4919 4929 4942 4950 4968 4969
128: 4188 4197 4199 4218 4235 4248 4266 4274 4289 4293 4341 4390 4414 4437 4473 4507 4546 4625 4688 4739 4771 4794 4819 4855 4895 4906 4935 4957
129: 4192 4227 4280 4292 4295 4306 4321 4323 4334 4347 4357 4361 4401 4410 4426 4446 4469 4490 4496 4508 4535 4540 4588 4594 4640 4644 4648 4658 4675 4677 4705 4717 4724 4741 4745 4755 4796 4847 4873 4885 4894 4912 4918 4967 4980 4985
130: 4200 4208 4242 4251 4263 4342 4358 4374 4396 4413 4422 4483 4486 4500 4510 4514 4515 4554 4557 4575 4609 4619 4654 4711 4779 4827 4853 4857 4863 4928 4936 4940 4941 4975 4987
131: 4207 4231 4314 4355 4431 4495 4622 4642 4669 4680 4696 4792 4842
132: 4212 4220 4225 4238 4261 4297 4350 4359 4364 4373 4403 4459 4460 4492 4516 4523 4550 4564 4565 4570 4596 4599 4671 4687 4691 4694 4704 4708 4737 4757 4770 4776 4784 4806 4811 4814 4848 4865 4868 4877 4888 4904 4913 4925 4931 4971 4982 4995
133: 4215 4303 4379 4405 4485 4491 4582 4601 4633 4685 4730 4747 4752 4765 4768 4797 4826 4864
134: 4240 4250 4256 4258 4275 4277 4283 4285 4299 4301 4304 4307 4309 4329 4332 4380 4386 4389 4404 4406 4417 4430 4434 4438 4444 4445 4450 4457 4471 4476 4494 4525 4532 4537 4541 4556 4583 4584 4585 4595 4627 4630 4632 4634 4637 4645 4701 4719 4742 4748 4750 4764 4773 4800 4804 4835 4854 4861 4881 4907 4914 4921 4923 4960 4972 4979
