0: 0 3 8 11 20 32 66 114 161 174 182 205 212 298 316 333 336 366 389 392 401 407 419 437 440 441 458 464 475 477 481 533 544
1: 1 28 49 56 57 60 61 82 96 98 107 116 117 157 192 207 252 266 272 277 289 339 379 395 465 470 482 504 505 521 543
2: 2 7 9 27 63 73 83 88 95 109 122 131 139 144 147 159 179 191 194 198 200 208 209 214 224 233 238 239 243 244 249 253 254 267 269 271 274 303 309 327 338 342 347 349 350 358 371 374 380 382 388 404 413 422 426 435 436 439 447 450 472 487 494 499 524 526 542 545 548 549 552 557 558 564
3: 4 12 31 46 53 75 79 100 112 113 115 120 133 136 146 171 178 183 279 299 306 332 334 335 351 354 355 368 416 473 480 485 488 492 506 509 517 532
4: 5 38 99 126 187 235 240 256 261 363 386 411 425 427 444
5: 6 19 22 26 33 37 39 43 44 51 52 55 58 68 70 77 78 91 92 94 97 103 119 134 149 181 199 228 242 245 246 250 257 262 268 276 281 285 286 287 294 308 320 330 343 356 359 364 393 408 424 429 434 459 484 486 493 495 496 501 512 513 519 528 546 550 553 555 559 561 566
6: 10 48 65 69 140 145 162 175 193 206 216 225 295 297 322 369 420 428 466 476
7: 13 16 17 18 24 40 72 85 121 128 132 153 160 163 166 195 197 221 223 229 248 251 259 283 291 300 304 317 321 337 341 346 353 365 375 385 399 414 415 433 456 457 463 507 508 514 535 536 537 540 541 554 560 565
8: 14 21 30 62 71 80 87 89 101 108 111 127 130 141 173 189 204 211 215 220 234 255 263 265 270 282 311 328 331 340 348 360 362 370 387 391 397 402 403 423 432 443 445 453 462 474 489 498 503 515 516 518 520 527 551 556 562 563 567
9: 15 29 106 129 135 155 165 170 202 217 247 301 319 367 390 398 406 409 410 418 431 451 490 491 523 529
10: 23 25 84 124 185 210 218 226 236 241 260 264 290 305 307 318 329 344 376 384 400 405 412 449 460 469 483 500 510 531 538 547
11: 34 81 105 143 156 167 172 177 227 232 273 275 314 315 373 396 417 479 497
12: 35 36 42 86 93 118 123 137 150 158 176 201 219 222 278 284 293 312 313 345 357 361 372 377 378 442 461 467 468 502 522 525 530 539
13: 41 45 50 54 59 67 76 102 104 110 151 164 190 196 203 213 230 231 237 288 292 326 352 381 383 430 438 446 448 452 455 511 534
14: 47 90 125 152 154 168 296 302 310 323 325 394 421 454 471 478
15: 64 74 138 142 148 169 180 184 186 188 258 280 324
16: 568 577 578 581 585 586 599 618 623 629 639 651 668 680 681 682 718 726 758 763 766 776 779 807 814 822 831 845 856 864 872 874 888 891 892 895 921 937 938 945 958 966 971 972 984 985 992 1004 1013 1015 1033 1039 1050 1065 1070 1079 1080 1089 1107 1114 1123 1132 1133 1144 1146 1166 1169 1173 1175 1176 1184 1189 1193 1198 1201 1205 1213 1217 1223 1228 1234
17: 569 571 619 622 635 669 694 696 733 734 741 756 759 764 769 777 788 789 810 812 883 939 991 1003 1018 1098 1103 1154
18: 570 587 648 665 671 697 704 705 746 749 772 804 900 929 940 943 975 997 1000 1102 1113 1115 1116 1119 1148 1158 1177
19: 572 579 620 675 692 711 780 787 792 816 829 861 887 898 978 1021 1069 1078 1131 1149
20: 573 594 600 602 614 628 633 640 647 664 672 674 686 687 691 703 737 747 750 785 811 818 843 857 859 863 870 893 902 944 961 973 979 1001 1002 1006 1007 1019 1027 1029 1045 1048 1049 1052 1054 1057 1060 1076 1081 1090 1111 1122 1143 1171 1179 1192 1197 1218 1224 1225 1231 1232
21: 574 609 613 615 644 712 743 754 783 786 793 798 815 879 899 913 916 936 948 964 986 988 989 996 999 1010 1037 1053 1084 1134 1180 1185 1191
22: 575 580 584 657 659 667 717 719 727 728 731 735 740 745 751 752 753 784 796 803 806 819 834 851 854 873 878 882 884 908 914 915 919 931 951 974 977 980 993 1023 1026 1044 1051 1072 1094 1100 1101 1142 1161 1170 1187 1200 1202 1204 1206 1221
23: 576 583 588 593 632 655 666 670 673 678 684 688 701 702 720 724 730 739 748 760 762 765 775 781 790 805 813 817 820 830 840 852 853 858 869 871 890 896 897 903 905 912 917 933 934 946 960 982 983 998 1005 1016 1024 1036 1062 1068 1075 1086 1093 1095 1157 1167 1168 1174 1182 1194 1207 1210 1216 1230 1235
24: 582 638 643 645 646 650 653 676 693 713 767 799 828 837 867 868 875 876 904 950 1014 1063 1071 1099 1112 1130 1147 1150 1165 1183
25: 589 596 597 603 605 612 658 660 679 695 708 736 823 826 827 906 911 922 954 990 1020 1025 1043 1059 1064 1074 1077 1109 1138 1139 1156 1178
26: 590 608 625 649 698 699 709 714 729 761 802 825 880 889 918 923 926 927 928 935 952 959 967 981 1012 1040 1047 1061 1096 1140 1145 1153 1181 1196 1203 1212 1215
27: 591 592 598 604 610 624 642 652 654 677 690 700 706 707 710 742 755 771 782 797 800 808 833 838 839 842 849 850 860 894 907 910 932 942 949 953 955 968 995 1028 1041 1042 1066 1082 1097 1120 1135 1136 1137 1151 1155 1160 1163 1164 1186 1195 1211 1214 1222 1226 1227 1229 1233
28: 595 601 616 630 656 662 683 715 716 744 794 862 866 881 924 930 947 956 963 1034 1055 1118 1152 1172
29: 606 621 626 627 631 637 663 685 722 738 774 791 809 821 824 835 841 846 855 941 957 970 1030 1031 1032 1035 1087 1088 1091 1159 1199
30: 607 611 617 636 661 723 770 836 925 1008 1009 1017 1058 1073 1083 1105 1125 1128 1141
31: 634 689 721 725 732 757 773 778 795 832 847 886 901 909 965 969 976 994 1038 1046 1056 1067 1085 1092 1104 1106 1110 1117 1121 1124 1129 1162 1188 1190 1208 1209 1219 1220
32: 641 768 801 844 848 865 877 885 920 962 987 1011 1022 1108 1126 1127
33: 1236 1242 1262 1293 1300 1323 1372 1383 1394 1423 1442 1455 1465 1473 1512 1518 1531 1535 1536 1550 1574 1583 1596 1605 1612 1616 1635 1650 1673 1676 1682
34: 1237 1251 1255 1265 1269 1272 1291 1303 1310 1311 1317 1334 1335 1340 1341 1342 1347 1351 1353 1354 1356 1364 1365 1377 1379 1389 1390 1396 1404 1405 1407 1409 1411 1420 1428 1452 1458 1484 1487 1491 1492 1496 1497 1506 1509 1521 1528 1539 1540 1541 1553 1559 1562 1567 1572 1577 1584 1585 1591 1604 1606 1610 1619 1629 1637 1647 1651 1658 1659 1665 1667 1671 1675 1677 1678 1680 1684 1686 1688 1690 1694 1695 1696 1697 1701 1703 1704 1707
35: 1238 1239 1244 1250 1278 1292 1308 1326 1328 1363 1425 1434 1441 1447 1478 1516 1580 1581 1589 1599 1618 1625 1633 1663 1666
36: 1240 1258 1285 1288 1289 1331 1339 1349 1362 1370 1412 1421 1430 1450 1469 1508 1511 1520 1565 1576 1598 1603 1626 1645 1654 1657 1660
37: 1241 1279 1282 1286 1290 1295 1302 1313 1330 1338 1357 1378 1393 1418 1429 1477 1479 1545 1560 1624 1664
38: 1243 1248 1254 1266 1275 1294 1297 1299 1309 1325 1345 1359 1384 1402 1414 1419 1433 1443 1451 1456 1457 1474 1486 1524 1527 1552 1555 1557 1570 1590 1595 1601 1639 1640 1641 1643 1649 1674 1681 1689 1698 1706
39: 1245 1249 1257 1261 1280 1320 1427 1431 1435 1459 1467 1476 1485 1498 1502 1543 1547 1575 1609 1627 1655
40: 1246 1267 1283 1376 1406 1415 1462 1463 1466 1481 1483 1494 1556 1586
41: 1247 1253 1259 1287 1316 1332 1367 1436 1453 1510 1538 1561 1607 1614
42: 1252 1260 1268 1274 1276 1281 1298 1304 1306 1307 1314 1315 1321 1322 1352 1355 1366 1373 1380 1391 1401 1403 1410 1416 1454 1470 1475 1504 1505 1507 1515 1523 1530 1534 1542 1563 1569 1573 1579 1600 1621 1623 1628 1631 1634 1636 1653 1662 1669 1670 1685 1687 1692 1700 1708
43: 1256 1271 1273 1301 1318 1324 1337 1344 1350 1360 1361 1368 1381 1386 1408 1424 1432 1446 1460 1480 1490 1495 1499 1501 1519 1525 1526 1548 1568 1582 1593 1597 1622 1638 1679 1683 1691 1693 1699 1702 1705
44: 1263 1333 1336 1343 1348 1385 1399 1448 1464 1482 1489 1503 1533 1537 1566 1571 1608 1630 1646
45: 1264 1296 1319 1346 1358 1392 1426 1440 1444 1488 1493 1513 1517 1532 1549 1632
46: 1270 1277 1284 1312 1387 1395 1413 1437 1439 1500 1514 1522 1551 1564 1587 1613 1644 1652 1656
47: 1305 1369 1375 1388 1397 1400 1417 1445 1461 1468 1471 1546 1554 1558 1578 1592 1594 1611 1615 1642 1648 1661 1668 1672
48: 1327 1329 1371 1374 1382 1398 1422 1438 1449 1472 1529 1544 1588 1602 1617 1620
49: 1709 1759 1766 1775 1796 1797 1801 1802 1830 1837 1843 1847 1887 1891 1902 1911 1912 1935 1938 1943 1961 1967 1969 1982 1986 1989 2005 2027 2030 2038 2041 2058 2061 2081 2090 2091 2102 2115 2159 2166 2185 2198 2205 2217 2220 2229 2258 2288 2295 2299
50: 1710 1735 1764 1767 1795 1812 1832 1844 1861 1863 1901 1909 1919 1937 1964 2049 2075 2078 2112 2123 2173 2175 2195 2216
51: 1711 1717 1726 1729 1732 1739 1744 1749 1779 1782 1786 1787 1789 1825 1838 1842 1846 1851 1857 1859 1883 1889 1890 1900 1907 1910 1926 1930 1931 1934 1948 1949 1954 1971 1980 2009 2039 2043 2050 2060 2069 2074 2079 2082 2083 2088 2095 2106 2119 2129 2134 2137 2144 2148 2156 2176 2184 2196 2197 2199 2212 2225 2242 2245 2252 2263 2266 2271 2276 2285 2287
52: 1712 1715 1716 1718 1719 1723 1728 1730 1731 1740 1747 1755 1769 1774 1777 1781 1792 1794 1799 1804 1816 1818 1839 1850 1866 1872 1874 1882 1885 1888 1899 1913 1920 1928 1936 1940 1952 1953 1955 1957 1966 1968 1972 1973 1975 1983 1985 1988 1990 1994 2003 2011 2015 2022 2025 2029 2035 2037 2040 2055 2065 2070 2080 2089 2096 2098 2122 2130 2133 2140 2141 2155 2163 2165 2167 2206 2208 2210 2215 2218 2219 2221 2228 2230 2232 2247 2260 2261 2262 2265 2281 2291 2294 2296 2297 2298
53: 1713 1724 1751 1753 1758 1776 1806 1810 1823 1828 1852 1854 1864 1880 1884 1894 1906 1915 1921 1941 1944 1962 1977 2001 2004 2017 2021 2033 2034 2047 2048 2054 2086 2092 2114 2138 2142 2157 2168 2180 2188 2189 2211 2213 2227 2236 2240 2243 2270 2273 2289
54: 1714 1748 1762 1780 1805 1824 1858 1875 1897 1903 1904 1905 1922 1945 1979 1993 2006 2013 2023 2026 2076 2087 2116 2154 2164 2170 2179 2207 2222 2248 2254 2264
55: 1720 1725 1734 1743 1798 1800 1845 1895 1924 1925 1946 1959 1996 2053 2105 2152 2202
56: 1721 1722 1727 1737 1745 1756 1771 1785 1791 1814 1821 1822 1849 1853 1860 1862 1865 1868 1877 1929 1947 1951 1956 1958 1970 1981 1987 1995 1999 2000 2036 2059 2071 2073 2084 2099 2103 2108 2125 2127 2128 2131 2132 2151 2158 2161 2169 2172 2174 2182 2186 2187 2192 2200 2234 2241 2249 2250 2255 2257 2272 2278 2279 2280 2283
57: 1733 1742 1746 1761 1768 1770 1772 1783 1788 1793 1803 1807 1809 1827 1831 1855 1873 1892 1898 1917 1918 1923 1927 1933 1965 1991 1997 2010 2012 2016 2018 2020 2028 2031 2046 2057 2062 2064 2066 2077 2094 2100 2101 2104 2117 2136 2139 2146 2147 2149 2160 2162 2171 2181 2183 2191 2203 2209 2235 2237 2244 2253 2259 2267 2277 2284 2286 2290 2292 2293
58: 1736 1741 1765 1784 1817 1819 1826 1829 1836 1856 1870 1878 1886 1908 1914 2045 2067 2085 2143 2214 2226 2238 2246 2251
59: 1738 1750 1760 1790 1808 1811 1813 1815 1820 1834 1835 1840 1848 1867 1869 1871 1879 1881 1893 1932 1950 1984 1992 2007 2008 2024 2042 2044 2109 2110 2111 2121 2204 2274 2275 2282
60: 1752 1754 1757 1763 1778 1841 1876 1896 1916 1939 1942 1960 1963 1974 1976 2002 2014 2032 2052 2056 2093 2097 2107 2118 2124 2153 2177 2178 2194 2201 2233 2256 2268 2269
61: 1773 1833 1978 1998 2019 2051 2063 2068 2072 2113 2120 2126 2135 2145 2150 2190 2193 2223 2224 2231 2239
62: 2300 2419 2422 2462 2487 2561 2580 2630 2684 2758 2786 2825 2876 2888 2901 2926 2954 2967 3048 3102 3105
63: 2301 2310 2361 2517 2538 2579 2617 2670 2697 2807 2865 2883 2957 2975 2995 3018 3046 3063 3067
64: 2302 2365 2382 2653 2688 2765 2788 2789 2794 2814 2859 2924 2939 2945 2948
65: 2303 2323 2336 2357 2420 2484 2501 2543 2594 2612 2634 2706 2711 2733 2736 2775 2839 2882 2890 2893 2915 2979 3012 3033 3053 3065 3075 3080 3087 3096 3104 3121
66: 2304 2308 2384 2403 2406 2454 2504 2560 2566 2599 2613 2620 2623 2652 2655 2657 2674 2709 2719 2741 2766 2768 2774 2828 2842 2858 2930 2938 3004 3037 3050 3107 3111 3125 3136 3149 3184 3188
67: 2305 2351 2395 2489 2505 2532 2584 2619 2666 2689 2691 2701 2730 2738 2751 2755 2857 2874 2877 2892 2911 2913 2925 2956 3055 3076 3088 3097
68: 2306 2313 2318 2325 2329 2330 2343 2344 2345 2350 2370 2385 2388 2393 2396 2400 2401 2417 2418 2437 2440 2441 2443 2444 2465 2493 2515 2558 2570 2573 2589 2593 2636 2659 2662 2681 2708 2735 2754 2808 2812 2824 2847 2848 2871 2875 2885 2899 2906 2907 2958 2971 2973 2974 3015 3019 3021 3039 3062 3069 3072 3082 3110 3113 3124 3131 3141 3166 3180 3183 3186 3193 3198 3200 3210 3218 3223 3225
69: 2307 2309 2340 2352 2363 2412 2413 2421 2434 2483 2521 2563 2571 2588 2624 2637 2726 2840 2841 2856 2921 2932 2934 2936 2955 2976 2990 3010 3026 3045 3064 3073 3092 3114 3117 3161
70: 2311 2320 2324 2348 2353 2358 2405 2407 2408 2410 2424 2427 2442 2447 2459 2461 2474 2485 2518 2519 2531 2553 2554 2572 2576 2581 2583 2590 2592 2604 2615 2616 2622 2638 2656 2668 2678 2683 2695 2696 2699 2703 2714 2718 2727 2731 2749 2762 2764 2783 2791 2809 2819 2845 2862 2864 2880 2881 2887 2889 2896 2903 2912 2919 2937 2940 2947 2951 2964 2970 2977 3002 3009 3014 3029 3040 3041 3047 3059 3070 3086 3093 3095 3108 3129 3130 3134 3150 3153 3165 3171 3187 3201 3207 3213 3219 3221 3226 3229 3230
71: 2312 2338 2355 2373 2374 2380 2383 2389 2390 2394 2409 2415 2430 2431 2432 2439 2452 2456 2457 2460 2467 2470 2471 2473 2486 2502 2513 2524 2539 2541 2545 2551 2552 2555 2565 2609 2610 2611 2618 2647 2650 2654 2661 2669 2704 2732 2748 2760 2784 2795 2800 2801 2802 2810 2815 2826 2832 2837 2844 2852 2866 2870 2873 2902 2910 2931 2933 2935 2943 2981 2989 2991 2997 3005 3035 3044 3074 3078 3079 3089 3103 3106 3118 3123 3140 3151 3154 3155 3168 3169 3174 3185 3192 3199 3203 3209 3211 3212 3228 3231
72: 2314 2315 2322 2333 2339 2342 2386 2469 2495 2496 2528 2601 2643 2673 2710 2713 2715 2744 2745 2746 2752 2769 2778 2830 2918 2999 3000 3016 3049 3057 3058 3109 3127 3135 3172
73: 2316 2337 2376 2399 2464 2466 2492 2508 2509 2510 2522 2529 2547 2564 2585 2586 2633 2640 2679 2690 2702 2728 2743 2756 2757 2767 2770 2772 2823 2829 2846 2914 2916 2953 2978 2980 2983 2996 3043 3051 3061 3085 3090 3091 3099 3112 3182 3189 3194 3206 3224
74: 2317 2321 2326 2398 2423 2429 2433 2450 2481 2488 2491 2497 2525 2549 2587 2626 2635 2687 2694 2717 2722 2739 2782 2805 2813 2818 2820 2833 2854 2897 2905 2946 2952 2969 2994 3013 3025 3032 3066 3081 3094 3138 3142 3147 3157 3158 3162 3164 3202 3208 3215 3227
75: 2319 2328 2331 2332 2359 2367 2377 2414 2451 2453 2455 2458 2472 2514 2516 2548 2562 2605 2607 2771 2836 2900 2928 2950 2960 2998 3027 3038 3060 3077 3100 3122 3133 3163 3173 3177 3191 3195
76: 2327 2341 2371 2375 2428 2449 2463 2475 2480 2503 2511 2556 2567 2569 2574 2577 2582 2596 2606 2614 2649 2665 2682 2692 2720 2777 2785 2793 2804 2827 2861 2917 2923 2962 2963 3008 3068 3120 3126 3160 3170 3179 3214 3216 3217 3222
77: 2334 2346 2362 2381 2416 2445 2479 2494 2498 2499 2526 2591 2632 2725 2729 2779 2780 2929 3011 3017 3020 3071 3101 3115 3128 3143 3144
78: 2335 2372 2387 2425 2477 2490 2534 2537 2546 2557 2575 2603 2671 2734 2781 2792 2796 2822 2851 2891 2972 2988 3022 3023 3030 3042 3084 3119 3132 3145 3146
79: 2347 2369 2402 2411 2468 2530 2544 2550 2621 2667 2686 2737 2761 2790 2803 2838 2860 2878 2942 2959 2966 2982 2987 3028 3056 3139 3156
80: 2349 2391 2397 2436 2438 2542 2578 2597 2843 2895 2920
81: 2354 2379 2448 2507 2533 2535 2598 2629 2648 2651 2658 2700 2798 2886 2894 2908 2968 3003 3007
82: 2356 2378 2435 2512 2540 2602 2625 2627 2641 2642 2644 2645 2663 2677 2698 2742 2773 2821 2855 2867 2884 2898 2944 2949 2961 2985 2992 3034 3052 3159 3181
83: 2360 2366 2446 2478 2482 2523 2527 2559 2600 2672 2693 2712 2806 2835 2850 2868 2879 2904 2927 2941 3001 3031 3036 3098 3116 3137 3148 3167
84: 2364 2476 2568 2595 2639 2646 2707 2721 2723 2797 2831 2834 2849
85: 2368 2404 2500 2506 2520 2608 2628 2660 2664 2675 2680 2685 2747 2750 2753 2759 2763 2776 2787 2799 2816 2817 2853 2863 2869 2909 2922 2965 2993 3024 3054 3083 3152 3175 3176 3178 3190 3196 3197 3204 3205 3220
86: 2392 2426 2536 2631 2676 2705 2716 2724 2740 2811 2872 2984 2986 3006
87: 3232 3310 3363 3408 3457 3530 3549 3554 3559 3600 3602 3646 3696 3697 3726 3739 3775 3799 3815 3821 3874 3903 3928 3954 3983 4062 4098 4102
88: 3233 3255 3307 3308 3311 3394 3425 3428 3435 3482 3535 3685 3745 3803 3824 3839 3947 3981
89: 3234 3294 3296 3360 3449 3488 3560 3590 3635 3709 3725 3901 3919 3949 3998 3999 4007 4011
90: 3235 3238 3268 3279 3315 3318 3326 3328 3335 3350 3358 3361 3365 3383 3431 3437 3445 3446 3480 3500 3510 3575 3579 3593 3597 3605 3611 3626 3633 3639 3641 3670 3676 3677 3699 3751 3784 3786 3804 3812 3823 3843 3873 3897 3899 3920 3941 3970 3978 3986 4028 4032 4038 4056 4066 4071 4097 4113 4117 4123 4135 4155
91: 3236 3258 3278 3290 3325 3333 3406 3427 3453 3473 3517 3526 3536 3572 3578 3581 3595 3599 3614 3617 3632 3651 3665 3774 3806 3809 3818 3825 3872 3879 3895 3909 3932 3967 3977 3985 4034 4036 4041 4050 4069 4074 4119 4120 4141
92: 3237 3245 3246 3266 3273 3275 3300 3303 3339 3341 3343 3347 3354 3374 3421 3438 3490 3498 3512 3515 3518 3519 3544 3548 3550 3568 3576 3594 3603 3636 3638 3643 3655 3660 3668 3700 3708 3731 3741 3761 3770 3833 3834 3836 3847 3893 3907 3918 3921 3922 3925 3940 3943 3950 3959 3963 3964 3975 3979 3984 3992 4000 4003 4014 4026 4043 4047 4065 4077 4081 4090 4093 4129 4138 4145
93: 3239 3244 3281 3314 3336 3356 3371 3384 3399 3460 3469 3529 3531 3552 3561 3565 3577 3613 3629 3649 3652 3672 3681 3742 3746 3749 3752 3766 3768 3781 3830 3864 3877 3942 3952 4051 4064 4083 4109 4115
94: 3240 3254 3270 3331 3342 3415 3430 3481 3489 3491 3513 3542 3604 3615 3664 3667 3729 3776 3787 3867 3880 3890 3953 3976 3994 4022 4025 4072
95: 3241 3381 3412 3494 3540 3714 3772 3856 3865 3868 3881 3892
96: 3242 3243 3259 3260 3264 3292 3324 3351 3353 3508 3574 3637 3680 3687 3956 3966 3991
97: 3247 3249 3253 3263 3265 3267 3269 3280 3282 3288 3309 3322 3323 3348 3349 3369 3375 3388 3419 3424 3433 3450 3470 3503 3509 3511 3521 3563 3609 3618 3621 3645 3669 3693 3703 3711 3713 3757 3782 3810 3826 3842 3891 3908 3911 3912 3915 3929 3951 4004 4009 4023 4055 4076 4086 4091 4094 4104 4122 4128 4143 4152
98: 3248 3256 3272 3312 3319 3372 3378 3417 3422 3429 3432 3454 3573 3591 3606 3647
99: 3250 3252 3274 3285 3306 3329 3387 3392 3403 3407 3420 3464 3477 3496 3516 3532 3551 3567 3659 3682 3691 3730 3735 3748 3750 3763 3773 3780 3816 3827 3849 3850 3855 3857 3888 3910 3913 3934 3939 3958 3968 3988 3996 4033 4096 4133 4148 4149
100: 3251 3257 3286 3330 3338 3344 3367 3379 3441 3443 3447 3462 3466 3472 3484 3485 3492 3495 3499 3525 3557 3580 3585 3586 3601 3634 3653 3656 3657 3658 3662 3791 3797 3801 3807 3808 3819 3829 3841 3854 3866 3870 3876 3923 3944 3969 3997 4010 4018 4035 4037 4039 4045 4052 4054 4058 4088 4099 4100 4110 4114 4132 4144 4146 4154
101: 3261 3277 3295 3297 3298 3299 3316 3320 3340 3345 3357 3362 3456 3461 3478 3497 3507 3520 3523 3543 3547 3566 3588 3589 3598 3620 3623 3673 3675 3688 3704 3706 3717 3727 3734 3764 3777 3798 3805 3813 3822 3840 3853 3904 3957 3973 4015 4044 4048 4057 4068 4087 4107 4108 4142 4153
102: 3262 3271 3289 3291 3301 3302 3313 3317 3327 3332 3359 3368 3373 3382 3395 3409 3411 3439 3448 3459 3471 3479 3486 3493 3504 3522 3534 3541 3564 3592 3610 3630 3644 3679 3684 3694 3695 3698 3707 3712 3715 3724 3728 3737 3738 3744 3758 3760 3778 3788 3795 3835 3838 3858 3859 3860 3861 3869 3883 3884 3900 3914 3930 3933 3938 3948 3961 3982 3989 3995 4001 4002 4005 4006 4016 4020 4027 4042 4049 4078 4092 4111 4112 4131 4137 4139 4140 4150
103: 3276 3287 3305 3405 3444 3501 3506 3569 3765 3767 3794 3814 3878 3906 3926 3945
104: 3283 3304 3346 3380 3391 3404 3423 3436 3451 3455 3487 3556 3570 3612 3640 3648 3650 3666 3678 3686 3690 3718 3743 3753 3817 3820 3832 3837 3844 3863 3885 3896 3936 3987 4012 4067 4070 4075 4095 4134
105: 3284 3293 3321 3334 3337 3352 3364 3370 3385 3389 3393 3398 3400 3402 3410 3413 3442 3452 3475 3502 3505 3514 3524 3528 3538 3539 3545 3553 3555 3558 3562 3571 3582 3596 3608 3619 3627 3631 3642 3654 3683 3689 3692 3705 3710 3719 3721 3722 3723 3733 3736 3740 3754 3762 3769 3783 3789 3846 3848 3851 3862 3889 3902 3924 3927 3931 3937 3955 3960 3965 3972 3974 3980 3993 4013 4019 4021 4029 4040 4046 4061 4079 4080 4085 4089 4101 4103 4106 4116 4121 4124 4125 4126 4127 4130 4136 4147 4151
106: 3355 3414 3474 3476 3625 3671 3755 3785 3828 3871 3882
107: 3366 3386 3390 3396 3397 3440 3468 3527 3583 3607 3628 3663 3720 3898 3916 3917
108: 3376 3418 3426 3463 3483 3537 3661 3702 3716 3779 3802 3845 3894 3905 3935 3946
109: 3377 3434 3465 3467 3533 3587 3616 3622 3624 3674 3732 3747 3759 3771 3790 3796 3800 3852 3875 3886 3887 3962 3971 3990 4008 4017 4024 4030 4031 4053 4059 4060 4063 4073 4082 4084 4105 4118
110: 3401 3416 3458 3546 3584 3701 3756 3792 3793 3811 3831
111: 4156 4163 4184 4189 4200 4243 4264 4279 4295 4311 4349 4359 4379 4426 4436 4438 4471 4481 4491 4493 4519 4524 4532 4540 4547 4555 4569 4582 4597 4607 4620 4633 4645 4676 4677 4697 4703 4705 4716 4721 4723 4735 4737 4742 4777 4788 4797 4804 4813 4833 4839 4842 4861 4869 4884 4889 4923 4936 4975 4987 4989 4990
112: 4157 4173 4176 4196 4199 4209 4235 4269 4271 4276 4297 4300 4316 4325 4339 4375 4384 4430 4441 4443 4469 4476 4495 4506 4523 4525 4537 4546 4548 4549 4556 4560 4584 4606 4618 4630 4637 4651 4655 4656 4660 4661 4662 4668 4695 4708 4718 4719 4724 4726 4727 4761 4767 4819 4822 4825 4885 4887 4888 4890 4942 4945 4948 4953 4977 4978 4980 4983 4984 4997
113: 4158 4171 4231 4248 4298 4324 4330 4342 4452 4509 4564 4686 4710
114: 4159 4175 4192 4210 4238 4240 4251 4270 4283 4333 4429 4451 4457 4497 4502 4505 4534 4579 4580 4585 4598 4610 4613 4628 4640 4659 4666 4669 4674 4689 4699 4736 4745 4756 4790 4826 4832 4835 4857 4886 4891 4915 4916 4929 4954 4976 4979
115: 4160 4174 4181 4186 4191 4207 4220 4221 4227 4233 4241 4249 4266 4268 4277 4285 4289 4299 4328 4350 4365 4371 4389 4394 4405 4445 4455 4477 4488 4492 4496 4563 4571 4599 4601 4614 4626 4632 4653 4665 4681 4701 4732 4751 4755 4783 4816 4818 4821 4823 4831 4845 4858 4872 4907 4919 4935 4949 4957 4964 4973 4991 4999
116: 4161 4273 4357 4377 4380 4395 4433 4479 4485 4538 4541 4551 4605 4748 4784 4836
117: 4162 4182 4234 4272 4282 4303 4329 4346 4352 4355 4363 4376 4406 4419 4428 4442 4456 4465 4543 4553 4561 4566 4581 4612 4712 4760 4778 4795 4811 4848 4876 4909 4920 4937 4955
118: 4164 4178 4195 4201 4216 4228 4232 4256 4257 4306 4307 4320 4334 4338 4341 4361 4369 4378 4388 4390 4397 4402 4414 4418 4435 4439 4467 4473 4480 4489 4500 4527 4535 4559 4565 4589 4615 4627 4642 4647 4654 4657 4670 4702 4713 4730 4744 4746 4752 4765 4766 4768 4771 4787 4791 4792 4800 4807 4817 4828 4847 4852 4853 4878 4883 4895 4910 4981 4992 4996
119: 4165 4169 4208 4211 4222 4225 4226 4229 4244 4253 4261 4263 4274 4290 4304 4313 4331 4335 4340 4347 4356 4385 4386 4393 4398 4408 4412 4462 4463 4468 4484 4510 4526 4552 4558 4588 4592 4596 4602 4625 4631 4638 4641 4696 4700 4715 4731 4740 4749 4753 4757 4762 4769 4774 4789 4796 4802 4844 4855 4856 4865 4880 4894 4913 4932 4956 4963 4969 4970 4971 4986 4988 4993 4994
120: 4166 4247 4309 4315 4336 4343 4348 4360 4401 4403 4464 4530 4590 4803
121: 4167 4168 4183 4198 4218 4294 4323 4354 4381 4396 4404 4422 4447 4494 4507 4513 4520 4528 4539 4544 4573 4591 4593 4600 4622 4648 4658 4671 4738 4747 4759 4780 4786 4834 4838 4841 4851 4859 4868 4877 4897 4902 4904 4918 4921 4962 4965 4968 4974
122: 4170 4172 4185 4224 4260 4262 4302 4332 4337 4372 4400 4413 4444 4458 4461 4517 4529 4531 4542 4550 4567 4608 4629 4672 4678 4680 4694 4707 4709 4711 4722 4725 4743 4799 4830 4837 4850 4863 4881 4901 4905 4914 4922 4924 4927 4959 4966
123: 4177 4193 4204 4212 4246 4250 4288 4326 4327 4345 4351 4358 4421 4423 4425 4503 4533 4562 4586 4603 4619 4623 4639 4650 4664 4673 4688 4691 4692 4728 4754 4782 4794 4801 4814 4829 4860 4882 4893 4900 4911 4939 4941 4944 4946 4950 4982
124: 4179 4194 4219 4242 4245 4305 4364 4407 4432 4475 4508 4511 4779 4808
125: 4180 4187 4190 4197 4202 4213 4223 4239 4252 4281 4287 4296 4301 4319 4373 4382 4409 4411 4415 4448 4449 4474 4478 4490 4514 4515 4521 4536 4576 4621 4636 4679 4683 4685 4687 4693 4704 4714 4729 4741 4750 4773 4775 4776 4806 4864 4866 4912 4917 4930 4931 4958 4967 4972 4995 4998
126: 4188 4214 4254 4310 4353 4362 4370 4424 4501 4663 4698 4717 4763 4809
127: 4203 4236 4267 4284 4286 4374 4392 4410 4416 4431 4446 4450 4466 4470 4482 4483 4498 4516 4554 4616 4643 4644 4646 4667 4684 4733 4739 4875 4892 4903 4928 4933 4934
128: 4205 4215 4217 4237 4255 4259 4291 4312 4314 4317 4322 4391 4417 4420 4434 4454 4460 4487 4522 4568 4570 4575 4604 4611 4634 4652 4675 4690 4734 4805 4810 4812 4820 4824 4840 4867 4871 4873 4874 4926 4960 4985
129: 4206 4230 4258 4366 4368 4427 4453 4486 4504 4545 4557 4572 4577 4595 4617 4624 4635 4649 4706 4764 4772 4785 4793 4815 4843 4846 4854 4879 4899 4908 4925 4943 4947 4961
130: 4265 4275 4278 4280 4292 4293 4344 4383 4399 4437 4472 4499 4512 4518 4578 4583 4594 4609 4770 4781 4827 4849 4862 4870 4896 4898 4906 4938 4940 4951 4952
131: 4308 4318 4321 4367 4387 4440 4459 4574 4587 4682 4720 4758 4798
