0: 0 9 27 29 33 36 39 59 69 79 86 90 99 100 123 131 144 160 162 163 173 178 187 199 200 209 221 228 231 233 242 248 250 251 252 273 286 290 291 292 295 297 298 299 302 305 309 312 315 317 318 320 335 342 345 351 354 358 362 368 379 384 391 398 409 410 414 420 430 431 455 458 468 476 483 508 512 514 518 521 542 547 548 549 552 553 555 565 566 569 575 577 581 582 583 589 592
1: 1 30 44 56 57 78 102 125 137 146 156 211 217 245 301 307 332 333 347 371 402 417 427 448 451 485 513 516 540
2: 2 38 41 105 108 116 169 175 235 275 306 313 325 381 389 408 418 465 467 470 497 501 506 519
3: 3 15 16 35 40 42 47 49 54 55 65 93 103 107 114 117 124 133 136 140 141 143 147 158 164 197 208 215 218 220 226 256 257 261 263 264 266 272 277 278 296 308 338 339 357 366 370 375 385 388 393 394 404 416 419 432 438 439 442 443 445 449 452 459 462 478 480 492 502 511 515 522 525 528 531 538 541 543 545 546 556 563 564 568 570 574 579 585 586 587 591
4: 4 24 32 84 120 121 138 139 161 167 170 185 193 222 254 271 287 289 310 337 350 352 364 367 397 413 424 440 444 456 461 469 509 510 526 535 558 560
5: 5 11 28 34 46 52 53 62 68 81 82 89 92 97 98 104 109 113 115 127 150 151 153 159 165 172 176 179 182 191 195 201 207 210 212 214 224 229 239 241 247 249 253 258 259 260 267 269 288 304 316 324 330 334 344 346 349 363 369 372 380 382 399 405 411 423 434 446 447 463 464 471 477 486 490 498 503 504 523 527 530 532 533 534 536 539 550 557 567 571 573 576 578 580 590
6: 6 21 25 72 94 134 142 174 190 279 284 285 341 343 365 377 390 392 407 472 474 489 495 517 529
7: 7 10 17 22 37 43 50 63 67 70 71 83 85 91 95 110 112 118 122 128 148 168 180 181 194 202 203 204 219 281 282 311 314 376 412 415 429 435 436 437 441 453 454 457 460 466 473 487 488 505 507 520 537 544 551 554 559 561 562 572 584 588
8: 8 45 58 66 74 77 87 135 192 216 232 238 283 321 328 353 422 475 479 482 484 493 500 524
9: 12 20 76 149 166 188 189 230 262 276 360 396
10: 13 18 31 51 96 155 186 206 237 244 274 303 322 326 373
11: 14 26 101 171 177 234 240 270 294 300 329 336 340 348 386 406 494
12: 19 80 88 129 157 227 243 280 323 331 374 395 400 401 421 433 481 491 496
13: 23 48 61 73 106 111 126 132 154 184 223 246 293 355 356 383 426 499
14: 60 64 119 130 183 213 225 265 359 361 378 403 425 428
15: 75 145 152 196 198 205 236 255 268 319 327 387 450
16: 593 600 601 606 622 625 632 633 647 648 655 673 697 701 712 713 720 727 729 744 749 757 758 768 774 780 794 798 804 806 822 823 843 878 911 913 926 939 967 973 1003 1016 1031 1053 1062 1065 1071 1072 1074 1090 1092 1114 1116 1117 1125 1146 1153 1175 1177 1185 1201 1204 1216 1226 1229 1258 1261 1263 1286 1301 1309 1310 1313 1315 1323 1334 1342 1343 1349 1353 1362 1363 1364 1367 1370
17: 594 621 663 683 732 751 828 963 986 1069 1127 1128 1135 1178 1187
18: 595 670 674 684 728 736 745 761 764 765 832 893 915 918 970 996 997 1010 1042 1054 1097 1109 1112 1118 1119 1123 1129 1131 1133 1134 1154 1162 1196 1250 1280 1287 1325 1336 1347
19: 596 627 688 767 838 890 904 910 971 989 1013 1015 1070 1115 1139 1155 1206 1230 1243 1253
20: 597 754 766 793 851 862 914 920 972 1014 1026
21: 598 639 671 680 821 830 974 1012 1068 1082 1120 1130 1137
22: 599 610 612 649 651 664 676 687 703 718 726 735 756 796 812 833 849 865 869 882 897 941 945 962 964 968 980 987 990 1000 1025 1027 1034 1038 1055 1057 1063 1073 1081 1085 1089 1105 1149 1152 1159 1168 1176 1181 1200 1208 1211 1232 1233 1239 1268 1283 1298 1305 1311 1330 1338 1339 1344 1352 1374
23: 602 603 644 694 700 714 739 772 777 827 844 848 857 903 981 991 992 1018 1028 1030 1041 1043 1045 1046 1049 1050 1052 1078 1096 1103 1110 1140 1147 1151 1157 1189 1225 1227 1257 1259 1276 1291 1297 1307 1341 1359
24: 604 609 611 637 641 658 660 677 685 689 705 706 722 775 783 784 800 831 854 855 860 867 891 909 917 933 953 965 988 1048 1060 1061 1083 1094 1113 1122 1136 1148 1160 1161 1183 1191 1222 1235 1240 1241 1246 1256 1296 1302 1312 1317 1321 1327 1335 1337 1348 1350 1360
25: 605 615 634 672 704 710 779 797 820 826 859 866 868 873 921 952 958 1001 1009 1039 1087 1100 1138 1174 1205 1207 1218 1234 1255 1316 1329
26: 607 731 789 809 834 836 858 889 901 923 925
27: 608 613 619 623 635 636 642 643 652 653 654 659 681 682 690 698 709 715 740 741 748 752 755 760 763 776 818 829 841 846 850 874 879 885 886 887 888 894 896 899 905 916 924 929 935 940 942 949 954 960 983 993 1002 1005 1006 1032 1035 1056 1058 1059 1075 1106 1143 1145 1164 1169 1170 1171 1179 1182 1186 1188 1192 1195 1209 1213 1264 1267 1270 1275 1279 1282 1285 1292 1295 1299 1306 1308 1314 1319 1331 1358 1361 1368 1371 1373 1375
28: 614 650 657 669 675 691 695 702 801 803 814 864 931 944 969 979 1008 1077 1099 1165 1197 1198 1281 1293
29: 616 618 678 699 721 734 738 746 790 811 813 839 880 883 912 932 934 937 975 984 1033 1066 1076 1080 1091 1124 1142 1180 1202 1203 1224 1248 1265 1290 1324 1340
30: 617 656 667 679 863 906 938 957 1004 1019 1036 1095
31: 620 645 661 665 692 696 725 730 747 769 781 782 785 791 795 802 816 837 840 845 847 870 871 895 928 946 951 956 966 977 985 999 1007 1020 1021 1023 1064 1088 1093 1107 1150 1156 1184 1193 1214 1238 1244 1251 1260 1262 1272 1273 1284 1294 1304 1320 1333 1354 1355 1356 1366 1369
32: 624 638 666 762 773 778 805 807 824 835 842 852 861 907 936 943 948 961 976 1040 1051 1098 1141 1163 1166 1221 1237 1254 1277 1288 1289 1300 1303
33: 626 628 629 630 631 640 646 668 693 707 711 717 719 723 733 737 750 753 759 786 787 788 792 799 808 810 815 819 856 872 875 876 881 892 898 900 902 908 930 955 959 978 982 994 1011 1037 1047 1084 1102 1108 1121 1126 1144 1158 1167 1172 1173 1190 1194 1199 1210 1212 1217 1223 1228 1236 1242 1245 1249 1252 1269 1271 1274 1278 1318 1322 1326 1328 1332 1345 1346 1351 1357 1365 1372
34: 662 686 716 724 743 825 853 877 927 947 998 1022 1029 1044 1079 1111 1215 1220
35: 708 742 770 771 817 884 919 922 950 995 1017 1024 1067 1086 1101 1104 1132 1219 1231 1247 1266
36: 1376 1379 1381 1382 1389 1391 1397 1400 1401 1404 1406 1412 1417 1430 1435 1437 1439 1442 1449 1454 1455 1457 1461 1462 1470 1472 1478 1485 1486 1491 1493 1499 1506 1508 1511 1512 1519 1520 1529 1537 1539 1542 1544 1549 1553 1555 1564 1566 1567 1575 1586 1587 1592 1594 1595 1599 1601 1607 1608 1610 1611 1618 1619 1620 1621 1622 1624 1625 1626 1629 1632 1636 1643 1648 1654 1658 1659 1665 1666 1671 1676 1679 1684 1686 1688 1689 1690 1692 1693 1694 1702 1704 1706
37: 1377 1380 1383 1393 1395 1407 1419 1429 1450 1460 1471 1480 1496 1505 1524 1546 1562 1568 1572 1579 1590 1634 1635 1652 1657 1660 1664
38: 1378 1387 1398 1399 1415 1431 1456 1466 1468 1475 1477 1481 1487 1488 1494 1503 1509 1516 1521 1522 1530 1532 1535 1538 1541 1571 1614 1644 1645 1649 1672 1673 1675 1678 1683 1696
39: 1384 1385 1386 1388 1390 1392 1402 1403 1405 1409 1413 1416 1418 1421 1424 1425 1428 1432 1433 1434 1436 1438 1444 1445 1446 1451 1458 1459 1464 1473 1474 1476 1483 1484 1489 1492 1497 1498 1502 1507 1510 1514 1515 1517 1523 1526 1533 1548 1550 1551 1552 1554 1556 1560 1565 1570 1573 1574 1577 1578 1580 1582 1583 1584 1588 1591 1605 1615 1623 1631 1633 1638 1641 1642 1646 1647 1653 1655 1656 1661 1662 1663 1668 1669 1670 1674 1677 1680 1681 1685 1691 1697 1705 1707 1710
40: 1394 1396 1408 1410 1411 1414 1420 1422 1423 1426 1427 1440 1441 1443 1447 1448 1452 1453 1463 1465 1467 1469 1479 1482 1490 1495 1500 1501 1504 1513 1518 1525 1527 1528 1531 1534 1536 1540 1543 1545 1547 1557 1558 1559 1561 1563 1569 1576 1581 1585 1589 1593 1596 1597 1598 1600 1602 1603 1604 1606 1609 1612 1613 1616 1617 1627 1628 1630 1637 1639 1640 1650 1651 1667 1682 1687 1695 1698 1699 1700 1701 1703 1708 1709
41: 1711 1727 1732 1736 1746 1752 1760 1763 1805 1826 1843 1853 1869 1920 1924 1938 1971 1977 1992 1999 2041 2045 2059 2070 2072 2074 2078 2080 2089 2116 2126 2167 2171 2183 2192 2241 2247 2251 2263 2271 2294 2297 2299 2331
42: 1712 1720 1747 1766 1769 1833 1837 1893 1898 1902 1972 1993 2105 2119 2152
43: 1713 1731 1751 1781 1788 1801 1803 1807 1809 1840 1849 1880 1887 1900 1907 1908 1951 1958 1983 2007 2013 2030 2032 2038 2042 2103 2144 2160 2175 2177 2195 2197 2208 2227 2291 2293 2305 2316
44: 1714 1730 1733 1744 1753 1776 1795 1814 1862 1922 1987 2008 2014 2093 2121 2182 2194 2216 2236 2252
45: 1715 1738 1802 1859 1885 1894 1959 1973 1981 1990 2097 2102 2111 2125 2189 2193 2239
46: 1716 1756 1758 1767 1784 1790 1832 1851 1878 1895 1904 1935 1980 2022 2036 2046 2079 2085 2088 2099 2115 2130 2139 2147 2166 2181 2187 2190 2196 2212 2223 2226 2248 2283 2287 2292 2307 2310 2315 2325
47: 1717 1725 1762 1777 1785 1796 1804 1831 1834 1854 1864 1870 1879 1890 1891 1896 1897 1899 1901 1909 1939 1941 1950 1966 1994 2001 2006 2037 2054 2058 2071 2075 2082 2083 2104 2110 2128 2146 2153 2169 2186 2213 2281 2309 2318 2321 2323 2330 2336 2341 2346
48: 1718 1737 1759 1768 1792 1810 1819 1823 1844 1858 1876 1881 1888 1903 1906 1913 1914 1930 1942 1954 1955 1964 1967 1975 1984 1998 2002 2033 2060 2062 2064 2073 2076 2087 2092 2100 2107 2117 2122 2123 2129 2133 2137 2142 2149 2156 2162 2163 2176 2180 2202 2215 2225 2229 2233 2249 2254 2255 2259 2277 2288 2289 2300 2303 2317 2319 2320 2332 2334 2337 2347 2349
49: 1719 1721 1722 1735 1741 1757 1770 1771 1772 1780 1786 1787 1789 1800 1811 1813 1821 1822 1827 1828 1836 1867 1871 1873 1875 1883 1918 1919 1926 1931 1933 1944 1947 1979 1988 1989 1997 2000 2004 2012 2017 2020 2025 2031 2035 2039 2047 2049 2068 2077 2084 2096 2098 2106 2108 2109 2112 2113 2140 2141 2151 2159 2161 2164 2185 2188 2191 2203 2210 2211 2217 2230 2231 2240 2250 2253 2258 2265 2273 2276 2285 2290 2295 2298 2301 2304 2308 2313 2324 2326 2327 2329 2338 2339 2340 2342 2344 2350 2352
50: 1723 1734 1740 1775 1830 1839 1852 1911 1974 1986 2010 2066 2086 2095 2207 2220
51: 1724 1779 1782 1783 1797 1806 1815 1817 1838 1847 1861 1886 1905 1910 1912 1923 1948 1952 1956 1963 1976 1982 1985 1996 2009 2040 2050 2055 2057 2065 2094 2124 2145 2150 2157 2209 2214 2218 2243 2245 2257 2264 2268 2274 2275 2279 2282 2302 2333 2335 2343
52: 1726 1729 1921 1929 1960 1965 2019 2023 2051 2052 2069 2101 2148 2158 2198 2199
53: 1728 1749 1841 1865 1916 1927 1934 1936 1946 1969 1978 2011 2029 2136 2178 2200 2201 2232 2238
54: 1739 1743 1808 1820 1846 1866 1877 1882 1884 1889 1991 2043 2063 2132 2134 2155
55: 1742 1761 1791 1816 1824 1825 1829 1855 1860 1892 1925 1937 1943 1970 2005 2016 2018 2044 2114 2127 2138 2154 2165 2204 2205 2221 2237 2246 2269 2272 2278 2296
56: 1745 1755 1764 1778 1812 1850 1868 1872 1874 1932
57: 1748 1773 1794 1818 1835 1842 1845 1848 1856 1857 1863 1915 1940 1945 1949 1961 1962 1968 2003 2015 2021 2024 2026 2027 2028 2034 2048 2056 2061 2081 2090 2091 2118 2135 2143 2172 2174 2184 2206 2219 2224 2228 2234 2235 2242 2261 2262 2270 2280 2284 2286 2306 2311 2312 2314 2322 2328 2345 2348 2351 2353 2354
58: 1750 1754 1765 1774 1793 1798 1799 1917 1928 1953 1957 1995 2053 2067 2120 2131 2168 2170 2173 2179 2222 2244 2256 2260 2266 2267
59: 2355 2360 2372 2377 2393 2398 2404 2427 2428 2433 2443 2495 2498 2514 2523 2528 2563 2567 2572 2586 2604 2608 2611 2621 2625 2628 2634 2636 2642 2644 2658 2675 2679 2682 2684 2696 2701 2726 2727 2736 2739 2745 2753 2799 2805 2811 2821 2828 2849 2866 2868 2877 2895 2902 2911 2998 3034 3043 3047 3070 3080 3090 3105 3108 3110 3130 3170 3183 3198 3208 3216 3219 3222 3224 3227 3237 3238
60: 2356 2386 2407 2410 2504 2524 2623 2662 2681 2742 2751 2761 2778 2792 2844 2867 2956 2962 2971 2991 3096
61: 2357 2359 2363 2368 2374 2385 2389 2403 2420 2423 2425 2465 2485 2533 2535 2574 2579 2582 2616 2651 2710 2719 2721 2725 2735 2740 2747 2762 2768 2769 2773 2829 2831 2839 2846 2851 2852 2855 2872 2879 2904 2907 2934 2940 2945 2950 2974 2980 2996 3002 3035 3041 3049 3050 3062 3073 3074 3085 3091 3093 3111 3116 3121 3122 3126 3145 3174 3181 3187 3194 3220 3231 3242
62: 2358 2382 2387 2390 2411 2414 2422 2437 2466 2474 2532 2560 2565 2566 2570 2599 2600 2622 2632 2661 2667 2680 2683 2692 2754 2759 2815 2824 2848 2861 2880 2882 2887 2894 2916 2922 2930 2944 2951 2964 2979 2981 3020 3021 3077 3149 3161 3163 3175 3178 3195 3196 3209 3214
63: 2361 2364 2509 2534 2553 2568 2603 2630 2668 2708 2718 2730 2756 2764 2782 2795 2833 2870 2873 2933 2976 2993 3016 3086 3135 3136
64: 2362 2369 2392 2471 2477 2479 2481 2487 2499 2502 2525 2526 2531 2541 2552 2587 2589 2592 2595 2613 2624 2648 2649 2685 2705 2731 2771 2772 2786 2801 2802 2826 2830 2834 2841 2878 2884 2901 2909 2914 2939 2983 3001 3009 3018 3023 3039 3040 3066 3072 3078 3082 3083 3115 3123 3124 3129 3131 3144 3155 3166 3180 3199 3201 3205 3211 3213 3221 3223 3225 3230 3236 3239
65: 2365 2373 2395 2417 2451 2455 2480 2503 2521 2547 2571 2584 2598 2646 2663 2686 2709 2741 2774 2781 2820 2869 2908 2973 2975 2995 3011 3012 3013 3075 3089 3092 3146 3150 3173 3185
66: 2366 2391 2394 2415 2469 2482 2520 2549 2615 2652 2665 2678 2695 2713 2720 2723 2789 2832 2874 2921 2943 3032 3055 3057 3109 3112 3117 3137 3138 3164
67: 2367 2371 2409 2429 2431 2442 2452 2454 2459 2470 2484 2491 2501 2519 2522 2550 2551 2561 2573 2575 2588 2596 2629 2635 2640 2650 2664 2687 2732 2737 2743 2757 2785 2804 2813 2814 2822 2837 2840 2859 2860 2900 2915 2927 2938 2958 2960 2963 2966 2982 3044 3048 3063 3067 3087 3102 3139 3156 3168 3171 3179 3184 3186 3190 3212 3232
68: 2370 2594 2597 2672 2689 2712 2750 2752 2760 2800 2816 2875 2891 2903 2920 3004 3056 3068
69: 2375 2378 2416 2457 2468 2475 2486 2496 2508 2515 2529 2540 2557 2559 2606 2618 2626 2639 2666 2677 2715 2724 2744 2748 2767 2779 2796 2812 2825 2843 2854 2881 2883 2929 3017 3031 3052 3054 3060 3099 3106 3120 3134 3140 3151 3160 3182 3197 3210 3218
70: 2376 2388 2399 2419 2426 2430 2432 2434 2445 2449 2458 2467 2493 2505 2506 2513 2517 2556 2564 2607 2627 2647 2653 2671 2722 2733 2758 2770 2776 2784 2793 2803 2806 2809 2818 2835 2847 2856 2862 2876 2889 2892 2898 2910 2912 2913 2923 2942 2946 2947 2952 2955 2968 2986 2988 2992 2997 3022 3025 3028 3029 3030 3037 3038 3042 3059 3061 3076 3094 3097 3098 3114 3127 3147 3158 3169 3177 3188 3189 3192 3203 3215 3217 3229 3233 3234 3240
71: 2379 2396 2413 2424 2510 2511 2558 2614 2655 2694 2711 2765 2788 2858 2935 2936 2937 2941 2961 2987 2994 3026 3036 3053 3088 3095 3132
72: 2380 2383 2438 2446 2464 2483 2489 2518 2538 2605 2609 2631 2643 2673 2688 2703 2763 2783 2836 2896 2906 2917 2932 2977 2978 2984 3046 3051 3071 3107 3128 3152 3162 3165 3176
73: 2381 2384 2400 2435 2440 2453 2456 2463 2472 2476 2478 2507 2512 2527 2537 2544 2577 2578 2580 2583 2612 2637 2656 2660 2669 2676 2690 2700 2755 2787 2823 2850 2853 2888 2890 2893 2897 2918 2928 2931 2948 2959 2999 3010 3014 3019 3033 3045 3065 3069 3100 3104 3113 3119 3133 3141 3142 3157 3191 3193 3200 3202 3204 3206 3207 3226 3228 3235 3241
74: 2397 2439 2516 2585 2602 2645 2657 2659 2702 2707 2717 2746 2775 2794 2808 2810 2864 2899 2965 2989 2990 3000 3006 3027 3058 3064 3079 3101 3118 3148 3154 3172
75: 2401 2444 2539 2542 2546 2617 2619 2638 2674 2714 2749 2777 2780 2827 2865 2885 2925 2970 2985 3007 3081 3084 3125
76: 2402 2436 2450 2461 2530 2554 2610 2633 2693 2698 2704 2716 2797 2807 2819 2838 2924 2926
77: 2405 2406 2421 2441 2448 2460 2488 2492 2500 2543 2562 2576 2581 2593 2620 2654 2728 2734 2738 2766 2798 2842 2949 2954 2967 3103 3143 3153 3159 3167
78: 2408 2412 2473 2497 2548 2555 2569 2590 2706 2791 2957 2969 3003 3015
79: 2418 2447 2490 2494 2601 2670 2691 2697 2845 2863 2871 2886 2919 2953 2972 3005 3008 3024
80: 2462 2536 2545 2591 2641 2699 2729 2790 2817 2857 2905
81: 3243 3248 3253 3282 3291 3294 3300 3317 3333 3334 3336 3362 3389 3403 3405 3442 3447 3490 3570 3594 3595 3613 3638 3651 3652 3677 3748 3789 3798 3823 3864 3873 3880 3895 3899 3913 3942 3947 3950 3958 3959 3963 3979 3997 4013 4021 4023 4024 4033 4034 4038 4043 4065 4066 4139 4146 4158 4178 4190 4191
82: 3244 3250 3279 3283 3288 3292 3329 3335 3344 3345 3413 3422 3462 3480 3495 3501 3519 3534 3544 3554 3562 3579 3591 3614 3615 3653 3661 3672 3673 3718 3738 3753 3765 3766 3816 3827 3852 3856 3912 3923 3949 3970 3990 4019 4039 4077 4102 4114 4124 4132 4148 4180
83: 3245 3261 3299 3308 3310 3312 3361 3421 3468 3512 3545 3604 3664 3751 3807 3813 3831 3885 3911 3933 4027 4075 4082
84: 3246 3259 3272 3273 3298 3325 3364 3407 3418 3432 3450 3506 3507 3510 3526 3565 3568 3578 3586 3606 3619 3621 3632 3655 3697 3707 3709 3724 3725 3728 3734 3770 3772 3778 3781 3803 3829 3833 3858 3866 3871 3884 3887 3892 3894 3901 3964 3985 3989 4006 4017 4037 4045 4047 4076 4084 4090 4115 4133 4141 4145 4156 4160 4168 4186 4192 4193 4198 4205 4207
85: 3247 3252 3255 3268 3277 3280 3284 3286 3311 3319 3327 3371 3379 3380 3386 3393 3398 3404 3410 3416 3434 3439 3453 3454 3460 3482 3494 3497 3521 3528 3559 3575 3587 3599 3602 3630 3633 3649 3658 3680 3704 3727 3730 3745 3749 3756 3773 3776 3779 3782 3783 3784 3787 3796 3801 3811 3822 3843 3869 3870 3883 3902 3919 3920 3921 3941 3974 4004 4028 4048 4056 4057 4061 4074 4086 4096 4105 4118 4120 4122 4155 4166 4171 4181 4197
86: 3249 3331 3359 3370 3585 3635 3636 3666 3667 3794 3805 3844 3890 3934 3973 3992
87: 3251 3256 3267 3270 3290 3326 3348 3409 3429 3430 3448 3465 3467 3488 3514 3516 3525 3530 3535 3536 3611 3628 3692 3700 3701 3715 3717 3732 3768 3785 3808 3812 3828 3835 3839 3842 3855 3859 3863 3918 3929 3931 3935 3946 3955 3977 3998 4000 4015 4036 4049 4067 4071 4094 4111 4119 4154 4157 4164 4182 4183 4184 4200
88: 3254 3262 3266 3269 3289 3295 3302 3350 3365 3390 3414 3415 3423 3427 3456 3469 3472 3479 3481 3487 3502 3538 3541 3557 3596 3601 3605 3620 3641 3670 3683 3688 3723 3775 3780 3795 3806 3819 3877 3908 3925 3938 3995 4040 4063 4072 4089 4117 4125 4131 4149 4152 4161 4167
89: 3257 3275 3285 3301 3337 3357 3382 3391 3402 3437 3461 3496 3547 3607 3612 3617 3657 3663 3720 3733 3736 3760 3762 3764 3800 3826 3845 3874 3891 3904 3905 3939 3940 3978 4003 4031 4032 4052 4070 4080 4083 4101 4121 4127 4138 4177
90: 3258 3287 3303 3322 3349 3356 3368 3374 3387 3394 3408 3419 3425 3426 3444 3455 3485 3499 3508 3513 3520 3553 3574 3592 3623 3647 3665 3675 3676 3682 3691 3714 3721 3739 3743 3747 3752 3769 3771 3815 3818 3832 3841 3851 3862 3868 3909 3927 3928 3930 3936 3952 3987 4010 4014 4055 4069 4095 4104 4109 4123 4135 4142 4159 4162 4174 4189 4195 4199 4201 4208
91: 3260 3264 3276 3278 3307 3309 3314 3328 3339 3342 3355 3369 3381 3384 3395 3400 3412 3438 3464 3477 3493 3503 3511 3515 3517 3524 3537 3551 3552 3564 3566 3567 3572 3583 3588 3603 3616 3622 3644 3648 3678 3690 3705 3708 3712 3729 3741 3742 3754 3759 3788 3809 3821 3834 3836 3837 3838 3854 3860 3865 3872 3875 3888 3889 3893 3900 3910 3922 3932 3943 3945 3951 3961 3983 3984 3993 3994 4001 4012 4035 4041 4042 4054 4087 4098 4100 4134 4136 4144 4150 4163 4165 4169 4170 4172 4209 4210 4211
92: 3263 3281 3318 3332 3358 3373 3376 3428 3433 3452 3471 3478 3489 3500 3509 3522 3555 3571 3590 3597 3624 3656 3713 3744 3758 3790 3825 3840 3848 3867 3886 3898 3924 3975 3980 4009 4025 4030 4050 4053 4060 4073 4081 4103 4107 4108 4110 4129 4153 4173 4185 4187 4194
93: 3265 3274 3330 3347 3352 3353 3367 3406 3443 3463 3470 3473 3484 3542 3549 3561 3584 3593 3598 3610 3625 3637 3643 3679 3685 3695 3703 3706 3710 3711 3719 3726 3757 3774 3777 3786 3797 3830 3849 3857 3876 3881 3882 3896 3897 3915 3937 3948 3956 3957 3968 3969 3972 4002 4020 4022 4058 4079 4088 4097 4099 4113 4116 4130 4137 4143 4147 4151 4176 4188 4203
94: 3271 3306 3360 3396 3446 3476 3483 3486 3492 3498 3527 3531 3609 3631 3646 3659 3693 3698 3731 3750 3792 3820 3846 3853 3861 3967 3982 3996 4011 4051
95: 3293 3315 3321 3324 3354 3383 3385 3440 3459 3699 3735 3814 3907
96: 3296 3338 3346 3351 3366 3375 3388 3392 3397 3401 3411 3420 3435 3441 3451 3457 3458 3466 3474 3475 3491 3504 3505 3523 3533 3539 3548 3550 3556 3569 3576 3577 3589 3629 3634 3639 3645 3660 3662 3674 3681 3686 3687 3696 3746 3761 3804 3824 3850 3878 3914 3916 3917 3944 3953 3954 3960 3962 3966 3971 3991 3999 4005 4008 4018 4026 4044 4046 4059 4091 4106 4112 4126 4128 4140 4175 4179 4196 4202 4204 4206
97: 3297 3304 3305 3323 3340 3341 3377 3449 3518 3560 3600 3654 3684 3716 3737 3755 3791 3879 4016 4029 4068 4078 4085 4093
98: 3313 3316 3372 3436 3529 3546 3558 3581 3582 3608 3618 3627 3763 3799 3810 3926 3976 3986 3988 4007 4062
99: 3320 3378 3417 3424 3543 3640 3689 3694 3702 3722 3767 3802 3906
100: 3343 3363 3399 3431 3445 3532 3540 3563 3573 3580 3626 3642 3650 3668 3669 3671 3740 3793 3817 3847 3903 3965 3981 4064 4092
101: 4212 4214 4217 4222 4224 4225 4226 4227 4231 4236 4249 4282 4285 4289 4291 4294 4297 4300 4306 4307 4309 4317 4318 4324 4325 4328 4332 4333 4344 4346 4347 4351 4358 4359 4360 4363 4366 4370 4374 4378 4381 4387 4390 4395 4399 4400 4411 4415 4424 4427 4428 4430 4432 4434 4441 4446 4450 4454 4461 4462 4471 4490 4496 4500 4502 4506 4507 4512 4513 4514 4515 4522 4527 4528 4529 4531 4534 4537 4538 4544 4546 4547 4553 4554 4555 4556 4557 4560 4561 4562 4564 4566 4567 4568 4569
102: 4213 4219 4237 4238 4258 4302 4321 4354 4380 4397
103: 4215 4221 4234 4252 4253 4255 4273 4288 4308 4315 4329 4330 4350 4353 4365 4394 4405 4406 4425 4426 4429 4431 4438 4444 4445 4447 4470 4487 4493 4498 4505 4509 4517 4518 4520 4521 4523 4532 4536 4542 4543 4545 4552
104: 4216 4218 4241 4247 4251 4254 4257 4259 4265 4267 4268 4272 4275 4277 4281 4283 4290 4298 4301 4304 4312 4319 4323 4331 4336 4337 4339 4342 4349 4361 4364 4372 4373 4375 4383 4386 4392 4396 4398 4401 4403 4407 4410 4413 4420 4433 4439 4449 4452 4453 4455 4469 4473 4474 4477 4479 4480 4481 4485 4486 4495 4497 4499 4503 4510 4516 4519 4530 4533 4535 4539 4540 4541 4548 4549 4550 4551 4558 4559 4563 4565
105: 4220 4232 4244 4246 4256 4260 4262 4271 4274 4279 4295 4299 4311 4320 4322 4340 4343 4362 4369 4382 4388 4404 4423 4437 4443 4466 4468 4475 4483 4488 4508 4511 4524 4525 4526
106: 4223 4233 4239 4242 4245 4250 4269 4278 4292 4293 4303 4345 4389 4393 4414 4440 4476 4482 4501
107: 4228 4286 4305 4313 4327 4355 4356 4377 4418 4422 4435 4442
108: 4229 4240 4243 4248 4263 4276 4296 4348 4368 4376 4384 4385 4408 4448 4451 4456 4489 4492 4504
109: 4230 4287 4314 4316 4326 4335 4338 4352 4367 4421 4459 4465 4472 4478 4484 4491 4494
110: 4235 4264 4266 4357 4371 4402 4409 4416 4417 4419 4458 4463 4464 4467
111: 4261 4270 4280 4284 4310 4334 4341 4379 4391 4412 4436 4457 4460
112: 4570 4583 4607 4624 4652 4673 4719 4735 4739 4757 4777 4786 4797 4807 4834 4857
113: 4571 4599 4628 4637 4648 4656 4682 4714 4741 4749 4750 4755 4791 4799 4812 4848 4858 4873 4889 4897 4906 4918 4920 4939
114: 4572 4585 4587 4593 4596 4600 4615 4617 4621 4632 4633 4639 4659 4666 4672 4678 4696 4700 4702 4713 4715 4716 4717 4721 4723 4729 4733 4751 4761 4763 4765 4771 4780 4787 4800 4806 4809 4810 4816 4826 4827 4828 4851 4855 4860 4863 4870 4871 4879 4891 4894 4901 4903 4907 4908 4919 4922 4925 4943 4944 4955 4965 4968 4974 4979 4982 4988 4990 4991 4993 4996 4997 4998 4999
115: 4573 4580 4605 4623 4630 4635 4685 4686 4728 4772 4785 4804
116: 4574 4588 4592 4594 4597 4606 4613 4653 4655 4660 4664 4668 4671 4704 4706 4707 4730 4732 4734 4736 4753 4769 4782 4789 4793 4798 4819 4822 4831 4839 4840 4845 4853 4869 4875 4883 4902 4904 4910 4915 4927 4932 4942 4945 4949 4952 4966 4973 4984 4987
117: 4575 4577 4591 4647 4670 4674 4687 4688 4689 4694 4708 4727 4740 4744 4766 4776 4783 4813 4832 4841 4847 4861 4876 4885 4892 4896 4953
118: 4576 4602 4620 4622 4642 4698 4720 4726 4770 4794 4796 4814 4825
119: 4578 4582 4608 4638 4645 4651 4654 4675 4705 4712 4759 4779 4795 4802 4838 4842 4862 4865 4866 4878 4934
120: 4579 4601 4611 4626 4634 4641 4644 4646 4665 4683 4684 4692 4711 4718 4725 4737 4743 4745 4760 4764 4768 4773 4788 4817 4820 4821 4823 4824 4833 4844 4854 4868 4877 4880 4881 4887 4900 4921 4935 4948 4951 4957 4961 4964 4969 4976 4983 4985 4989
121: 4581 4586 4589 4598 4609 4616 4618 4625 4631 4636 4640 4643 4649 4650 4657 4681 4695 4701 4709 4710 4748 4754 4758 4762 4830 4837 4843 4846 4849 4850 4867 4882 4905 4912 4914 4916 4926 4928 4936 4937 4940 4946 4958 4959 4971
122: 4584 4590 4603 4612 4619 4627 4661 4663 4667 4679 4680 4693 4697 4722 4731 4742 4746 4752 4756 4767 4774 4784 4792 4801 4803 4805 4808 4811 4829 4835 4836 4856 4864 4872 4884 4886 4888 4890 4899 4911 4923 4924 4930 4931 4933 4938 4941 4954 4960 4963 4970 4981 4986 4992 4994 4995
123: 4595 4604 4610 4614 4629 4658 4662 4669 4676 4677 4690 4691 4699 4703 4724 4738 4747 4775 4778 4781 4790 4815 4818 4852 4859 4874 4893 4895 4898 4909 4913 4917 4929 4947 4950 4956 4962 4967 4972 4975 4977 4978 4980
