0: 0 5 14 22 29 53 55 60 63 74 87 100 105 107 114 122 132 141 144 152 156 157 166 168 175 190 194 205 206 224 227 232 236 241 247 248 251 253 257 259
1: 1 41 62 103 108 118 127 146 163 167 169 176 182 186 208
2: 2 3 6 8 11 24 25 26 27 31 33 35 37 39 45 54 57 59 72 73 75 81 92 94 95 97 98 111 116 117 124 126 129 131 133 135 136 142 145 148 155 164 172 174 178 179 180 183 184 191 195 197 198 199 200 201 203 209 210 213 214 216 217 221 235 238 240 242 243 246 250 256 261 263 264 265 266 267 268 269 270 271 272 273
3: 4 7 10 12 17 19 21 38 40 42 48 50 51 52 56 58 79 82 89 101 106 110 112 113 115 121 130 134 137 140 143 149 153 154 160 177 192 196 218 228 229 230 231 252 254
4: 9 13 20 28 43 44 46 68 69 77 78 80 91 93 96 102 128 139 147 158 159 161 171 181 189 193 207 211 219 222 223 225 226 233 234 237 239 244 245 255 258 260 262
5: 15 16 18 23 30 32 36 47 49 65 66 71 76 86 88 90 99 119 120 138 151 162 170 173 185 188 202 204 212 215 220 249
6: 34 61 64 67 70 83 84 85 104 109 123 125 150 165 187
7: 274 276 279 283 333 394 398 407 431 434 435 442 474 479 490 514 524 532 534
8: 275 280 284 286 293 301 324 369 404 412 421 464 492 499 510 512 517 523 542 550 554
9: 277 285 288 290 291 292 296 298 303 304 309 310 313 317 318 319 322 325 327 334 340 343 344 349 352 381 383 384 388 391 393 401 406 408 416 418 423 425 426 428 429 433 444 447 457 458 462 468 473 481 482 491 495 496 498 500 501 503 504 515 518 520 526 528 529 530 538 543 544 545 546 548 552 559 561 563 564 568 569 570 571 572 573 578 580 583 584 585 589 592 593 594
10: 278 287 294 297 302 305 307 311 321 323 328 331 337 341 342 345 351 354 357 359 361 363 366 370 372 380 382 385 389 397 400 403 405 409 410 414 417 419 427 430 441 451 452 456 459 461 463 466 467 469 470 472 477 484 486 488 489 494 497 502 506 508 511 513 519 521 527 531 535 541 549 551 555 556 560 565 566 567 574 575 576 577 579 581 582 586 587 588 590 591
11: 281 312 326 336 339 346 350 360 364 367 377 378 379 395 399 402 411 413 440 446 449 455 471 487 507 537 540 553
12: 282 289 295 308 329 330 332 338 355 358 371 376 386 390 392 432 450 453 454 480 483 509 522 533 547 562
13: 299 314 315 316 320 335 347 356 365 368 374 375 387 436 437 443 445 448 460 465 478 485 505 516 536 557 558
14: 300 306 348 353 362 373 396 415 420 422 424 438 439 475 476 493 525 539
15: 595 602 656 657 670 702 740 744 756 797 823 835 846 869 910 993 1038 1043 1054 1059 1060 1065 1071 1081 1085 1092 1141 1172 1181 1184 1191 1216 1227 1248 1259 1262 1263 1273 1280 1281 1362 1369 1387
16: 596 617 629 645 646 648 666 668 681 682 815 819 821 831 842 891 899 902 949 961 963 964 965 967 979 981 992 998 999 1008 1013 1018 1044 1049 1074 1105 1112 1131 1146 1153 1158 1166 1200 1213 1243 1247 1255 1269 1271 1275 1290 1291 1307 1311 1312 1314 1348 1357 1368 1372 1377 1385 1407 1423 1428
17: 597 607 624 633 637 653 669 676 677 684 691 697 700 704 712 716 723 737 741 742 745 759 780 781 785 795 813 814 816 837 839 841 850 877 887 896 898 901 921 929 936 941 952 984 987 1003 1014 1030 1033 1041 1067 1070 1082 1083 1098 1114 1115 1122 1127 1138 1145 1151 1160 1185 1192 1204 1233 1249 1266 1274 1285 1287 1297 1313 1318 1321 1322 1326 1329 1346 1354 1374 1402 1404 1413 1417 1419 1427
18: 598 628 680 694 706 735 746 933 957 969 1050 1142 1162 1167 1214 1222 1257 1278 1279 1299 1300 1302
19: 599 600 610 616 630 639 644 659 662 675 685 686 687 698 708 713 717 731 747 751 757 764 767 771 774 778 779 786 794 810 817 827 832 848 863 864 873 888 897 900 906 912 924 931 938 943 944 946 985 986 1022 1034 1036 1053 1058 1061 1093 1099 1109 1129 1130 1150 1169 1175 1178 1182 1183 1193 1205 1221 1237 1253 1265 1267 1277 1315 1331 1334 1335 1340 1355 1366 1371 1386 1390 1393 1398 1409 1410 1411 1412 1425 1426
20: 601 605 614 625 650 651 678 689 718 720 734 773 799 801 812 825 903 913 932 973 976 977 1020 1021 1027 1078 1084 1137 1223 1241 1251 1303 1305 1309 1320 1344
21: 603 608 611 626 631 638 660 672 699 748 754 776 798 811 844 861 905 920 982 1026 1046 1052 1062 1103 1110 1144 1148 1157 1165 1244 1258 1272 1301 1324 1375
22: 604 609 620 634 641 693 721 859 878 879 950 980 1032 1108 1135 1170 1187 1195 1284
23: 606 643 663 664 696 714 732 739 791 824 852 862 880 907 927 928 940 942 948 997 1025 1035 1051 1087 1094 1095 1096 1102 1113 1116 1118 1134 1143 1149 1156 1161 1168 1224 1228 1229 1242 1283 1286 1288 1289 1292 1295 1306 1327 1333 1339 1342 1351 1359 1361 1364 1365 1370 1379 1388 1392 1395 1396
24: 612 703 766 787 809 909 951 954 1002 1045 1063 1090 1119 1174 1177 1201 1215 1225 1239
25: 613 618 619 636 690 722 765 782 833 843 860 917 923 937 972 975 990 991 1005 1012 1055 1056 1064 1088 1173 1196 1197 1198 1199 1235 1240 1270 1293 1310 1350 1352 1381
26: 615 632 658 683 728 738 752 760 762 768 769 772 775 808 836 853 856 875 876 883 884 890 904 914 925 953 960 968 989 994 1004 1015 1019 1028 1031 1057 1069 1077 1091 1139 1171 1202 1211 1220 1236 1238 1245 1246 1252 1256 1294 1308 1317 1319 1325 1332 1338 1343 1345 1360 1367 1391 1394 1397 1399 1401 1405 1408 1418 1421
27: 621 623 627 642 652 654 667 671 673 679 688 701 707 709 711 715 726 730 758 777 788 796 803 806 822 829 830 838 845 857 858 865 871 872 874 881 885 889 893 895 908 911 915 922 926 930 955 958 962 966 974 983 995 1016 1029 1039 1040 1042 1047 1073 1079 1106 1117 1125 1132 1133 1152 1194 1203 1208 1209 1210 1218 1219 1231 1234 1250 1261 1298 1304 1330 1341 1347 1349 1353 1356 1363 1373 1376 1382 1383 1384 1389 1400 1406 1415 1420 1422
28: 622 635 647 649 655 665 674 705 729 750 753 761 770 790 792 800 805 828 854 855 886 918 939 945 947 971 1009 1023 1048 1068 1072 1076 1086 1104 1123 1126 1128 1136 1140 1154 1155 1176 1179 1180 1186 1217 1226 1254 1260 1264 1268 1296 1328 1336 1337 1358 1378 1380 1403 1414 1416 1424
29: 640 710 719 727 733 736 763 789 804 820 849 935 978 1001 1010 1017 1080 1101 1107 1111 1124 1147 1189 1206
30: 661 724 725 783 840 866 870 892 956 988 1000 1007 1066 1075 1089 1097 1120 1164 1207 1212 1230
31: 692 695 749 755 784 793 807 834 847 851 868 894 996 1006 1037 1121 1163 1188 1190 1276 1282 1316 1323
32: 743 802 818 826 867 882 916 919 934 959 970 1011 1024 1100 1159 1232
33: 1429 1430 1433 1435 1436 1438 1442 1445 1449 1454 1455 1456 1457 1458 1459 1460 1462 1464 1472 1474 1476 1477 1481 1482 1485 1486 1491 1494 1496 1500 1505 1506 1512 1517 1523 1527 1533 1537 1538 1539 1540 1545 1550 1551 1552 1561 1564 1566 1571 1573 1576 1582 1583 1590 1593 1594 1596 1597 1600 1602 1603 1605 1606 1608 1611 1612 1614 1616 1624 1625 1627 1630 1632 1634 1636 1638 1640 1642 1645 1646 1647 1648
34: 1431 1432 1437 1439 1443 1444 1446 1450 1452 1461 1463 1466 1468 1473 1475 1484 1487 1493 1495 1497 1498 1501 1503 1504 1507 1511 1518 1524 1525 1526 1530 1532 1544 1546 1548 1549 1554 1555 1556 1558 1559 1560 1565 1567 1569 1570 1575 1577 1578 1580 1586 1588 1589 1591 1592 1595 1599 1613 1615 1618 1619 1622 1626 1628 1637 1639 1641 1643 1644
35: 1434 1440 1448 1451 1467 1470 1471 1478 1479 1488 1489 1490 1492 1499 1502 1508 1509 1510 1514 1515 1516 1520 1522 1528 1529 1531 1535 1536 1542 1557 1563 1568 1572 1579 1581 1584 1598 1601 1609 1610 1617 1620 1621 1623 1629 1631 1633 1635
36: 1441 1447 1453 1465 1469 1480 1483 1513 1519 1521 1534 1541 1543 1547 1553 1562 1574 1585 1587 1604 1607
37: 1649 1655 1658 1672 1684 1701 1709 1710 1727 1735 1738 1756 1773 1779 1799 1810 1811 1817 1821 1836 1860
38: 1650 1654 1657 1662 1663 1670 1671 1673 1675 1677 1678 1679 1685 1689 1691 1692 1693 1695 1702 1708 1711 1713 1717 1718 1719 1721 1722 1725 1729 1730 1731 1739 1742 1744 1747 1748 1750 1751 1754 1755 1760 1763 1764 1768 1770 1775 1778 1780 1782 1784 1785 1787 1789 1792 1795 1797 1798 1802 1803 1804 1805 1812 1814 1815 1826 1827 1829 1833 1835 1851 1854 1856 1862 1864 1865 1866 1868 1881 1883 1886 1889 1890 1891 1892 1893 1894 1895 1896 1897
39: 1651 1653 1665 1668 1698 1700 1705 1706 1715 1716 1723 1726 1728 1733 1734 1736 1749 1769 1771 1772 1776 1790 1806 1819 1822 1823 1838 1840 1843 1844 1852 1855 1857 1859 1861 1863 1869 1872
40: 1652 1656 1660 1666 1683 1690 1697 1703 1707 1724 1741 1753 1757 1762 1765 1766 1767 1774 1781 1791 1794 1796 1800 1801 1813 1820 1824 1825 1828 1839 1841 1846 1849 1867 1871 1874 1875 1876 1877 1878 1879 1880 1882 1884 1885 1887 1888
41: 1659 1664 1674 1676 1681 1686 1688 1694 1696 1704 1737 1740 1752 1758 1759 1761 1777 1786 1788 1793 1808 1809 1816 1830 1831 1832 1834 1837 1847 1848 1850 1853 1870 1873
42: 1661 1667 1669 1680 1682 1687 1699 1712 1714 1720 1732 1743 1745 1746 1783 1807 1818 1842 1845 1858
43: 1898 1899 1935 1949 1951 1957 1960 1961 1978 1984 1986 2004 2006 2007 2008 2018 2019 2024 2036 2038 2039 2045 2049 2060 2065 2080 2089 2090 2091 2092 2096 2105 2118 2122 2123 2128 2132 2134 2146 2148 2162 2166 2187 2195 2198 2200 2201 2212 2218 2222 2228 2237 2238 2242 2247 2250 2254 2260 2266 2268 2269 2277 2278 2280 2283 2287
44: 1900 1922 1923 1930 1932 1934 1946 1947 1948 1965 1969 1989 1992 1994 2009 2015 2022 2031 2034 2041 2055 2075 2076 2106 2112 2131 2133 2135 2136 2149 2152 2160 2163 2164 2168 2174 2177 2179 2204 2205 2207 2230 2233 2251 2252 2262 2267 2272
45: 1901 1904 1908 1909 1914 1916 1918 1924 1925 1929 1937 1940 1943 1944 1950 1952 1956 1959 1963 1970 1971 1993 1997 2005 2014 2021 2033 2040 2042 2050 2051 2052 2057 2059 2072 2073 2074 2079 2085 2104 2115 2121 2124 2138 2140 2142 2155 2156 2172 2175 2180 2186 2194 2203 2206 2213 2215 2221 2224 2236 2239 2241 2246 2256 2258 2259 2264 2265 2270 2275 2276 2281 2282 2284 2285 2286
46: 1902 1920 1927 1972 1973 2001 2035 2053 2064 2066 2094 2103 2107 2119 2126 2165 2178 2190 2202 2210 2214 2217 2220 2223 2231 2234 2235 2244 2245 2255
47: 1903 1906 1915 1928 1933 1938 1939 1958 1964 1966 1976 1977 1982 1983 1987 1998 1999 2000 2011 2012 2017 2020 2023 2047 2048 2056 2063 2077 2095 2097 2100 2114 2117 2127 2129 2130 2143 2144 2150 2158 2167 2183 2184 2192 2209 2216 2227 2232 2243 2257 2261 2271 2273 2279
48: 1905 1910 1911 1917 1921 1936 1945 1953 1955 1962 1967 1974 1975 1980 1981 1988 1990 1995 2010 2013 2016 2029 2037 2044 2054 2081 2098 2102 2108 2137 2141 2145 2153 2170 2188 2189 2193 2196 2197 2208 2225 2226 2248 2253 2263 2274
49: 1907 1954 1979 1985 2025 2032 2046 2062 2082 2084 2086 2120 2147 2161 2185 2191
50: 1912 1913 1919 1996 2003 2030 2088 2093 2116 2154 2159 2176 2181
51: 1926 1942 1968 1991 2002 2027 2043 2058 2061 2067 2070 2071 2099 2101 2109 2110 2111 2113 2125 2139 2151 2182 2199 2211 2219 2229 2240 2249
52: 1931 1941 2026 2028 2068 2069 2078 2083 2087 2157 2169 2171 2173
53: 2288 2296 2316 2320 2366 2380 2382 2413 2429 2441 2506 2507 2530 2534 2547 2553 2554 2566 2602 2609 2616 2654 2672 2696 2719 2737 2770 2796
54: 2289 2334 2396 2400 2414 2481 2487 2494 2515 2531 2537 2560 2637 2652 2702 2743 2758
55: 2290 2311 2325 2337 2360 2362 2372 2391 2393 2424 2454 2464 2469 2471 2478 2482 2511 2516 2523 2550 2565 2572 2576 2598 2599 2601 2638 2645 2649 2653 2657 2668 2692 2700 2703 2705 2711 2721 2731 2740 2741 2767 2825 2831 2833 2834 2837 2845 2850
56: 2291 2341 2354 2359 2403 2415 2418 2430 2439 2449 2451 2466 2467 2475 2480 2483 2484 2486 2495 2527 2545 2546 2552 2574 2592 2594 2610 2613 2623 2629 2643 2651 2660 2661 2686 2693 2707 2735 2748 2751 2753 2766 2777 2786 2797 2814 2818 2835 2853 2854
57: 2292 2299 2308 2309 2313 2331 2344 2356 2374 2388 2390 2392 2394 2395 2420 2421 2443 2461 2462 2499 2538 2542 2561 2571 2591 2597 2604 2607 2618 2622 2628 2632 2650 2663 2675 2678 2680 2698 2699 2712 2722 2727 2732 2736 2742 2771 2788 2790 2801 2816 2824 2836 2839 2849 2855 2857 2858 2860 2862 2865
58: 2293 2294 2295 2298 2301 2302 2304 2306 2310 2315 2329 2345 2353 2365 2368 2369 2371 2375 2387 2405 2409 2410 2411 2422 2432 2444 2447 2453 2458 2460 2473 2474 2488 2491 2493 2502 2513 2528 2535 2541 2543 2544 2556 2562 2588 2589 2593 2614 2617 2619 2624 2640 2648 2655 2662 2676 2681 2682 2685 2691 2701 2714 2715 2716 2717 2718 2724 2728 2733 2746 2749 2759 2776 2783 2789 2792 2795 2803 2809 2815 2822 2823 2826 2829 2830 2838 2840 2843 2844 2847 2851 2859 2861 2863 2864 2866 2867
59: 2297 2305 2322 2324 2355 2357 2358 2384 2385 2401 2419 2428 2433 2438 2445 2450 2455 2456 2485 2498 2503 2509 2512 2555 2568 2578 2596 2611 2627 2630 2636 2639 2659 2690 2706 2709 2734 2738 2745 2754 2769 2773 2780 2781 2784 2799 2804 2828 2832 2841 2846 2848 2852 2856
60: 2300 2332 2350 2363 2386 2399 2416 2427 2457 2459 2501 2504 2517 2529 2563 2580 2605 2634 2684 2687 2710 2750 2752 2765 2787
61: 2303 2317 2318 2323 2328 2342 2349 2364 2417 2423 2434 2492 2508 2514 2548 2570 2573 2595 2625 2646 2667 2677 2695 2730 2757 2779 2794 2800 2802 2805 2808 2811 2812 2827
62: 2307 2312 2330 2333 2336 2339 2367 2370 2377 2379 2436 2440 2452 2470 2479 2521 2522 2533 2536 2585 2586 2600 2641 2642 2658 2664 2665 2670 2671 2673 2674 2704 2760 2774 2793 2807 2810
63: 2314 2326 2327 2348 2361 2373 2381 2383 2435 2437 2463 2477 2496 2520 2587 2590 2606 2612 2723 2726 2739 2762 2768 2791
64: 2319 2376 2389 2404 2406 2442 2497 2519 2532 2575 2620 2635 2669 2679 2689 2697 2764
65: 2321 2340 2343 2425 2426 2465 2476 2500 2510 2518 2525 2540 2564 2581 2582 2603 2626 2633 2647 2688 2694 2713 2720 2729 2744 2761 2782 2785 2806 2820
66: 2335 2338 2352 2397 2398 2402 2446 2448 2472 2490 2505 2524 2526 2539 2549 2551 2557 2559 2567 2569 2577 2583 2584 2608 2615 2621 2631 2644 2656 2666 2755 2763 2772 2775 2778 2798 2813 2817 2819 2821 2842
67: 2346 2347 2351 2378 2407 2408 2412 2431 2468 2489 2558 2579 2683 2708 2725 2747 2756
68: 2868 2869 2870 2875 2878 2894 2912 2916 2921 2940 2972 2973 2988 2991 2993 3007 3010 3012 3035 3040 3043 3051 3055 3071 3100
69: 2871 2872 2881 2882 2883 2884 2888 2896 2900 2902 2909 2910 2913 2915 2918 2922 2923 2934 2941 2948 2949 2951 2953 2957 2966 2980 2989 2995 2996 3001 3004 3005 3011 3015 3018 3020 3021 3022 3024 3029 3031 3033 3037 3042 3044 3049 3053 3062 3063 3067 3073 3076 3077 3079 3081 3092 3094 3098 3102 3107 3111 3112 3115 3117 3118 3120 3121 3122 3123 3127 3130 3134
70: 2873 2874 2877 2879 2886 2887 2889 2890 2893 2898 2901 2903 2905 2914 2917 2920 2924 2925 2926 2931 2932 2935 2936 2938 2943 2947 2950 2952 2960 2962 2964 2965 2967 2969 2971 2978 2981 2984 2985 2987 2990 2994 2998 2999 3000 3002 3003 3006 3009 3013 3014 3017 3019 3025 3030 3034 3038 3041 3047 3054 3059 3065 3070 3074 3078 3080 3082 3083 3084 3086 3087 3088 3091 3093 3095 3097 3099 3103 3104 3105 3106 3110 3113 3114 3116 3124 3125 3126 3128 3129 3131 3132 3133
71: 2876 2885 2895 2904 2908 2919 2929 2930 2944 2956 2961 2963 2986 2992 3008 3027 3028 3036 3045 3050 3056 3069 3085 3089 3090 3101
72: 2880 2928 2933 2968 2974 2975 2977 2979 2983 3032 3052 3060 3061 3068
73: 2891 2892 2897 2899 2906 2907 2911 2927 2937 2939 2942 2945 2946 2954 2955 2958 2959 2970 2976 2982 2997 3016 3023 3026 3039 3046 3048 3057 3058 3064 3066 3072 3075 3096 3108 3109 3119
74: 3135 3136 3150 3158 3166 3168 3172 3173 3177 3182 3187 3190 3191 3197 3199 3200 3209 3213 3221 3228 3229 3237 3238 3240 3250 3253 3260 3265 3278 3282 3283 3290 3294 3295 3296 3299 3301 3308 3310 3313 3315 3320 3322 3324 3325 3328 3329 3330 3344 3349 3351 3355 3358 3360 3362 3369 3370 3371 3379 3380 3388 3395 3396 3398 3402 3404
75: 3137 3138 3139 3143 3144 3145 3146 3148 3149 3153 3163 3175 3181 3188 3194 3208 3217 3222 3230 3231 3234 3241 3242 3243 3245 3247 3259 3266 3267 3268 3269 3271 3273 3279 3280 3284 3287 3291 3293 3300 3305 3312 3314 3318 3323 3335 3340 3343 3353 3357 3359 3361 3363 3374 3375 3376 3382 3383 3387 3390 3392 3397 3400 3403 3405
76: 3140 3142 3151 3155 3156 3165 3167 3176 3185 3189 3196 3206 3211 3212 3223 3224 3225 3226 3244 3249 3252 3255 3257 3258 3261 3262 3264 3270 3272 3274 3276 3281 3285 3303 3306 3307 3309 3311 3321 3326 3331 3332 3334 3336 3337 3338 3346 3347 3352 3354 3356 3366 3367 3368 3372 3373 3377 3378 3386 3389 3401 3406
77: 3141 3147 3154 3157 3159 3160 3161 3164 3170 3171 3174 3178 3179 3183 3186 3193 3195 3202 3203 3204 3205 3210 3214 3215 3218 3219 3227 3246 3254 3256 3263 3277 3292 3297 3298 3302 3304 3316 3319 3327 3341 3342 3348 3350 3364 3384 3385 3391 3393 3394 3399
78: 3152 3162 3169 3180 3184 3192 3198 3201 3207 3216 3220 3232 3233 3235 3236 3239 3248 3251 3275 3286 3288 3289 3317 3333 3339 3345 3365 3381
79: 3407 3409 3424 3443 3467 3468 3473 3491 3505 3523 3530 3543 3557 3566 3570 3586 3596 3605 3610 3623 3626 3631 3632 3644 3651 3664 3670 3674 3692 3701 3714 3719 3736 3777 3779 3796 3800 3816 3834 3837 3849 3852 3858 3861 3879 3882 3896 3912 3951 3960 3967 3970 3975 4002 4004 4013 4018 4023 4028 4039 4043 4056 4058 4072 4078 4080 4087 4107 4111 4114 4115 4117 4122 4136 4148 4155 4157 4165 4173 4174 4176 4179 4184 4189
80: 3408 3411 3412 3426 3435 3451 3465 3515 3535 3548 3573 3577 3612 3633 3639 3642 3697 3718 3729 3732 3734 3749 3757 3771 3780 3784 3805 3808 3811 3825 3828 3832 3848 3864 3913 3942 3957 3958 3966 3985 4000 4014 4022 4029 4031 4060 4091 4101 4135 4137 4143 4152 4159 4160 4161 4167 4168 4175 4182
81: 3410 3414 3434 3439 3454 3474 3478 3480 3490 3508 3528 3531 3547 3560 3581 3609 3622 3635 3650 3666 3689 3690 3699 3706 3709 3723 3741 3751 3760 3761 3778 3793 3820 3821 3826 3873 3890 3895 3909 3926 3930 3938 3987 3992 3994 4030 4035 4054 4077 4083 4098 4103 4104 4113 4118 4128 4133 4138 4140 4141 4142 4150 4166 4185 4186
82: 3413 3416 3420 3444 3450 3470 3487 3504 3511 3525 3546 3574 3576 3640 3652 3712 3717 3724 3752 3772 3823 3824 3831 3833 3835 3894 3928 3931 3961 3969 3981 4051 4069 4081 4082 4086 4095 4126 4129 4134 4146 4147 4151
83: 3415 3438 3441 3447 3456 3459 3514 3520 3521 3532 3555 3556 3559 3569 3580 3587 3643 3646 3653 3663 3667 3671 3672 3676 3680 3682 3683 3684 3685 3688 3691 3694 3695 3707 3716 3742 3746 3747 3758 3795 3814 3815 3817 3829 3836 3846 3847 3853 3857 3859 3863 3866 3870 3871 3880 3885 3897 3899 3904 3906 3919 3921 3941 3945 3948 3955 3956 3962 3963 3973 3984 3999 4005 4010 4012 4015 4027 4034 4042 4047 4052 4053 4061 4067 4076 4085 4092 4102 4106 4144 4149 4154 4158 4163 4171 4177 4181 4187 4188 4190
84: 3417 3455 3522 3524 3554 3603 3636 3638 3720 3735 3750 3756 3865 3869 3925 3936 3995 4038
85: 3418 3440 3442 3453 3462 3479 3489 3495 3497 3507 3553 3567 3568 3594 3702 3727 3737 3763 3775 3782 3790 3809 3839 3841 3851 3872 3874 3876 3914 3923 3924 3933 3950 3990 4008 4009 4017 4033 4044 4046 4084 4094 4100 4108 4119 4124 4130 4139 4145 4172 4178 4180
86: 3419 3425 3427 3433 3445 3461 3475 3501 3534 3542 3550 3585 3595 3600 3614 3634 3645 3654 3668 3673 3703 3710 3713 3755 3768 3781 3791 3798 3818 3878 3881 3935 3944 3954 3976 3977 3988 3991 3993 4003 4006 4016 4026 4057 4062 4063 4068 4105 4125 4156 4162 4169 4183
87: 3421 3446 3452 3482 3483 3517 3608 3624 3649 3681 3700 3769 3773 3789 3810 3840 3860 3891 3934 3979 4020 4021 4032 4059 4079
88: 3422 3539 3578 3583 3686 3693 3765 3843 3845 3887 3892 3910 3922 3972 3989 4011 4036
89: 3423 3536 3540 3592 3599 3601 3659 3665 3679 3696 3715 3738 3783 3911
90: 3428 3436 3469 3471 3484 3485 3492 3494 3498 3499 3526 3552 3572 3611 3615 3620 3661 3675 3711 3728 3730 3745 3766 3774 3786 3799 3802 3856 3867 3884 3893 3929 3940 3947 3964 3971 3980 3997 4045 4049 4066 4088 4090 4097 4099 4109 4112 4120 4127 4131 4170
91: 3429 3458 3460 3509 3510 3516 3527 3529 3563 3582 3616 3687 3830 3968
92: 3430 3431 3477 3488 3496 3500 3545 3549 3551 3558 3561 3564 3584 3597 3613 3617 3625 3627 3669 3731 3739 3801 3804 3813 3819 3850 3888 3905 3907 3915 3917 3920 3932 3943 3949 3959 3983 4001 4040 4050 4065 4074 4116 4132 4153 4164
93: 3432 3463 3476 3493 3519 3537 3588 3589 3604 3619 3630 3637 3656 3705 3708 3725 3733 3753 3754 3770 3822 3844 3854 3855 3952 3978 4007 4075 4096 4123
94: 3437 3472 3481 3486 3606 3618 3621 3641 3658 3660 3678 3698 3721 3740 3743 3744 3748 3764 3827 3838 3883 3886 3900 3902 3903 3916 3939 3982 4037 4041 4048 4064 4071 4089
95: 3448 3464 3502 3518 3533 3538 3544 3571 3575 3591 3602 3657 3677 3704 3785 3787 3803 3812 3862 3877 3901 3927 3937 3996 3998 4025 4055 4070 4073 4093 4110 4121
96: 3449 3512 3593 3628 3655 3662 3726 3776 3792 3797 3806 3807 3889 3908 3918 3946 3965
97: 3457 3466 3503 3590 3607 3648 3722 3759 3767 3842 3868 3875 3898 3986 4019 4024
98: 3506 3513 3541 3562 3565 3579 3598 3629 3647 3762 3788 3794 3953 3974
99: 4191 4204 4209 4210 4212 4219 4227 4229 4230 4231 4237 4242 4243 4244 4246 4255 4275 4278 4279 4286 4291 4298 4304 4305 4310 4317 4320 4322 4325 4332 4337 4340 4346 4350 4368 4369 4371 4374 4378 4380 4382 4383 4384 4390 4394 4396 4400 4401 4403 4405 4411 4412 4415 4423 4425 4435 4440 4441 4442 4463 4473 4474 4484 4486 4487 4492 4495 4496 4497 4502 4503 4504 4505 4506 4507 4508 4509 4510 4511 4512 4513
100: 4192 4217 4228 4247 4253 4260 4288 4299 4309 4318 4324 4334 4345 4357 4370 4438 4445
101: 4193 4216 4240 4249 4277 4282 4287 4327 4356 4363 4376 4413 4419 4421
102: 4194 4211 4245 4256 4265 4267 4268 4271 4297 4306 4331 4362 4372 4377 4392 4408 4410 4414 4416 4417 4422 4431 4432 4434 4439 4451 4453 4455 4462 4471 4482 4491
103: 4195 4201 4203 4208 4218 4257 4264 4280 4294 4303 4312 4314 4316 4336 4341 4344 4347 4352 4355 4386 4402 4426 4448 4450 4454 4456 4460 4464 4470 4475 4478 4479 4481 4488 4493 4498
104: 4196 4213 4222 4224 4251 4258 4273 4302 4319 4343 4365 4366 4381 4395 4398 4404 4428 4458
105: 4197 4207 4225 4233 4239 4252 4263 4274 4296 4326 4328 4329 4335 4338 4351 4358 4367 4373 4389 4418 4429 4433 4437 4452 4469 4480 4483
106: 4198 4205 4235 4238 4241 4250 4269 4284 4290 4292 4301 4311 4313 4315 4321 4348 4354 4359 4360 4364 4387 4399 4407 4420 4424 4427 4436 4449 4461 4467 4468 4477 4485 4499 4500 4501
107: 4199 4202 4206 4261 4266 4272 4289 4308 4361 4397
108: 4200 4215 4234 4254 4285 4300 4330 4339 4342 4349 4353 4379 4388 4430 4444 4447 4459
109: 4214 4220 4221 4223 4226 4232 4236 4248 4259 4262 4270 4276 4281 4283 4293 4295 4307 4323 4333 4375 4385 4391 4393 4406 4409 4443 4446 4457 4465 4466 4472 4476 4489 4490 4494
110: 4514 4532 4536 4541 4549 4550 4551 4555 4562 4565 4566 4570 4576 4580 4581 4584 4593 4597 4602 4606 4613 4615 4616 4630 4636 4639 4642 4648 4652 4653 4654 4659 4661 4664 4677 4679 4686 4689 4694 4700 4702 4710 4715 4717 4719 4722 4732 4742 4743 4764 4781 4786 4792 4801 4803 4815 4822 4824 4847 4855 4865 4873 4874 4875 4882 4883 4889 4898 4901 4906 4908 4910 4911 4915 4917 4926 4931 4942 4944 4949 4956 4965 4966 4968 4971 4976 4978 4979 4981 4982 4986 4988 4990 4997
111: 4515 4526 4542 4559 4569 4611 4645 4703 4708 4718 4747 4756 4780 4816 4827 4840
112: 4516 4537 4539 4543 4553 4558 4568 4575 4585 4587 4591 4596 4598 4600 4609 4614 4617 4621 4622 4646 4651 4657 4667 4672 4674 4675 4678 4681 4682 4696 4698 4699 4707 4714 4729 4730 4735 4736 4737 4739 4740 4752 4755 4762 4763 4765 4772 4776 4782 4784 4785 4791 4795 4805 4810 4828 4844 4848 4852 4854 4857 4859 4864 4869 4876 4886 4887 4896 4899 4922 4927 4928 4932 4938 4939 4959 4969 4975 4980 4987 4989 4991 4999
113: 4517 4518 4520 4521 4525 4529 4530 4531 4540 4545 4546 4548 4563 4582 4586 4588 4594 4601 4604 4612 4628 4634 4656 4662 4665 4669 4687 4693 4701 4720 4726 4745 4759 4766 4773 4775 4787 4788 4789 4794 4797 4798 4802 4831 4836 4837 4843 4845 4846 4863 4871 4885 4894 4897 4907 4909 4930 4935 4937 4943 4946 4951 4958 4963 4992 4993 4994 4995 4996 4998
114: 4519 4533 4561 4574 4577 4620 4626 4629 4668 4670 4691 4711 4768 4769 4779 4825 4862 4870 4878 4918 4936
115: 4522 4527 4528 4535 4544 4547 4552 4556 4557 4579 4583 4592 4599 4603 4624 4625 4637 4640 4643 4660 4663 4676 4685 4690 4697 4721 4725 4731 4744 4746 4748 4753 4754 4757 4760 4761 4767 4823 4832 4833 4834 4841 4850 4853 4858 4860 4868 4877 4880 4881 4884 4893 4900 4903 4912 4914 4919 4921 4924 4929 4934 4945 4947 4948 4950 4952 4957 4960 4961 4964 4967 4972 4973 4974 4977 4985
116: 4523 4564 4572 4573 4589 4605 4680 4692 4713 4728 4733 4741 4750 4751 4807 4813 4818 4838 4866 4879 4892 4895 4904 4916 4923 4925 4953 4955 4962
117: 4524 4534 4538 4571 4595 4610 4618 4627 4632 4635 4638 4650 4666 4695 4704 4716 4727 4774 4777 4796 4804 4806 4809 4811 4812 4814 4817 4826 4829 4830 4851 4891 4905 4913 4920 4933 4940 4941 4954 4970 4983 4984
118: 4554 4590 4655 4671 4673 4683 4723 4734 4770 4778 4783 4800 4819 4888 4890
119: 4560 4567 4607 4623 4641 4647 4649 4709 4738 4808 4842 4849 4856 4872
120: 4578 4608 4631 4633 4644 4705 4706 4749 4758 4771
121: 4619 4658 4684 4688 4712 4724 4790 4793 4799 4820 4821 4835 4839 4861 4867 4902
