0: 0 22 58 81 118 160 208 222 228 259 275 277 302 360 375 385 402 406 429 436 496 500 505 516 561 593 619 712
1: 1 9 20 42 44 101 122 141 144 178 188 190 244 263 266 269 300 305 306 326 330 361 371 395 412 443 467 502 542 545 573 582 588 602 607 645 698 709 711 729 730 738 741 744
2: 2 8 30 49 108 142 165 168 202 209 281 331 350 359 387 448 455 470 524 659 668
3: 3 47 48 146 148 159 164 199 273 291 309 313 319 341 342 357 394 463 472 474 484 498 508 518 533 570 574 577 600 653 686 705
4: 4 13 14 19 29 33 38 40 63 70 90 91 103 106 115 123 128 129 138 149 155 163 167 175 176 183 189 194 243 250 257 276 278 290 301 338 349 352 353 367 380 398 419 422 442 445 450 458 462 478 481 483 491 492 547 556 559 568 571 579 596 625 626 633 646 648 662 673 674 696 701 719 732 736 739 747
5: 5 51 104 107 136 191 211 298 396 399 415 523 566 597
6: 6 12 56 61 62 65 67 74 92 109 110 114 145 252 258 283 285 296 308 325 336 358 372 376 388 403 423 431 451 465 482 504 554 557 580 606 622 675 682 685 690 708 731
7: 7 73 173 265 286 344 383 424 457 464 586 589
8: 10 21 27 35 60 76 77 79 82 93 94 95 96 105 121 166 177 180 185 192 197 210 223 226 237 255 288 293 322 328 373 374 384 386 390 392 417 421 426 437 461 475 485 489 526 534 537 548 567 575 592 616 629 632 650 670 678 683 684 687 692 694 699 700 710 718 726 742 745 746 748
9: 11 15 28 34 66 75 85 97 154 220 221 329 363 370 405 433 466 494 517 532 538 540 543 604 610 628 630 635 655 666 677 693 702 704 713 714 723 724 727 728 735
10: 16 36 45 59 68 86 88 112 116 127 134 137 139 140 170 187 200 203 212 231 240 241 247 249 254 262 267 268 279 289 303 311 312 323 351 377 393 400 407 409 416 425 428 434 453 468 501 511 514 522 525 535 539 549 551 552 563 564 585 595 614 621 637 639 640 654 663 671 681 689 691 703 707 715 717 721 722 733 734 743
11: 17 78 125 174 181 201 224 234 235 411 439 446 471 479 486 507 520 529 660
12: 18 41 50 53 72 120 126 135 147 186 205 216 253 260 287 332 333 340 346 391 418 476 488 601 605 652 658 664 672 680
13: 23 46 80 99 102 157 171 182 272 280 294 295 327 365 408 449 490 503 541 546 555 642 649 651 661 676 679
14: 24 39 64 124 184 217 282 297 299 345 381 495 550 583 603 615
15: 25 31 37 161 248 334 355 414 452 510 528
16: 26 32 57 69 83 84 89 98 100 143 150 172 198 213 214 225 227 230 238 256 264 274 307 317 321 337 348 354 378 389 397 413 420 435 441 487 493 499 527 530 544 558 562 565 569 572 576 581 590 608 613 627 631 643 688 695 697 706 716 720 725 737 740
17: 43 54 87 152 196 219 233 251 314 315 316 369 454 506 531 584 612 617 641 647
18: 52 71 158 239 270 284 368 379 401 404 469 473 594 599 620
19: 55 133 179 207 215 261 320 339 347 410 459 497 513 515 553 611 623 634 644 667
20: 111 117 162 169 204 232 310 335 343 382 427 432 477 512 519 587 609 624 636 638 656 657
21: 113 130 151 206 236 242 245 271 292 304 318 324 356 362 456 578 598 665 669
22: 119 132 193 195 246 364 440 444 460 480
23: 131 153 156 218 229 366 430 438 447 509 521 536 560 591 618
24: 749 754 777 784 792 816 826 827 858 873 874 883 893 897 903 917 940 944 951 978 1010 1041 1053 1071 1096 1102 1125 1140 1211 1218 1228 1251 1254 1291 1302 1320 1352 1367 1393 1413 1450 1451 1463 1488 1504 1521 1605 1626 1690 1693 1694 1713 1714 1752 1760 1784 1793 1816 1817 1821 1831 1845 1848 1864
25: 750 752 758 761 775 796 808 832 854 868 878 884 901 910 934 936 952 954 979 982 1012 1048 1079 1119 1121 1170 1172 1179 1186 1198 1209 1214 1224 1236 1242 1260 1373 1378 1386 1389 1395 1470 1501 1520 1618 1630 1664 1668 1681 1763 1764 1804 1810 1858 1862 1866
26: 751 755 771 776 798 810 811 834 836 837 843 844 845 864 870 879 887 888 906 907 909 916 981 993 1011 1021 1028 1031 1067 1080 1092 1093 1103 1112 1115 1117 1164 1173 1183 1231 1248 1265 1275 1286 1298 1299 1303 1319 1344 1360 1372 1402 1403 1415 1417 1421 1445 1465 1486 1487 1519 1527 1530 1545 1554 1561 1566 1587 1589 1609 1641 1644 1667 1671 1676 1687 1695 1702 1716 1723 1733 1739 1748 1753 1809 1827 1835 1839 1841 1854
27: 753 805 813 814 828 842 905 908 920 928 1019 1023 1036 1047 1077 1141 1153 1159 1165 1235 1266 1284 1316 1323 1329 1343 1424 1475 1494 1503 1517 1536 1572 1583 1606 1705 1749 1758 1779 1798 1832
28: 756 840 848 912 922 958 990 1105 1143 1177 1256 1369 1541 1549 1567 1582 1615 1666 1718 1725 1727 1768
29: 757 797 877 891 956 967 977 987 1000 1042 1044 1055 1066 1073 1091 1118 1137 1148 1155 1168 1192 1194 1200 1204 1217 1257 1285 1301 1306 1309 1321 1327 1330 1341 1342 1348 1350 1362 1370 1385 1387 1388 1419 1458 1482 1511 1516 1562 1594 1604 1608 1610 1619 1624 1649 1660 1697 1724 1735 1743 1756 1765 1785 1796 1805 1818 1838 1840 1844
30: 759 802 942 945 970 1018 1061 1072 1133 1176 1324 1325 1332 1381 1459 1574 1576 1581 1596 1617 1657 1731
31: 760 763 766 768 769 803 835 867 902 914 923 927 933 964 985 994 999 1006 1020 1026 1033 1035 1040 1054 1056 1064 1078 1082 1099 1108 1145 1147 1175 1203 1207 1208 1222 1227 1241 1253 1258 1267 1296 1300 1304 1318 1337 1346 1356 1361 1394 1432 1478 1483 1493 1496 1526 1544 1551 1569 1573 1585 1586 1607 1621 1638 1640 1663 1669 1677 1684 1699 1710 1734 1746 1759 1761 1762 1771 1772 1773 1782 1795 1799 1819 1820 1833 1860
32: 762 795 804 806 892 926 950 1062 1152 1232 1240 1262 1294 1396 1425 1436 1453 1473 1514 1525 1601 1658 1680 1691 1707
33: 764 785 794 824 853 876 913 929 943 972 975 991 1005 1027 1043 1046 1104 1134 1135 1136 1146 1201 1244 1252 1397 1409 1423 1457 1490 1497 1515 1546 1602 1628 1659 1682 1698 1700 1701 1706 1730 1775 1778 1791 1811 1823 1842
34: 765 885 904 959 1032 1085 1116 1270 1297 1477 1498 1500 1508 1532 1542 1616 1683
35: 767 782 791 807 818 822 825 829 831 856 860 865 869 882 900 937 938 948 953 955 965 1007 1045 1052 1058 1065 1088 1098 1101 1126 1151 1163 1166 1180 1182 1187 1189 1190 1195 1202 1210 1215 1220 1255 1287 1290 1293 1363 1371 1399 1401 1404 1407 1408 1447 1456 1467 1472 1510 1518 1538 1539 1547 1552 1557 1633 1665 1688 1696 1715 1769 1770 1781 1786 1788 1836 1849 1863
36: 770 773 789 801 852 855 875 881 886 899 949 986 998 1008 1009 1015 1037 1050 1051 1075 1083 1094 1114 1120 1139 1142 1181 1197 1226 1234 1273 1279 1310 1312 1322 1353 1355 1357 1374 1380 1406 1414 1433 1437 1461 1471 1474 1524 1531 1553 1556 1558 1580 1591 1592 1593 1597 1613 1631 1678 1686 1692 1732 1737 1741 1755 1767 1783 1797 1801 1808 1826 1850 1855 1856 1859
37: 772 800 849 932 968 969 1029 1038 1049 1100 1156 1169 1191 1233 1249 1272 1276 1281 1283 1308 1326 1328 1349 1384 1400 1446 1455 1464 1480 1491 1505 1512 1533 1534 1653 1670 1728 1774 1776 1787 1807 1812 1825 1828 1834 1843 1851 1857
38: 774 779 895 957 997 1013 1086 1089 1174 1184 1230 1336 1377 1428 1431 1537 1652 1654 1656 1685 1711 1719 1744
39: 778 846 850 861 947 961 974 988 1001 1022 1025 1030 1081 1087 1097 1122 1127 1128 1138 1160 1188 1213 1216 1223 1245 1261 1282 1288 1292 1305 1317 1354 1364 1383 1391 1392 1418 1426 1434 1440 1442 1462 1469 1484 1489 1495 1506 1522 1540 1550 1555 1565 1568 1590 1612 1629 1632 1675 1689 1708 1720 1726 1736 1754 1790 1803 1806 1814 1822 1830 1837 1852 1853 1865
40: 780 862 880 894 921 935 939 962 971 983 1002 1004 1060 1109 1149 1158 1263 1269 1289 1313 1345 1499 1548 1563 1603 1636 1642 1655 1673 1674 1717 1747 1757 1792 1802
41: 781 790 821 911 931 1016 1070 1110 1123 1124 1132 1277 1314 1315 1334 1347 1368 1411 1448 1560 1625 1637 1729
42: 783 918 963 973 1111 1167 1212 1246 1268 1271 1278 1339 1466 1507 1623
43: 786 787 788 809 815 817 833 838 839 841 847 857 890 898 915 930 966 989 1003 1014 1017 1024 1034 1039 1063 1069 1076 1106 1129 1144 1154 1161 1171 1178 1185 1199 1206 1221 1225 1237 1243 1264 1274 1331 1338 1340 1351 1359 1365 1405 1412 1420 1427 1429 1435 1441 1454 1460 1479 1485 1513 1529 1543 1570 1598 1614 1620 1634 1635 1643 1646 1661 1672 1679 1703 1712 1721 1738 1740 1742 1751 1766 1789 1800 1813 1815 1824 1829 1846 1847 1861
44: 793 820 830 896 925 941 996 1084 1131 1219 1376 1559 1579 1588 1648
45: 799 960 976 980 995 1150 1157 1193 1239 1250 1379 1382 1439 1577 1611 1622 1627 1647
46: 812 823 924 946 984 1095 1162 1333 1335 1366 1398 1438 1444 1523 1564 1575 1578 1595 1645 1650 1704 1709 1722 1777 1780
47: 819 859 866 889 919 1090 1113 1229 1259 1295 1307 1390 1410 1430 1468 1476 1492 1509 1528 1535 1571 1639 1662 1745 1750 1794
48: 851 872 1057 1107 1196 1238 1280 1416 1452 1502 1584 1599
49: 863 871 992 1059 1068 1074 1130 1205 1247 1311 1358 1375 1422 1443 1449 1481 1600 1651
50: 1867 1870 1871 1876 1878 1879 1881 1882 1884 1888 1889 1897 1898 1899 1900 1911 1914 1915 1918 1920 1924 1925 1928 1934 1936 1938 1941 1945 1947 1948 1949 1950 1951 1955 1956 1958 1959 1961 1962 1963 1967 1971 1977 1978 1981 1989 1991 1999 2004 2005 2006 2011 2015 2016 2025 2026 2031 2032 2033 2035 2041 2042 2048 2053 2059 2072 2075 2077 2080 2086 2088 2096 2100 2103 2107 2110 2111 2112 2113 2114 2116 2118 2119 2122 2126 2132 2133 2135 2137 2138 2141
51: 1868 1874 1875 1886 1901 1906 1919 1921 1929 1932 1939 1946 1960 1964 1984 1987 1988 1993 1995 1996 1997 1998 2001 2008 2009 2014 2017 2024 2027 2028 2047 2051 2052 2056 2060 2065 2067 2068 2069 2071 2073 2076 2081 2085 2090 2097 2098 2099 2106 2115 2117 2120 2121 2124 2129 2134 2136 2139 2140 2142
52: 1869 1872 1885 1890 1891 1893 1903 1907 1908 1965 1975 1976 2000 2002 2003 2013 2036 2040 2045 2050 2064 2079 2087 2093
53: 1873 1883 1916 1923 1933 1942 1944 1966 1973 2010 2022 2034 2089 2091 2092 2094 2095
54: 1877 1887 1894 1902 1904 1943 1953 1957 1970 1974 1983 1990 1992 1994 2012 2018 2021 2023 2029 2037 2038 2039 2049 2054 2062 2063 2066 2074 2078 2083 2102 2105 2108 2123 2125 2127 2128 2130 2131
55: 1880 1895 1896 1912 1913 1937 1940 1952 1969 1982 1985 2020 2043 2057 2070 2084 2101 2104 2109
56: 1892 1909 1910 1930 1979 1980 1986 2007 2019 2030 2055
57: 1905 1917 1922 1926 1927 1931 1935 1954 1968 1972 2044 2046 2058 2061 2082
58: 2143 2161 2191 2225 2228 2232 2234 2251 2276 2286 2288 2302 2308 2310 2336 2349 2353
59: 2144 2150 2153 2154 2158 2164 2169 2174 2180 2181 2187 2201 2203 2212 2233 2238 2248 2252 2267 2270 2274 2295 2301 2315 2320 2321 2330 2332 2343 2350 2352 2356 2357 2359 2362 2363 2370 2384 2391
60: 2145 2147 2148 2165 2166 2167 2168 2170 2175 2176 2179 2182 2185 2188 2190 2192 2193 2195 2196 2198 2204 2206 2209 2211 2213 2215 2224 2227 2229 2231 2237 2240 2241 2242 2244 2245 2246 2247 2256 2257 2259 2260 2261 2262 2264 2272 2278 2279 2281 2282 2284 2285 2290 2291 2292 2296 2298 2300 2303 2305 2306 2311 2313 2327 2331 2333 2334 2335 2344 2346 2347 2348 2351 2355 2361 2365 2367 2368 2371 2372 2373 2374 2376 2377 2387 2388 2389 2390 2392 2393 2394 2395 2396 2397 2398
61: 2146 2157 2183 2189 2194 2197 2200 2205 2214 2235 2236 2249 2250 2263 2275 2293 2294 2304 2314 2318 2322 2324 2326 2354 2369
62: 2149 2151 2152 2162 2173 2177 2178 2208 2210 2218 2223 2226 2230 2239 2253 2254 2265 2273 2283 2287 2312 2319 2325 2337 2339 2342 2358 2360 2364 2375 2378 2380 2386
63: 2155 2156 2159 2160 2163 2172 2184 2186 2216 2220 2222 2243 2255 2258 2266 2268 2269 2271 2280 2297 2307 2309 2316 2317 2341 2345 2366 2379 2381 2382 2383 2385
64: 2171 2199 2202 2207 2217 2219 2221 2277 2289 2299 2323 2328 2329 2338 2340
65: 2399 2405 2411 2432 2436 2440 2442 2443 2467 2473 2478 2485 2491 2494 2495 2501 2507 2513 2520 2521 2530 2535 2562 2584 2610 2621 2625 2629 2631 2648 2652 2665 2669 2676 2689 2706 2726 2750 2777 2787 2790 2808 2813 2820 2828 2832 2833 2844 2847 2857 2860 2864 2876 2891 2892 2926 2930 2933 2935
66: 2400 2441 2470 2471 2474 2488 2536 2551 2567 2568 2571 2596 2605 2623 2655 2666 2684 2697 2711 2748 2775 2779 2796 2800 2835 2841 2853 2855 2865 2870 2888
67: 2401 2414 2416 2418 2431 2439 2447 2448 2452 2453 2454 2459 2461 2464 2466 2475 2480 2482 2487 2499 2509 2516 2519 2529 2531 2532 2538 2540 2546 2549 2559 2566 2574 2582 2591 2594 2601 2602 2619 2627 2628 2630 2636 2644 2645 2646 2647 2653 2660 2661 2670 2677 2686 2692 2699 2700 2733 2735 2741 2744 2747 2753 2762 2771 2772 2784 2797 2809 2811 2834 2843 2845 2859 2862 2869 2871 2875 2879 2882 2883 2885 2894 2898 2902 2903 2905 2906 2908 2913 2916 2917 2919 2922 2923 2925 2928
68: 2402 2408 2413 2420 2422 2425 2433 2469 2472 2489 2506 2537 2553 2558 2561 2585 2597 2599 2600 2608 2611 2616 2626 2634 2638 2641 2659 2678 2685 2687 2694 2701 2721 2722 2725 2731 2743 2757 2763 2778 2782 2783 2803 2814 2821 2831 2836 2851 2854 2868 2886 2899 2900 2904 2909 2910 2915 2920 2924 2932
69: 2403 2434 2438 2451 2458 2460 2463 2476 2486 2490 2517 2522 2541 2543 2544 2560 2578 2583 2586 2589 2593 2603 2613 2617 2620 2632 2633 2640 2642 2651 2668 2675 2679 2683 2688 2693 2713 2734 2737 2745 2752 2765 2767 2786 2788 2815 2824 2827 2829 2842 2850 2856 2880 2914 2918 2927 2929 2931 2934
70: 2404 2435 2479 2498 2510 2515 2547 2552 2580 2691 2695 2709 2714 2738 2749 2751 2758 2780 2812 2817 2837 2872 2895 2897
71: 2406 2407 2428 2444 2446 2450 2456 2503 2508 2539 2545 2563 2575 2607 2612 2624 2650 2657 2658 2707 2719 2729 2761 2766 2816 2825 2846 2863 2881 2884 2887 2889 2896 2901 2907 2911 2912 2921
72: 2409 2426 2429 2430 2477 2698 2702 2703 2708 2712 2730 2732 2754 2755 2781 2799 2801 2826
73: 2410 2417 2419 2421 2424 2445 2481 2555 2572 2587 2622 2639 2716 2728 2756 2769 2776 2792 2795 2823 2849 2877 2890
74: 2412 2415 2437 2492 2497 2500 2505 2518 2527 2588 2590 2614 2656 2667 2671 2723 2724 2774 2789 2806 2819 2830 2840 2878
75: 2423 2493 2524 2579 2604 2606 2635 2672 2740 2768 2785 2807
76: 2427 2455 2457 2462 2514 2556 2565 2573 2577 2598 2664 2680 2704 2710 2720 2773 2802 2838 2839 2867
77: 2449 2468 2525 2528 2550 2564 2595 2609 2662 2681 2696 2727 2736 2759 2764 2770 2791 2794 2798 2804 2852 2861 2873 2874 2893
78: 2465 2483 2496 2504 2511 2533 2548 2570 2576 2581 2637 2643 2760 2810 2822
79: 2484 2502 2526 2557 2569 2592 2663 2674 2682 2715 2717 2739
80: 2512 2523 2534 2542 2554 2615 2618 2649 2654 2673 2690 2705 2718 2742 2746 2793 2805 2818 2848 2858 2866
81: 2936 2942 2949 2971 2973 2977 3003 3009 3016 3020 3024 3029 3055 3075 3122 3148 3153 3154 3166 3168 3183 3192 3198 3220 3240 3248 3275 3294 3304 3310 3312
82: 2937 2939 2943 2950 2955 2956 2957 2958 2959 2960 2966 2967 2972 2976 2978 2979 2984 2985 2995 3000 3007 3008 3017 3034 3036 3037 3042 3056 3059 3063 3067 3078 3081 3090 3093 3100 3107 3108 3112 3114 3119 3124 3127 3133 3135 3138 3149 3151 3157 3169 3172 3176 3177 3178 3181 3185 3193 3195 3200 3204 3207 3219 3222 3227 3230 3231 3233 3234 3242 3246 3251 3256 3260 3263 3265 3269 3271 3277 3280 3284 3289 3292 3295 3305 3307 3308 3311 3314 3315 3316 3318 3319 3322 3324 3327 3328
83: 2938 2941 2948 2970 2981 2986 2994 2996 2997 3001 3022 3023 3038 3039 3043 3050 3053 3064 3069 3071 3072 3079 3082 3083 3084 3092 3098 3110 3113 3118 3126 3129 3130 3132 3155 3167 3180 3188 3189 3191 3199 3211 3217 3223 3224 3226 3237 3239 3252 3261 3266 3267 3273 3274 3276 3278 3282 3283 3300 3321 3325
84: 2940 2945 2975 3013 3046 3047 3101 3103 3104 3159 3163 3205 3228 3232 3235 3241 3245 3257 3258 3281 3288
85: 2944 2952 2974 3087 3096 3102 3123 3134 3142 3161 3170 3175 3238
86: 2946 2954 2962 2968 2982 2983 3011 3012 3035 3051 3054 3057 3058 3061 3086 3088 3099 3111 3117 3125 3164 3165 3201 3203 3216 3229 3244 3254 3255 3259 3268 3270 3285 3296 3297 3302 3303 3323
87: 2947 2951 2963 2964 2965 2980 2987 2988 2992 2998 2999 3002 3004 3006 3010 3019 3021 3026 3030 3031 3032 3040 3044 3045 3048 3049 3066 3068 3070 3077 3085 3095 3105 3106 3121 3128 3136 3139 3140 3141 3143 3145 3150 3162 3171 3173 3174 3182 3184 3186 3190 3196 3197 3202 3206 3209 3210 3212 3213 3215 3218 3236 3243 3247 3253 3262 3286 3287 3290 3293 3298 3299 3301 3306 3309 3313 3326
88: 2953 2961 2989 2991 3005 3015 3025 3028 3033 3074 3076 3080 3089 3094 3109 3115 3116 3152 3156 3179 3221 3225 3249 3250 3291
89: 2969 2990 2993 3014 3018 3027 3041 3052 3060 3062 3065 3073 3091 3097 3120 3131 3137 3144 3146 3147 3158 3160 3187 3194 3208 3214 3264 3272 3279 3317 3320
90: 3329 3333 3336 3340 3343 3344 3347 3349 3352 3353 3354 3355 3366 3368 3377 3378 3382 3383 3394 3403 3406 3407 3408 3419 3420 3425 3428 3431 3434 3435 3436 3439 3440 3443 3447 3450 3457 3465 3466 3474 3484 3490 3491 3497 3499 3510 3511 3516 3529 3530 3533 3536 3540 3542 3549 3550 3558 3560 3561 3577 3578 3580 3584 3589 3592 3613 3615 3616 3619 3624 3626 3630 3635 3647 3656 3658
91: 3330 3335 3362 3367 3371 3379 3421 3423 3424 3432 3437 3445 3449 3453 3455 3458 3463 3498 3503 3504 3514 3531 3537 3554 3563 3579 3595 3601 3602 3605 3614 3621 3642
92: 3331 3332 3337 3338 3345 3348 3350 3351 3358 3363 3365 3376 3388 3395 3398 3409 3462 3464 3475 3476 3486 3493 3502 3506 3508 3513 3517 3519 3520 3525 3527 3541 3545 3546 3548 3556 3557 3562 3566 3567 3572 3573 3574 3585 3586 3596 3606 3631 3634 3639 3644 3645 3650 3655
93: 3334 3346 3357 3359 3360 3361 3372 3374 3375 3384 3387 3389 3390 3392 3393 3396 3399 3402 3404 3410 3416 3418 3422 3426 3433 3441 3442 3444 3446 3451 3452 3454 3456 3459 3460 3467 3468 3469 3472 3481 3483 3485 3488 3489 3492 3495 3500 3501 3505 3509 3521 3522 3526 3534 3535 3539 3543 3544 3551 3552 3555 3559 3564 3568 3570 3571 3575 3576 3581 3582 3594 3597 3598 3600 3603 3610 3611 3618 3622 3625 3633 3636 3640 3643 3646 3649 3651 3652 3653 3657
94: 3339 3341 3342 3356 3364 3369 3370 3373 3380 3381 3385 3386 3391 3397 3400 3401 3405 3411 3412 3413 3414 3415 3417 3427 3429 3430 3438 3448 3461 3470 3471 3473 3477 3478 3479 3480 3482 3487 3494 3496 3507 3512 3515 3518 3523 3524 3528 3532 3538 3547 3553 3565 3569 3583 3587 3588 3590 3591 3593 3599 3604 3607 3608 3609 3612 3617 3620 3623 3627 3628 3629 3632 3637 3638 3641 3648 3654
95: 3659 3661 3666 3668 3670 3671 3676 3677 3679 3681 3682 3684 3685 3686 3690 3692 3693 3701 3705 3709 3711 3714 3715 3716 3717 3718 3719 3725 3727 3728 3730 3732 3736 3739 3744 3751 3752 3755 3757 3758 3771 3773 3774 3778 3782 3783 3787 3791 3792 3794 3799 3807 3813 3816 3822 3823 3824 3825 3827 3829 3830 3833 3840 3843 3845 3848 3849 3853 3855 3856 3857 3860 3861 3867 3868 3872 3873 3874 3875 3876 3877 3880 3881 3883 3886 3890 3891 3893 3896 3898 3900
96: 3660 3662 3663 3664 3665 3673 3688 3694 3695 3721 3723 3724 3726 3729 3738 3745 3761 3763 3768 3776 3777 3781 3784 3785 3797 3798 3800 3802 3814 3817 3819 3821 3831 3834 3835 3838 3839 3841 3851 3859 3863 3864 3866 3870 3879 3884 3887 3889
97: 3667 3672 3674 3675 3696 3708 3712 3731 3735 3762 3765 3769 3780 3788 3790 3803 3804 3805 3806 3808 3828 3837 3847 3882 3885
98: 3669 3678 3680 3683 3687 3689 3691 3697 3698 3699 3700 3702 3703 3704 3706 3710 3713 3720 3722 3733 3734 3740 3741 3742 3743 3746 3747 3748 3749 3753 3756 3760 3764 3767 3772 3775 3779 3786 3789 3795 3796 3810 3811 3812 3815 3820 3826 3832 3836 3842 3846 3850 3852 3854 3858 3862 3865 3869 3871 3878 3888 3892 3894 3895 3897 3899
99: 3707 3737 3750 3754 3759 3766 3770 3793 3801 3809 3818 3844
100: 3901 3906 3911 3913 3914 3917 3922 3926 3928 3936 3945 3953 3964 3971 3979 3982 3983 3988 3989 3993 3994 3999 4000 4001 4004 4009 4011 4012 4013 4017 4020 4026 4033 4036 4042 4044 4046 4053 4058 4061 4069 4073 4079 4083 4084 4091 4094 4095 4098 4099 4101 4104 4107 4109 4110 4111 4114 4115 4118 4119 4122 4123 4127 4128 4129 4130 4134 4137 4141 4143 4146 4148 4152 4158 4171 4177 4178 4184 4187 4191 4194 4200 4205 4208
101: 3902 3930 3937 3952 3984 3992 4008 4028 4035 4051 4064 4074 4088 4103 4131 4135 4147 4154 4165 4172
102: 3903 3904 3905 3908 3909 3910 3925 3935 3944 3951 3955 3965 3966 3969 3972 3974 3976 3978 3981 3991 3995 3996 4003 4006 4010 4015 4021 4025 4030 4040 4048 4050 4055 4056 4057 4063 4065 4071 4072 4075 4081 4092 4100 4102 4106 4112 4120 4126 4133 4138 4140 4142 4144 4149 4156 4157 4159 4160 4163 4164 4168 4169 4170 4174 4175 4180 4185 4189 4193 4195 4199 4203 4204 4207
103: 3907 3912 3915 3916 3919 3921 3923 3924 3929 3931 3933 3934 3939 3940 3941 3942 3943 3946 3948 3954 3958 3960 3967 3968 3970 3975 3977 3980 3985 3990 3997 4002 4007 4014 4019 4022 4023 4031 4032 4034 4037 4038 4039 4045 4047 4052 4054 4059 4060 4062 4066 4067 4076 4080 4087 4093 4097 4105 4108 4116 4121 4125 4132 4139 4145 4150 4151 4153 4155 4161 4162 4166 4167 4173 4176 4179 4181 4182 4183 4188 4190 4192 4196 4197 4198 4201 4202 4206
104: 3918 3920 3950 3962 3973 3986 3998 4005 4016 4041 4043 4049 4078 4085 4086 4117 4124
105: 3927 3932 3938 3947 3949 3956 3957 3959 3961 3963 3987 4018 4024 4027 4029 4068 4070 4077 4082 4089 4090 4096 4113 4136 4186
106: 4209 4213 4219 4225 4226 4228 4232 4234 4236 4237 4239 4240 4242 4251 4252 4256 4258 4261 4263 4264 4265 4266 4267 4272 4274 4278 4279 4282 4287 4288 4292 4293 4295 4297 4298 4299 4307 4313 4314 4316 4321 4322 4323 4328 4329 4330 4331 4332 4333 4336 4337 4341 4342 4344 4345 4346 4347 4352 4358 4360 4362 4363 4367 4370 4371 4377 4378 4379 4381 4382 4384 4388 4390 4392 4397 4399 4407 4408 4409 4411 4419 4420 4423 4424 4426 4430 4435
107: 4210 4212 4214 4215 4216 4217 4220 4221 4223 4229 4230 4233 4235 4238 4243 4244 4249 4250 4253 4255 4257 4259 4262 4271 4275 4276 4277 4280 4281 4283 4284 4285 4289 4291 4294 4296 4300 4302 4306 4309 4310 4311 4312 4315 4317 4318 4326 4327 4334 4335 4339 4343 4348 4349 4350 4351 4353 4355 4359 4361 4366 4368 4374 4375 4380 4386 4387 4389 4391 4393 4394 4395 4398 4401 4402 4404 4405 4410 4412 4414 4416 4418 4421 4425 4427 4428 4429 4431 4432 4433 4434 4436 4437
108: 4211 4218 4222 4224 4231 4241 4269 4273 4290 4301 4303 4319 4338 4340 4354 4357 4365 4369 4373 4376 4383 4385 4413 4415 4422
109: 4227 4245 4246 4247 4248 4254 4260 4268 4270 4286 4304 4305 4308 4320 4324 4325 4356 4364 4372 4396 4400 4403 4406 4417
110: 4438 4440 4449 4475 4486 4487 4493 4495 4502 4506 4516 4523 4525 4536 4550 4551 4561 4564 4570 4575 4579 4586 4592 4597 4603 4615 4623 4624 4625 4655 4658 4659 4662 4664 4668 4682 4685 4704 4732 4733 4745 4749 4752 4755 4759 4763 4770 4771
111: 4439 4446 4463 4467 4488 4497 4520 4524 4541 4578 4600 4606 4616 4618 4620 4631 4637 4645 4651 4663 4669 4671 4701 4702 4706 4711 4723 4736 4742 4756 4760
112: 4441 4443 4458 4460 4465 4466 4477 4482 4483 4498 4501 4512 4517 4519 4526 4527 4535 4537 4558 4560 4571 4572 4585 4589 4590 4595 4612 4617 4619 4626 4628 4634 4636 4679 4683 4689 4690 4707 4708 4713 4715 4721 4724 4727 4737 4764 4765 4777
113: 4442 4455 4470 4474 4476 4479 4490 4499 4509 4511 4529 4539 4540 4547 4548 4552 4553 4557 4568 4581 4582 4593 4594 4596 4598 4611 4621 4635 4642 4646 4657 4670 4672 4673 4676 4695 4700 4703 4710 4716 4729 4741
114: 4444 4448 4456 4469 4471 4473 4484 4489 4492 4496 4503 4510 4514 4515 4521 4522 4528 4530 4531 4544 4545 4554 4556 4566 4567 4573 4574 4576 4580 4599 4602 4605 4609 4638 4643 4648 4649 4652 4660 4665 4674 4684 4688 4698 4699 4705 4718 4720 4725 4734 4735 4738 4739 4743 4754 4768 4774 4778
115: 4445 4447 4451 4453 4459 4485 4518 4538 4542 4546 4562 4569 4584 4604 4607 4610 4614 4622 4632 4639 4640 4644 4650 4654 4677 4678 4693 4696 4697 4728 4740 4744 4746 4750 4761 4762 4769 4772 4773 4775 4776
116: 4450 4454 4457 4464 4478 4480 4507 4508 4513 4532 4534 4555 4577 4583 4588 4613 4627 4629 4630 4633 4641 4653 4656 4661 4680 4686 4687 4691 4692 4709 4714 4717 4719 4722 4767
117: 4452 4461 4462 4468 4472 4481 4491 4494 4500 4504 4505 4533 4543 4549 4559 4563 4565 4587 4591 4601 4608 4647 4666 4667 4675 4681 4694 4712 4726 4730 4731 4747 4748 4751 4753 4757 4758 4766
118: 4779 4784 4786 4790 4820 4832 4871 4872 4877 4886 4893 4914 4929 4951
119: 4780 4781 4785 4793 4797 4802 4815 4821 4825 4834 4836 4841 4842 4861 4867 4873 4874 4883 4892 4902 4903 4904 4910 4911 4913 4916 4917 4919 4935 4949 4952 4953 4957 4967 4977 4978 4979 4982 4985
120: 4782 4783 4787 4788 4792 4795 4804 4808 4816 4827 4829 4830 4831 4840 4847 4848 4849 4852 4853 4858 4860 4862 4868 4869 4870 4876 4878 4881 4882 4884 4885 4890 4891 4894 4898 4905 4921 4925 4926 4931 4932 4938 4940 4944 4947 4961 4966 4968 4971 4973 4975 4980 4983 4984 4987 4988 4989 4990 4992 4994 4996 4997 4999
121: 4789 4791 4796 4803 4805 4807 4810 4811 4817 4823 4839 4851 4854 4855 4863 4864 4865 4866 4879 4888 4909 4912 4923 4924 4930 4939 4942 4945 4958 4959 4960 4965 4970 4972 4976
122: 4794 4798 4799 4800 4801 4806 4809 4813 4814 4818 4819 4824 4828 4833 4835 4837 4838 4843 4845 4856 4857 4859 4875 4887 4895 4896 4897 4900 4901 4906 4907 4915 4918 4922 4928 4934 4936 4941 4943 4946 4948 4950 4954 4955 4962 4963 4964 4969 4974 4981 4986 4991 4993 4995 4998
123: 4812 4822 4826 4844 4846 4850 4880 4889 4899 4908 4920 4927 4933 4937 4956
