0: 0 21 31 32 44 53 54 58 68 72 73 75 79 83 85 90 93 111 116 118 120 122 167 183 186 206 217 227 233 237 254 279 290 293 320 330 334 337 338 340 343 345 349 359 370 382 383 396 401 406 416 419 439 444 459 462 467 475 487 491 497 504 507 514 520 527 528 532 536 549 552 553 554 557 560 569 577 578 579 582 583
1: 1 56 110 185 190 226 259 267 298 307 308 311 347 353 390 392 408 473 474 524 533 534 548
2: 2 5 20 26 29 42 46 102 103 124 133 146 168 169 182 191 193 211 235 246 304 305 314 315 342 381 393 423 431 448 463 485 493 559
3: 3 12 19 23 39 41 67 78 89 94 95 108 114 131 140 147 162 180 181 184 187 234 264 275 285 292 303 306 317 319 322 333 339 379 385 410 417 421 425 445 454 456 458 470 472 476 486 494 512 513 523 526 537 538 556 567 568 581 586
4: 4 34 76 77 87 91 106 148 189 225 262 288 344 358 368 398 413 488 492 518 540 544
5: 6 28 51 64 65 71 107 143 149 201 212 220 221 247 289 295 352 354 433 436 443 447 465 499 506 511 535 542 555 572
6: 7 37 55 97 101 104 129 132 154 155 157 172 192 218 251 252 294 316 329 384 391 397 414 426 427 432 446 449 466 481 509 519 531 562 571
7: 8 9 13 27 35 40 49 60 74 84 92 96 109 117 121 137 141 153 158 175 179 194 214 219 224 230 239 240 249 250 284 313 326 331 355 363 372 394 402 409 424 429 468 480 510 539 545 550 561 565 584
8: 10 25 47 136 139 164 173 209 213 222 232 269 278 299 310 323 365 373 418 450
9: 11 36 57 62 69 80 100 113 126 134 145 161 170 176 177 200 208 210 242 248 253 261 263 280 309 312 341 356 362 378 411 460 489 496 501 516 529 564 570 580
10: 14 15 33 50 123 128 160 197 268 270 301 364 495 498
11: 16 38 127 130 156 165 265 277 361 374 464
12: 17 30 43 81 159 196 205 216 283 324 350 360 375 442 455 461 505 515 530
13: 18 82 86 88 98 151 178 207 243 271 281 282 287 367 376 388 395 399 400 404 428 434 440 453 457 478 479 483 484 500 566 574 576
14: 22 48 59 115 119 135 144 150 152 171 195 198 199 202 204 223 228 229 244 245 255 256 258 260 266 272 274 291 302 318 321 325 328 332 351 357 366 369 371 387 403 405 407 415 420 438 452 469 471 490 502 503 508 521 543 546 551 563 575
15: 24 45 61 63 66 70 99 112 125 142 166 174 188 203 215 231 236 238 273 276 286 296 297 327 335 346 348 377 386 422 430 477 482 517 522 525 541 547 558 573 585
16: 52 105 138 163 241 257 300 336 380 389 412 435 437 441 451
17: 587 611 625 626 628 629 631 641 653 656 662 671 681 699 703 704 722 729 733 736 751 753 758 763 766 783 803 817 818 820 831 842 847 879 883 887 899 907 914 936 957 962 963 966 1000 1024 1031 1053 1065 1069 1084 1105 1132 1134 1136 1151 1154 1164 1179 1181 1184 1191 1196 1199 1215 1224 1236 1245 1247 1252 1271 1289 1295 1303 1305 1306 1312 1330 1338 1344 1378 1382 1395 1414 1425 1438 1439
18: 588 594 610 612 648 659 676 679 684 701 710 717 726 727 734 738 780 802 807 809 822 824 836 860 862 876 905 911 938 965 981 996 1021 1028 1043 1058 1067 1074 1107 1149 1175 1183 1192 1195 1206 1210 1234 1273 1278 1281 1300 1329 1365 1392 1394 1413 1417 1426 1444
19: 589 601 608 772 778 798 805 994 1002 1029 1064 1095 1161 1219 1280 1311
20: 590 651 683 709 740 765 767 768 771 816 837 913 923 932 933 974 979 1038 1055 1057 1099 1102 1131 1177 1186 1188 1242 1301 1328 1409 1432 1433
21: 591 597 599 604 615 633 658 668 706 708 712 721 731 732 737 743 748 755 761 774 779 781 795 800 834 851 880 901 919 921 922 927 939 948 958 969 972 989 993 1003 1012 1023 1039 1050 1086 1119 1138 1145 1146 1147 1170 1173 1178 1190 1208 1218 1231 1237 1250 1259 1266 1268 1272 1321 1348 1352 1377 1386 1407 1411 1416 1420 1424 1431 1435 1446 1449
22: 592 627 637 639 660 677 687 690 702 739 746 750 785 787 789 828 839 849 864 898 900 944 1045 1047 1056 1088 1089 1109 1133 1141 1155 1172 1217 1228 1235 1243 1299 1307 1323 1366 1368 1380 1398 1400 1402
23: 593 673 675 694 741 744 757 811 832 840 852 874 875 878 892 896 904 924 941 964 982 983 986 991 1018 1019 1025 1030 1085 1087 1092 1103 1110 1121 1124 1129 1182 1187 1211 1213 1232 1251 1253 1264 1265 1282 1308 1327 1353 1358 1360 1372 1397 1422 1427 1442 1447 1451
24: 595 614 617 619 620 621 624 634 640 643 646 695 697 707 725 730 735 752 756 762 775 776 797 806 810 813 827 830 846 850 861 865 867 870 881 886 903 908 928 929 940 943 976 977 984 988 998 1001 1014 1020 1036 1042 1044 1049 1068 1071 1075 1076 1079 1115 1116 1122 1139 1152 1156 1157 1158 1163 1166 1176 1197 1212 1216 1270 1274 1290 1298 1302 1317 1320 1346 1347 1354 1357 1362 1389 1393 1396 1406 1418 1423 1428 1430 1434 1440 1441 1443 1448
25: 596 609 613 647 654 718 720 857 858 937 945 947 955 971 1009 1022 1033 1035 1040 1077 1082 1097 1117 1135 1169 1205 1220 1262 1316 1324 1333 1341 1370 1379 1404 1408 1421 1429 1436
26: 598 618 665 672 686 692 693 696 698 723 742 793 804 821 825 838 841 848 853 854 895 916 917 925 931 950 953 954 973 990 1048 1093 1098 1104 1108 1113 1125 1127 1233 1238 1241 1249 1286 1342 1356 1369 1374 1375 1384 1388 1390 1399 1452
27: 600 603 655 664 667 674 682 714 791 812 814 888 934 970 987 1041 1118 1144 1189 1223 1256 1276 1335 1343
28: 602 605 630 636 652 670 764 769 770 788 792 799 815 829 833 856 869 906 930 935 956 960 978 985 997 1004 1013 1017 1026 1037 1052 1054 1060 1063 1072 1073 1078 1090 1091 1128 1167 1221 1222 1239 1244 1254 1261 1269 1309 1310 1322 1326 1339 1363 1364 1371 1381 1405 1445 1450 1454
29: 606 680 705 760 796 808 894 959 961 1010 1027 1046 1101 1114 1126 1137 1180 1257 1313 1325 1334 1373 1383
30: 607 649 700 745 777 826 902 915 1006 1016 1070 1094 1096 1120 1143 1185 1198 1201 1202 1227 1287 1331 1355
31: 616 622 638 642 661 678 689 715 716 749 773 784 790 844 884 918 949 952 992 995 1061 1066 1100 1123 1162 1193 1203 1209 1226 1246 1267 1293 1304 1337 1340 1351 1412 1437 1453
32: 623 632 635 759 835 859 866 868 871 885 890 999 1008 1032 1081 1083 1112 1140 1174 1229 1230 1255 1258 1292 1294 1336 1350 1361 1367 1387 1391 1401
33: 644 685 691 909 926 980 1080 1142 1153 1160 1165 1168 1225 1275 1285 1288 1314 1349
34: 645 657 663 669 754 872 889 975 1005 1051 1150 1159 1200 1345
35: 650 666 688 713 719 724 728 782 786 794 801 819 823 843 855 863 873 877 882 891 893 897 910 912 920 946 951 967 968 1007 1011 1015 1034 1062 1106 1111 1130 1194 1204 1207 1214 1248 1260 1263 1277 1279 1284 1297 1315 1318 1332 1359 1376 1385 1403 1410 1415 1419
36: 711 747 845 942 1059 1148 1171 1240 1283 1291 1296 1319
37: 1455 1462 1464 1472 1476 1481 1486 1490 1492 1493 1496 1505 1508 1532 1537 1541 1543 1545 1547 1548 1549 1552 1554 1557 1558 1562 1570 1572 1574 1581 1587 1590 1592 1597 1602 1610 1614 1623 1625 1627 1633 1638 1642 1644 1646 1650 1673 1677 1680 1682 1683 1685 1686 1687 1688 1690 1693 1695 1705 1707 1723 1727 1728 1742 1744 1745 1746 1747 1767 1770 1771 1774 1776 1781 1784 1788 1790 1795 1797 1799 1801 1803 1804 1805 1807 1808 1809 1811 1812 1817 1818 1822 1826 1827 1831
38: 1456 1466 1467 1470 1471 1485 1499 1500 1520 1522 1529 1536 1538 1550 1551 1555 1556 1560 1561 1566 1569 1573 1577 1595 1596 1600 1604 1608 1609 1615 1620 1621 1622 1626 1630 1641 1649 1652 1654 1656 1659 1660 1664 1665 1672 1675 1689 1691 1696 1704 1708 1725 1733 1735 1736 1740 1743 1757 1763 1765 1768 1769 1777 1780 1782 1783 1786 1802 1806 1814 1825 1828 1830
39: 1457 1473 1480 1487 1504 1512 1607 1632 1637 1657 1699 1700 1709 1721 1726 1730 1737 1748 1749 1761
40: 1458 1459 1469 1477 1478 1479 1488 1489 1491 1502 1509 1511 1515 1517 1518 1521 1527 1528 1535 1542 1567 1571 1575 1579 1585 1586 1591 1594 1601 1603 1616 1628 1631 1636 1643 1647 1648 1653 1655 1662 1666 1669 1671 1674 1694 1697 1711 1722 1724 1729 1734 1755 1756 1759 1760 1779 1787 1793 1796 1800 1819 1820 1821 1823
41: 1460 1468 1503 1526 1563 1619 1670 1676 1684 1692 1714 1716 1718 1751 1753
42: 1461 1463 1465 1475 1482 1483 1484 1494 1498 1501 1506 1510 1514 1516 1519 1525 1530 1531 1533 1534 1539 1540 1544 1553 1559 1564 1565 1568 1576 1582 1583 1588 1589 1593 1598 1599 1605 1606 1611 1612 1613 1617 1624 1629 1634 1635 1639 1658 1661 1668 1678 1679 1681 1698 1701 1702 1703 1706 1712 1715 1719 1720 1731 1732 1738 1750 1754 1758 1762 1764 1766 1772 1773 1775 1778 1785 1789 1791 1792 1794 1798 1810 1813 1815 1816 1824 1829
43: 1474 1507 1513 1546 1580 1640 1645 1651 1667 1739 1741
44: 1495 1497 1523 1524 1578 1584 1618 1663 1710 1713 1717 1752
45: 1832 1835 1837 1842 1851 1857 1861 1864 1865 1866 1877 1878 1882 1885 1890 1895 1901 1902 1905 1906 1907 1912 1913 1924 1925 1928 1934 1940 1941 1942 1944 1945 1948 1954 1956 1958 1978 1984 1986 1996 1998 1999 2002 2003 2005 2008 2012 2018 2022 2025 2027 2032 2039 2043 2047 2048 2050 2059 2060 2062 2068 2078 2082 2086
46: 1833 1836 1853 1856 1858 1867 1875 1880 1881 1891 1903 1910 1917 1922 1923 1933 1937 1950 1955 1964 1981 1987 1990 1992 1993 2001 2015 2019 2026 2033 2034 2045 2055 2057 2076 2079 2080
47: 1834 1838 1839 1841 1850 1855 1863 1868 1870 1871 1874 1884 1886 1894 1897 1899 1914 1920 1930 1931 1949 1952 1965 1970 1974 1976 1979 1983 2004 2010 2014 2017 2023 2031 2035 2037 2053 2056 2067 2073 2084 2085
48: 1840 1844 1860 1889 1916 1918 1926 1938 1939 1951 1960 1961 1966 1995 2007 2009 2024 2064 2066
49: 1843 1847 1848 1854 1859 1869 1876 1888 1892 1898 1900 1904 1911 1915 1919 1921 1929 1932 1935 1936 1943 1953 1959 1962 1963 1969 1971 1977 1980 1985 1994 2011 2013 2016 2021 2036 2038 2041 2049 2052 2054 2058 2063 2065 2069 2071 2075 2081
50: 1845 1849 1852 1872 1879 1893 1927 1947 1967 1968 1972 1973 1975 1988 1989 1997 2000 2020 2028 2029 2030 2040 2042 2044 2046 2051 2061 2070 2072 2074 2077 2083
51: 1846 1862 1873 1883 1887 1896 1908 1909 1946 1957 1982 1991 2006
52: 2087 2092 2102 2103 2105 2108 2126 2141 2146 2150 2210 2229 2234 2245 2261 2297 2340 2350 2360 2362 2386 2446 2447 2449 2472 2474 2486 2507 2521 2523 2556 2563 2567
53: 2088 2091 2101 2109 2158 2164 2170 2174 2183 2216 2218 2221 2238 2242 2250 2255 2259 2268 2272 2274 2303 2324 2330 2331 2352 2382 2383 2385 2403 2414 2416 2421 2478 2481 2489 2490 2504 2535 2541 2553 2562 2574 2575
54: 2089 2111 2117 2129 2138 2148 2180 2181 2189 2192 2193 2207 2213 2260 2277 2287 2293 2294 2296 2307 2308 2310 2316 2319 2334 2341 2346 2348 2354 2370 2373 2378 2387 2425 2439 2455 2457 2458 2464 2469 2473 2475 2501 2508 2510 2517 2520 2522 2526 2528 2531 2533 2542 2545 2548 2549 2559 2560 2572 2573 2576
55: 2090 2098 2112 2115 2127 2133 2135 2137 2144 2162 2166 2168 2185 2205 2208 2215 2219 2226 2233 2236 2243 2254 2258 2266 2269 2275 2278 2284 2288 2292 2301 2304 2321 2333 2339 2344 2351 2353 2363 2389 2396 2397 2401 2402 2415 2427 2429 2436 2441 2443 2451 2461 2491 2496 2514 2516 2524 2555 2557 2570 2571
56: 2093 2124 2139 2147 2175 2212 2264 2267 2311 2327 2342 2367 2375 2379 2380 2450 2484 2536
57: 2094 2097 2131 2163 2182 2191 2196 2228 2249 2251 2276 2290 2322 2323 2361 2413 2418 2420 2432 2452 2471 2477 2480 2487 2511 2532 2561 2564 2565
58: 2095 2119 2122 2128 2132 2161 2169 2187 2188 2190 2195 2204 2206 2211 2223 2232 2246 2247 2252 2298 2305 2309 2320 2335 2355 2356 2359 2364 2365 2388 2392 2394 2404 2411 2412 2417 2430 2438 2459 2467 2470 2476 2488 2492 2500 2502 2513 2519 2547 2550 2554
59: 2096 2125 2167 2197 2209 2237 2262 2282 2343 2395 2419 2422 2424 2428 2434 2437 2444 2483 2494 2529
60: 2099 2107 2110 2113 2123 2134 2142 2149 2151 2152 2155 2156 2165 2171 2173 2177 2198 2202 2203 2222 2227 2230 2235 2240 2241 2244 2253 2271 2273 2280 2281 2285 2286 2295 2299 2300 2302 2306 2313 2315 2325 2326 2328 2332 2338 2347 2358 2368 2371 2372 2377 2391 2399 2406 2407 2409 2435 2448 2454 2456 2462 2463 2466 2468 2485 2493 2497 2498 2499 2503 2505 2506 2509 2518 2527 2534 2537 2539 2543 2544 2551 2552 2558 2566 2568 2569
61: 2100 2106 2153 2157 2179 2186 2200 2214 2224 2239 2318 2357 2376
62: 2104 2120 2140 2145 2176 2199 2201 2314 2329 2337 2400 2405 2410 2431 2445 2495 2515 2530 2538 2540 2546
63: 2114 2143 2217 2220 2231 2248 2263 2408 2426 2440
64: 2116 2160 2172 2178 2265 2289 2336 2374 2381 2442 2453 2479
65: 2118 2121 2154 2159 2184 2194 2279 2312 2317 2349 2366 2369 2393 2433 2460 2512
66: 2130 2136 2225 2256 2257 2270 2283 2291 2345 2384 2390 2398 2423 2465 2482 2525
67: 2577 2578 2581 2602 2609 2611 2613 2614 2616 2618 2624 2629 2644 2656 2678 2684 2697 2703 2708 2716 2720 2722 2723 2726 2729 2731 2735 2739 2750 2760 2761 2784 2799 2807 2821 2825 2843 2844 2846 2849 2853 2858 2859 2866 2871 2872 2873 2877 2878 2894 2900 2916 2931 2933 2938 2940 2952 2954 2956 2977 2984 2989 3002 3015 3021 3031 3042 3045 3070 3073 3077 3082 3094 3097 3111 3118 3127 3128 3137 3162 3166 3167 3170 3180 3198 3201 3206 3215 3220 3229 3240 3242 3246 3247 3249
68: 2579 2595 2600 2632 2674 2688 2712 2763 2837 2898 2971 3056 3153 3157 3158
69: 2580 2590 2604 2608 2610 2620 2622 2623 2626 2627 2667 2673 2681 2705 2733 2742 2780 2782 2788 2801 2806 2822 2847 2848 2860 2870 2874 2879 2881 2882 2899 2960 2961 2964 2981 2991 2996 3001 3025 3033 3035 3039 3046 3051 3063 3072 3079 3083 3086 3088 3096 3105 3120 3125 3144 3155 3168 3169 3177 3204 3210 3228 3232 3233 3235 3245 3255
70: 2582 2586 2591 2619 2621 2645 2649 2651 2655 2664 2665 2666 2671 2676 2685 2689 2690 2693 2702 2715 2734 2737 2740 2743 2749 2756 2757 2758 2769 2770 2771 2785 2794 2795 2796 2803 2810 2818 2824 2826 2845 2851 2862 2865 2869 2875 2889 2897 2901 2905 2910 2914 2919 2921 2967 2979 2986 2987 2998 3012 3016 3044 3060 3061 3067 3068 3075 3076 3081 3090 3099 3107 3113 3130 3135 3138 3159 3161 3173 3175 3178 3179 3191 3193 3194 3197 3205 3209 3212 3222 3227 3231 3237 3241 3248 3250 3254
71: 2583 2601 2630 2634 2639 2704 2746 2781 2828 2839 2906 2942 2945 2957 3017 3026 3049 3106 3110 3123 3124 3148 3154 3156 3181 3200 3213 3218
72: 2584 2686 2691 2721 2768 2805 2815 2880 2993 3008 3029 3040 3059 3091 3114 3121 3171
73: 2585 2625 2640 2650 2657 2659 2660 2662 2683 2695 2701 2718 2724 2741 2744 2762 2778 2783 2808 2817 2823 2827 2884 2903 2907 2912 2923 2939 2941 2955 2959 2965 2966 2968 2982 3003 3004 3018 3019 3022 3037 3054 3078 3103 3136 3147 3150 3152 3160 3172 3186 3203 3207 3208 3221 3223 3224 3234 3252 3253 3256
74: 2587 2637 2643 2653 2654 2658 2677 2692 2698 2706 2707 2717 2727 2732 2747 2777 2804 2814 2819 2831 2832 2833 2855 2857 2887 2890 2892 2908 2911 2922 2927 2928 2930 2935 2947 2949 2951 2953 2983 2992 2997 3014 3023 3027 3050 3093 3098 3117 3140 3163 3174 3182 3188 3196 3211 3216 3225 3238 3243 3244 3251
75: 2588 2594 2646 2675 2680 2700 2728 2772 2773 2775 2776 2779 2792 2797 2800 2830 2836 2888 2932 2974 2994 3052 3055 3065 3122 3164 3184
76: 2589 2603 2719 2753 2755 2793 2891 2943 2973 3007 3043 3066 3069 3074 3102 3134
77: 2592 2606 2612 2631 2642 2652 2672 2709 2710 2736 2751 2752 2766 2767 2816 2820 2840 2852 2856 2902 2925 2929 2936 2937 2969 2975 2990 2999 3041 3089 3092 3126 3133 3141 3143 3146 3183 3195 3230 3239
78: 2593 2597 2599 2605 2617 2628 2635 2679 2687 2790 2809 2829 2854 2863 2876 2886 2896 2917 3024 3034 3036 3062 3080 3084 3112 3165
79: 2596 2696 2754 2759 2802 2813 2834 2842 2850 2867 2904 2913 2918 2934 2944 2963 2988 2995 3057 3108 3115 3129 3151 3176 3187 3219 3226
80: 2598 2641 2738 2745 2748 2786 2787 2789 2811 2909 2924 2950 3047 3053 3058 3071 3132 3142
81: 2607 2615 2633 2638 2669 2682 2713 2730 2764 2885 2948 2962 2980 3085 3104 3109 3119 3139 3189 3192
82: 2636 2648 2694 2841 2861 2893 2920 2926 2978 2985 3006 3010 3032 3087
83: 2647 2699 2711 2774 2791 2798 2812 2835 2838 2864 2915 2946 2958 2970 2976 3000 3005 3009 3011 3013 3030 3048 3064 3095 3116 3131 3149 3190 3199 3202 3214 3217 3236
84: 2661 2663 2668 2670 2714 2725 2765 2868 2883 2895 2972 3020 3028 3038 3100 3101 3145 3185
85: 3257 3270 3277 3280 3284 3287 3293 3295 3305 3306 3313 3318 3319 3322 3340 3343 3344 3346 3347 3355 3367 3370 3404 3406 3408 3410 3419 3425 3426 3428 3434 3439 3444 3453 3458 3466 3469 3470 3475 3478 3479 3480 3481 3483 3488 3492 3500 3512 3514 3517 3518 3539 3540 3547 3548 3557 3571 3577 3583 3588 3593 3608 3613 3616 3626 3627 3632 3637 3639 3643 3650 3651 3654 3661 3662 3663 3664
86: 3258 3299 3310 3317 3336 3338 3349 3351 3354 3376 3405 3418 3432 3438 3445 3467 3471 3490 3495 3513 3520 3530 3553 3576 3586 3598 3599 3602 3620 3631 3638 3646 3649 3652 3658 3660
87: 3259 3261 3266 3275 3282 3309 3315 3321 3325 3337 3341 3342 3348 3350 3356 3358 3361 3365 3373 3375 3382 3414 3422 3423 3433 3446 3474 3493 3494 3504 3505 3507 3515 3519 3525 3526 3534 3537 3542 3543 3544 3552 3563 3574 3575 3580 3581 3582 3594 3596 3605 3621 3624 3628 3629 3630 3636 3642 3645 3653 3655
88: 3260 3264 3283 3292 3304 3307 3323 3326 3329 3396 3401 3407 3441 3451 3482 3485 3486 3499 3559 3570 3572 3585 3610
89: 3262 3268 3274 3291 3298 3302 3308 3327 3330 3333 3335 3339 3353 3357 3364 3368 3379 3384 3395 3398 3409 3411 3413 3416 3417 3421 3436 3443 3447 3448 3449 3456 3461 3462 3464 3487 3496 3497 3501 3502 3503 3506 3510 3522 3532 3538 3550 3551 3561 3566 3584 3600 3601 3604 3609 3617 3622 3625 3635 3640 3641 3648 3656 3659
90: 3263 3265 3271 3278 3289 3300 3301 3311 3314 3328 3331 3381 3386 3397 3420 3437 3465 3477 3536 3541 3545 3554 3564 3578 3587 3607 3611
91: 3267 3276 3281 3285 3286 3316 3320 3332 3345 3359 3362 3366 3372 3374 3385 3388 3389 3392 3393 3394 3399 3412 3424 3440 3442 3452 3454 3459 3489 3511 3521 3524 3528 3533 3556 3558 3592 3597 3614 3615 3619 3633 3644 3657
92: 3269 3279 3294 3378 3403 3431 3472 3527 3562 3567
93: 3272 3288 3290 3303 3312 3324 3334 3360 3377 3383 3390 3391 3400 3427 3430 3435 3450 3463 3468 3484 3491 3509 3523 3529 3531 3546 3560 3568 3569 3573 3579 3589 3590 3591 3595 3603 3606 3618 3647
94: 3273 3297 3369 3402 3415 3460 3473 3508 3549 3565
95: 3296 3352 3363 3371 3380 3387 3429 3455 3457 3476 3498 3516 3535 3555 3612 3623 3634
96: 3665 3667 3670 3671 3676 3677 3678 3679 3680 3681 3682 3683 3684 3689 3690 3691 3693 3699 3700 3701 3702 3706 3708 3713 3714 3716 3718 3721 3722 3723 3726 3729 3730 3731 3735 3736 3738 3739 3742 3744 3751 3753 3755 3756 3758 3759 3760 3761 3763 3765 3768 3772 3775 3778 3790 3796 3797 3798 3799 3801 3803 3806 3807 3812 3814 3822 3823 3824 3825 3827 3828 3829 3831 3832 3833 3834 3838 3840 3841 3843 3844 3848 3850 3851 3852 3855 3856 3857 3859 3860 3863 3864 3866 3868 3869 3870 3872 3875 3876 3877 3883 3884 3885 3889 3895 3901 3904 3905 3906 3908 3909 3913 3914 3915 3918
97: 3666 3694 3704 3733 3741 3743 3748 3752 3764 3774 3789 3805 3813 3816 3820 3845 3861 3873 3880
98: 3668 3669 3685 3686 3703 3707 3709 3710 3712 3715 3724 3725 3728 3732 3734 3737 3747 3754 3757 3762 3766 3770 3771 3781 3783 3784 3785 3786 3787 3793 3794 3795 3804 3809 3810 3811 3815 3817 3818 3819 3836 3839 3846 3849 3854 3858 3862 3867 3874 3878 3882 3886 3888 3893 3894 3897 3898 3900 3910 3916 3919
99: 3672 3673 3674 3675 3687 3688 3692 3695 3696 3697 3698 3705 3711 3717 3719 3720 3727 3740 3745 3746 3749 3750 3767 3769 3773 3776 3777 3779 3780 3782 3788 3791 3792 3800 3802 3808 3821 3826 3830 3835 3837 3842 3847 3853 3865 3871 3879 3881 3887 3890 3891 3892 3896 3899 3902 3903 3907 3911 3912 3917
100: 3920 3927 3932 3937 3943 3960 3962 3963 3965 3968 3970 3981 3985 3986 3989 3991 4000 4002 4004 4006 4012 4013 4020 4031 4039 4044 4056 4060 4068 4076 4085 4093 4105 4113 4123 4125 4133 4136 4139 4141 4152 4160 4167 4173 4177 4187 4189 4191 4202 4209 4210 4212 4215 4223 4230 4235 4236 4240 4248 4262 4266 4269 4293 4301 4309 4314 4315 4317 4318 4325 4327 4330 4340 4344 4352 4363 4364 4367 4371 4372 4375 4376 4380 4381 4382 4386 4388 4389 4390 4397 4398 4413
101: 3921 3928 3934 3944 3945 3951 3956 3964 3984 4003 4040 4059 4063 4067 4094 4115 4122 4127 4146 4147 4148 4149 4162 4175 4181 4192 4199 4213 4217 4222 4226 4231 4246 4255 4278 4288 4304 4326 4328 4337 4339 4343 4394 4395 4401 4404 4406 4408 4410
102: 3922 3923 3924 3939 3941 3972 3978 3979 3993 4007 4014 4041 4042 4064 4071 4099 4101 4103 4114 4119 4130 4137 4170 4186 4190 4207 4214 4219 4224 4227 4261 4267 4280 4285 4289 4321 4324 4334 4356 4369 4374 4377 4391 4399 4400 4415
103: 3925 3930 3936 3940 3952 3955 3957 3958 3973 3977 3980 3990 3995 4016 4019 4022 4024 4028 4053 4062 4066 4075 4079 4082 4084 4088 4096 4106 4107 4108 4129 4135 4143 4145 4151 4154 4157 4159 4165 4176 4182 4197 4201 4203 4208 4225 4229 4234 4238 4245 4257 4268 4272 4276 4284 4291 4292 4294 4299 4300 4302 4305 4312 4313 4333 4336 4347 4350 4353 4357 4362 4366 4373 4416
104: 3926 3933 3942 3946 3949 3959 3961 3971 3982 3983 3992 3994 4005 4046 4047 4048 4052 4057 4058 4061 4065 4069 4072 4073 4078 4086 4109 4110 4111 4112 4124 4126 4132 4144 4164 4168 4174 4185 4193 4195 4196 4205 4206 4218 4221 4228 4232 4244 4247 4250 4263 4264 4270 4275 4281 4287 4303 4306 4307 4311 4331 4332 4338 4341 4342 4348 4349 4351 4358 4368 4378 4385 4396 4403 4407 4411 4412 4414 4418
105: 3929 3931 3948 4027 4045 4049 4055 4097 4104 4180 4188 4198 4211 4243 4253 4260 4310 4360
106: 3935 3967 3976 3987 3988 4008 4018 4025 4034 4043 4051 4054 4070 4089 4095 4100 4102 4131 4150 4153 4158 4178 4179 4183 4194 4233 4237 4242 4249 4252 4254 4256 4258 4259 4282 4286 4290 4295 4296 4308 4320 4335 4365 4370 4384 4392 4402
107: 3938 3950 3996 3998 4009 4023 4026 4029 4035 4036 4037 4087 4090 4116 4117 4118 4121 4128 4161 4163 4169 4171 4172 4200 4204 4216 4265 4271 4277 4279 4316 4319 4322 4345 4355 4359 4383 4393
108: 3947 4010 4015 4030 4081 4092 4140 4156 4220 4274 4283 4298 4329
109: 3953 3954 3966 3969 3974 3975 3997 3999 4001 4011 4017 4021 4032 4033 4038 4050 4074 4077 4080 4083 4091 4098 4120 4134 4138 4142 4155 4166 4184 4239 4241 4251 4273 4297 4323 4346 4354 4361 4379 4387 4405 4409 4417
110: 4419 4421 4427 4435 4446 4453 4460 4464 4470 4493 4520 4535 4537 4538 4547 4551 4560 4571 4572 4577 4582 4586 4592 4596 4601 4604 4609 4625 4627 4633 4672 4677 4679 4680 4683 4697 4700 4703 4723 4729 4732 4775 4781 4816 4826 4829 4845 4853 4870 4872 4879 4881 4885 4893 4895 4921 4927 4930 4933 4939 4947 4955 4960 4993 4997
111: 4420 4434 4440 4441 4451 4459 4462 4472 4485 4488 4490 4495 4498 4501 4505 4509 4511 4524 4527 4530 4536 4539 4541 4550 4556 4557 4561 4570 4579 4581 4584 4594 4617 4619 4624 4631 4639 4640 4647 4649 4650 4654 4658 4659 4666 4669 4670 4671 4687 4691 4701 4714 4721 4736 4750 4754 4755 4760 4771 4782 4785 4793 4799 4804 4812 4819 4824 4828 4849 4874 4876 4889 4897 4906 4923 4925 4931 4934 4935 4946 4948 4949 4950 4952 4954 4956 4957 4959 4974 4978 4982 4989 4991
112: 4422 4430 4442 4447 4461 4466 4467 4476 4521 4532 4553 4600 4606 4610 4614 4655 4656 4668 4715 4738 4740 4762 4772 4778 4783 4786 4805 4813 4831 4848 4852 4861 4867 4883 4914 4922 4926 4971 4975 4983 4996
113: 4423 4426 4555 4587 4598 4643 4724 4726 4737 4789 4815 4847 4858
114: 4424 4445 4448 4492 4510 4580 4588 4593 4603 4706 4733 4735 4779 4780 4843 4866
115: 4425 4431 4439 4457 4458 4469 4477 4486 4502 4503 4504 4512 4533 4542 4545 4548 4549 4558 4559 4567 4568 4599 4615 4620 4626 4632 4638 4642 4644 4645 4651 4661 4667 4676 4696 4704 4708 4716 4730 4753 4757 4769 4777 4792 4794 4795 4796 4806 4811 4814 4817 4820 4839 4855 4859 4868 4880 4887 4890 4891 4907 4911 4912 4913 4924 4932 4942 4943 4945 4953 4958 4966 4969 4970 4973 4979 4981 4986 4987 4994
116: 4428 4432 4443 4454 4456 4468 4478 4483 4508 4519 4543 4552 4554 4566 4574 4583 4589 4590 4597 4612 4622 4623 4629 4648 4665 4699 4702 4717 4720 4731 4734 4744 4745 4746 4747 4748 4751 4773 4790 4791 4800 4803 4807 4825 4835 4860 4871 4898 4901 4938 4940 4963 4964 4972 4980 4984 4998
117: 4429 4480 4500 4565 4575 4652 4695 4707 4725 4818 4832 4834 4873 4892 4896 4899 4908 4916 4936
118: 4433 4437 4473 4479 4484 4487 4499 4506 4523 4546 4562 4591 4607 4611 4616 4618 4621 4630 4634 4635 4637 4646 4653 4660 4673 4681 4682 4711 4713 4739 4742 4761 4763 4766 4768 4784 4798 4802 4808 4840 4844 4846 4851 4864 4877 4882 4884 4902 4904 4905 4909 4910 4915 4918 4937 4941 4967 4968 4976 4977 4985 4990 4992 4995 4999
119: 4436 4482 4489 4507 4517 4526 4531 4569 4663 4674 4675 4678 4684 4688 4689 4718 4728 4741 4758 4764 4788 4797 4801 4823 4827 4841 4850 4857 4862 4875 4888 4917 4920 4928 4944 4951 4961 4962 4965 4988
120: 4438 4481 4497 4513 4516 4534 4613 4685 4694 4698 4756 4838 4856
121: 4444 4449 4455 4494 4514 4515 4540 4585 4595 4712 4719 4752 4836
122: 4450 4474 4525 4544 4563 4578 4662 4664 4690 4710 4810 4837
123: 4452 4528 4576 4657 4705 4727 4749 4765 4830 4854 4865 4878 4886 4903 4919
124: 4463 4491 4496 4522 4602 4692 4693 4774 4842 4863 4869
125: 4465 4475 4518 4573 4608 4628 4641 4686 4709 4722 4743 4759 4787 4821 4900 4929
126: 4471 4529 4564 4605 4636 4767 4770 4776 4809 4822 4833 4894
