0: 0 5 25 28 51 87 95 101 104 128 145 149 156 184 201 231 237 253 269 273
1: 1 2 22 26 38 39 42 43 45 65 68 76 96 102 114 119 122 127 138 142 148 152 155 158 169 174 175 180 191 192 195 208 218 222 229 230 232 234 242 247 255 256 258 259 262 263 266 279 283 285 286 291 292 297 298 300 301 307 308 309
2: 3 20 30 40 46 50 94 126 134 197 206 215 216 245
3: 4 8 21 27 35 47 48 60 62 78 79 83 89 112 116 117 120 125 146 154 203 207 233 241 252 257 261
4: 6 9 13 16 18 29 36 44 61 67 70 75 80 82 90 92 98 109 118 124 133 159 163 164 173 178 179 182 183 185 187 190 194 198 199 204 209 213 217 227 238 260 271 272 278 287 288 289 290 293 303 304 306 313 315
5: 7 11 12 14 15 17 19 23 24 32 37 53 54 56 58 63 64 71 74 84 91 100 103 106 107 110 111 113 115 123 129 131 136 137 140 141 143 144 151 153 162 165 166 167 168 170 177 181 196 200 202 205 210 212 214 219 224 226 228 236 246 248 249 250 251 254 265 268 270 274 275 276 277 280 281 282 284 294 295 296 299 302 305 310 311 312 314 316
6: 10 31 41 57 69 77 81 86 108 130 132 135 147 157 186 193 211 220 221 223 240 264 267
7: 33 52 59 66 73 85 93 97 150 160 172 189 225 235 244
8: 34 49 55 72 88 99 105 121 139 161 171 176 188 239 243
9: 317 333 334 354 383 395 407 424 433 474 505 511 512 518 527 564 580
10: 318 319 330 337 351 357 366 368 370 371 391 425 444 452 455 465 484 490 493 520 522 528 531 545 559 561 562 576 578 583 589 601 615 616
11: 320 332 345 376 411 413 446 457 466 477 524 549 574 579
12: 321 329 335 344 355 358 359 369 380 381 384 388 393 398 402 409 410 412 415 430 431 453 454 458 459 462 464 467 470 473 481 483 487 489 507 509 513 516 529 535 544 557 565 573 587 588 592 594 603 605 608 609 618 622 628 632 633 634 637 644 651 652 655
13: 322 324 338 392 408 414 434 471 494 508 521 552 571 597 600
14: 323 325 341 342 378 386 394 416 475 486 496 517 526 546 548 585
15: 326 348 350 352 374 375 377 387 389 404 418 421 423 428 441 461 463 479 480 482 488 497 501 503 506 514 530 542 551 568 604 611 612 620 624 636 638 639 641 645 648
16: 327 328 349 362 367 373 419 429 443 451 519 538 556 558 566 572 590 613
17: 331 346 365 372 450 460 491 504 515 523 540 543 569 577
18: 336 339 340 390 399 432 440 498 499 533 534 536 537 550 553 582
19: 343 353 361 363 382 385 397 400 401 403 422 426 438 445 447 456 469 472 492 495 500 525 532 555 560 567 570 575 581 586 593 595 596 599 602 606 610 619 625 626 627 631 635 647 650 654
20: 347 356 360 364 379 396 405 406 417 420 427 435 436 437 439 442 448 449 468 476 478 485 502 510 539 541 547 554 563 584 591 598 607 614 617 621 623 629 630 640 642 643 646 649 653
21: 656 657 662 672 674 675 682 689 692 698 725 729 736 742 743 766 779 780 787 801 803 812 826 830 843 854 855 862 863 883 885 886 896 903 912 920 924 926 928 929 930 932 944 965 967 975 989 992 994 999 1003 1008 1018 1021 1022 1026 1027
22: 658 663 678 679 681 705 726 728 732 733 745 748 751 756 759 760 771 783 786 789 790 792 795 797 799 805 807 822 823 828 831 839 844 867 874 875 878 881 897 899 900 917 925 927 935 940 947 949 950 953 956 958 972 978 985 987 990 991 997 998 1006 1017 1019 1020 1023 1025 1030
23: 659 669 671 717 719 765 798 802 818 827 833 848 850 856 861 880 892 894 945 957
24: 660 665 666 673 677 680 684 688 691 695 697 699 702 707 709 710 711 712 714 718 721 724 730 735 737 740 741 746 747 749 757 762 763 764 767 768 770 773 774 781 782 784 793 804 819 820 824 825 829 832 834 837 852 858 859 864 865 866 876 877 884 889 898 901 904 908 910 911 913 915 919 922 931 933 937 946 952 954 959 960 966 976 983 993 995 996 1005 1009 1010 1011 1012 1016 1024 1028 1033
25: 661 667 686 696 700 701 720 739 744 750 753 755 761 775 776 785 788 791 796 809 813 815 835 841 842 860 871 872 887 893 905 909 914 921 923 936 938 939 942 948 964 969 970 977 981 982 986 1000 1001 1002 1004 1007 1013 1014 1015 1029 1031 1032 1034
26: 664 670 676 683 690 708 715 716 738 769 772 836 838 853 857 873 879 907 962 963 979 984 988
27: 668 694 703 713 778 800 817 849 888 891 934 941 968 971 974
28: 685 693 704 722 723 731 754 810 811 821 846 847 851 869 870 882 890 916 951 973
29: 687 706 727 734 752 758 777 794 806 808 814 816 840 845 868 895 902 906 918 943 955 961 980
30: 1035 1040 1049 1051 1053 1061 1067 1074 1089 1094 1109 1119 1124 1129 1134 1144 1145 1147 1150 1154 1161 1177 1182 1189 1203 1208 1215 1234 1247 1253 1266 1268 1285 1287 1289 1297 1301 1306 1327 1329 1342 1349 1356 1358 1360 1363 1376 1377 1380 1384 1387 1392
31: 1036 1043 1048 1052 1057 1062 1068 1071 1087 1088 1090 1091 1093 1099 1102 1103 1110 1120 1126 1127 1128 1133 1146 1152 1153 1162 1166 1167 1173 1174 1178 1179 1187 1196 1199 1210 1213 1214 1218 1219 1222 1227 1240 1242 1254 1259 1265 1277 1291 1298 1303 1307 1311 1314 1315 1317 1321 1324 1330 1331 1333 1334 1335 1336 1337 1338 1344 1346 1347 1351 1353 1357 1359 1361 1366 1368 1371 1372 1373 1379 1381 1382 1386 1389 1391
32: 1037 1039 1050 1060 1072 1078 1079 1082 1100 1108 1113 1121 1125 1139 1141 1142 1143 1149 1156 1163 1164 1181 1186 1193 1204 1232 1237 1241 1244 1245 1249 1257 1260 1261 1272 1281 1282 1286 1290 1292 1305 1308 1312 1316 1319 1323 1325 1326 1332 1343 1345 1352 1354 1355 1362 1370 1378 1385 1390 1393 1394
33: 1038 1044 1045 1047 1054 1083 1171 1175 1190 1197 1209 1224 1229 1233 1251 1273 1275 1299 1339
34: 1041 1086 1107 1137 1151 1169 1176 1195 1202 1217 1256 1276 1322
35: 1042 1046 1056 1063 1069 1073 1080 1085 1122 1135 1140 1158 1180 1185 1200 1230 1255 1279 1280 1288 1294 1350
36: 1055 1084 1097 1112 1118 1132 1184 1216 1223 1231 1252 1263 1274 1309
37: 1058 1059 1064 1065 1070 1075 1077 1092 1095 1096 1098 1104 1105 1106 1111 1115 1123 1130 1131 1157 1160 1168 1170 1172 1188 1198 1201 1205 1212 1220 1221 1225 1226 1228 1235 1238 1246 1248 1250 1267 1269 1271 1278 1283 1284 1293 1300 1310 1313 1318 1320 1328 1340 1341 1364 1365 1367 1369 1374 1375 1383 1388
38: 1066 1076 1081 1117 1136 1148 1165 1194 1211 1258 1262 1270 1295 1296
39: 1101 1114 1116 1138 1155 1159 1183 1191 1192 1206 1207 1236 1239 1243 1264 1302 1304 1348
40: 1395 1419 1422 1464 1521 1531 1610 1612 1641 1663 1693 1714 1716 1721 1725 1731 1745 1755 1777 1778 1783 1808 1865 1882 1914 1938 1950 1990 2013 2032 2060 2061 2077 2109 2128 2153 2155 2168 2175 2209 2242 2246
41: 1396 1412 1414 1416 1469 1547 1564 1637 1681 1696 1776 1796 1848 1852 1896 1937 1964 1989 2002 2055 2063 2075 2095 2139 2149 2193
42: 1397 1410 1454 1467 1540 1555 1577 1639 1654 1799 1814 1858 1881 1898 1908 1932 1943 2009 2097 2101 2103 2116 2132 2145 2166 2198 2199
43: 1398 1407 1450 1470 1515 1517 1528 1546 1553 1559 1566 1596 1597 1600 1618 1644 1648 1673 1682 1690 1691 1720 1788 1793 1817 1854 1861 1875 1904 1915 1948 1954 1955 1974 2018 2024 2071 2085 2093 2105 2130 2173 2186 2197 2213 2214 2224 2241 2261 2262 2264 2265
44: 1399 1504 1602 1697 1707 1761 1780 1827 1838 1853 1888 1927 1941 1946 1953 2045 2051 2056
45: 1400 1413 1437 1443 1481 1486 1493 1496 1506 1513 1516 1519 1524 1536 1560 1561 1594 1595 1598 1623 1665 1688 1702 1743 1746 1749 1768 1786 1813 1850 1872 1962 1998 2003 2006 2015 2017 2026 2065 2068 2094 2099 2141 2191 2195 2235
46: 1401 1420 1436 1462 1472 1499 1525 1526 1533 1549 1578 1617 1626 1629 1650 1656 1660 1667 1694 1711 1715 1718 1754 1759 1811 1834 1883 1885 1928 1939 1940 1981 1999 2016 2019 2020 2040 2054 2062 2119 2129 2151 2162 2182 2183 2194 2215 2219
47: 1402 1403 1444 1471 1492 1511 1616 1727 1772 1825 1856 1905 1919 1936 1959 1992 2118 2123 2134
48: 1404 1406 1411 1424 1428 1448 1456 1490 1512 1520 1538 1584 1619 1636 1683 1726 1728 1733 1770 1773 1805 1809 1818 1860 1863 1867 1873 1902 1912 1913 1921 1925 1969 1976 1977 1982 1983 2008 2030 2053 2072 2143 2147 2158 2165 2172 2174 2208 2211 2227 2239 2244 2271 2272 2274
49: 1405 1409 1421 1430 1432 1433 1459 1476 1480 1483 1497 1498 1514 1522 1551 1554 1582 1586 1591 1593 1603 1606 1608 1620 1625 1627 1630 1635 1649 1651 1653 1661 1664 1666 1678 1685 1695 1708 1709 1742 1779 1781 1789 1804 1806 1816 1824 1830 1832 1851 1859 1868 1892 1909 1944 1958 1960 1968 1997 2001 2038 2047 2069 2084 2100 2124 2136 2142 2150 2154 2169 2170 2181 2188 2203 2225 2226 2230 2234 2237 2248 2249 2252 2254 2256 2269 2270 2273
50: 1408 1457 1458 1465 1473 1475 1563 1607 1676 1738 1758 1785 1787 1829 1847 1899 1929 1971 1987 2012 2021 2023 2043 2090 2117 2179 2180 2207
51: 1415 1423 1427 1440 1507 1574 1581 1621 1638 1729 1760 1907 1917 1993 1994 2005 2042 2059 2135
52: 1417 1434 1445 1482 1505 1509 1523 1529 1539 1542 1552 1604 1633 1658 1659 1662 1669 1699 1703 1751 1753 1765 1769 1771 1782 1802 1819 1841 1862 1869 1874 1887 1906 1922 1970 1975 1985 2010 2025 2037 2057 2082 2110 2112 2120 2121 2125 2131 2152 2157 2178 2187 2189 2216 2222 2247 2250 2251
53: 1418 1449 1548 1674 1730 1828 1831 1835 1894 1951 1966 1991
54: 1425 1442 1463 1468 1474 1530 1532 1534 1535 1550 1556 1562 1567 1576 1588 1589 1632 1640 1643 1672 1675 1677 1684 1686 1700 1704 1741 1748 1756 1762 1800 1833 1846 1870 1871 1876 1886 1901 1911 1918 1924 1945 1949 1961 1972 1986 2000 2022 2027 2028 2031 2033 2039 2041 2052 2078 2080 2086 2091 2096 2102 2106 2111 2115 2126 2127 2133 2156 2159 2177 2196 2201 2205 2233 2238 2243 2255 2258 2259 2263 2266 2268
55: 1426 1453 1477 1495 1508 1575 1642 1647 1652 1705 1724 1744 1810 1849 1866 1963 2046
56: 1429 1455 1479 1491 1503 1527 1558 1572 1585 1687 1689 1757 1784 1794 1803 1807 1823 1845 1879 1895 1926 1930 1935 1978 2079 2083 2144 2171 2176 2200 2204 2232
57: 1431 1487 1541 1614 1645 1679 1680 1698 1750 1792 1973 1984
58: 1435 1573 1579 1611 1692 1735 1736 1737 1840 1843 1855 1864 1900 1947 1988 2034 2076 2081 2098
59: 1438 1441 1446 1706 1710 1719 1775 1801 1820 1878 1880 1920 1931 2066 2088
60: 1439 1452 1484 1489 1500 1502 1510 1537 1543 1565 1569 1583 1587 1590 1601 1609 1613 1622 1655 1657 1701 1717 1723 1732 1739 1740 1764 1790 1795 1822 1836 1837 1857 1884 1916 1934 1952 1996 2044 2070 2073 2074 2107 2113 2114 2137 2138 2140 2148 2160 2161 2220 2228 2231 2240 2260 2267
61: 1447 1544 1570 1580 1592 1631 1668 1722 1766 1797 1842 1877 1890 1933 1965 2004 2007 2035 2049
62: 1451 1460 1466 1478 1488 1494 1501 1518 1557 1624 1634 1646 1670 1671 1712 1734 1747 1767 1812 1821 1839 1844 1889 1891 1903 1923 1942 1957 1967 2029 2036 2050 2064 2089 2092 2104 2122 2164 2185 2202 2206 2210 2212 2217 2218 2221 2223 2229 2236 2245 2253 2257 2275
63: 1461 1568 1571 1599 1605 1615 1628 1713 1763 1791 1798 1815 1893 1910 1980 2048 2058 2067 2087 2108 2146 2163 2167 2184 2190 2192
64: 1485 1545 1752 1774 1826 1897 1956 1979 1995 2011 2014
65: 2276 2301 2323 2330 2355 2356 2406 2470 2502 2521 2541 2552 2554 2595 2599 2617 2621 2623 2657 2704 2705 2727 2740 2763
66: 2277 2284 2295 2316 2352 2363 2366 2382 2389 2410 2431 2460 2468 2496 2519 2524 2530 2548 2557 2563 2566 2583 2601 2612 2615 2616 2630 2670 2689 2702 2711 2713 2723 2744 2760 2765 2788
67: 2278 2291 2292 2304 2309 2312 2317 2357 2359 2364 2374 2397 2411 2417 2418 2421 2433 2438 2442 2452 2457 2474 2479 2483 2491 2513 2518 2528 2538 2542 2553 2568 2582 2585 2589 2591 2604 2610 2619 2628 2638 2642 2651 2655 2664 2672 2673 2680 2682 2691 2692 2697 2698 2707 2708 2712 2721 2724 2729 2735 2746 2750 2756 2757 2771 2777 2780 2782 2783 2785 2786 2787 2794 2799 2802 2803 2808 2809 2811 2812 2813
68: 2279 2280 2308 2327 2339 2345 2353 2414 2420 2429 2466 2478 2564 2573 2593 2605 2625 2637 2658 2659 2669 2701 2751
69: 2281 2285 2302 2324 2332 2334 2336 2367 2368 2371 2375 2380 2412 2444 2451 2453 2482 2485 2489 2546 2561 2574 2598 2608 2613 2636 2654 2662 2715 2716 2722 2726 2731 2755 2773 2774
70: 2282 2303 2329 2340 2346 2360 2377 2399 2401 2407 2424 2427 2428 2434 2439 2462 2487 2494 2507 2509 2539 2577 2586 2607 2644 2653 2674 2675 2677 2690 2699 2703 2706 2709 2728 2736 2742 2745 2768 2800 2804
71: 2283 2293 2322 2350 2361 2378 2386 2390 2396 2402 2416 2437 2445 2450 2456 2463 2467 2515 2523 2525 2526 2540 2545 2547 2587 2618 2714 2719 2739 2752 2762 2766 2769 2770 2775 2778 2790
72: 2286 2331 2387 2405 2430 2461 2516 2520 2529 2535 2635 2646 2694
73: 2287 2297 2319 2325 2328 2354 2358 2404 2441 2448 2449 2455 2464 2499 2501 2503 2517 2556 2597 2614 2622 2656 2665 2685 2717 2718 2725 2733 2734 2749 2772 2776
74: 2288 2296 2321 2333 2335 2362 2369 2392 2393 2435 2436 2477 2484 2493 2497 2500 2522 2532 2549 2562 2571 2576 2620 2624 2627 2634 2639 2641 2643 2645 2649 2676 2684 2687 2710 2720 2730 2754 2761 2767 2779 2792 2793 2795 2796 2798 2801 2807 2814 2815 2816
75: 2289 2298 2300 2307 2313 2326 2343 2347 2349 2372 2376 2384 2395 2398 2403 2408 2423 2465 2469 2475 2480 2511 2569 2570 2584 2590 2592 2626 2640 2667 2679 2683 2686 2693 2732 2748 2759 2781 2784 2789 2791 2797 2805 2806 2810
76: 2290 2310 2311 2318 2379 2413 2415 2419 2440 2459 2531 2533 2534 2550 2559 2567 2578 2580 2668 2681 2695 2696
77: 2294 2299 2315 2320 2388 2426 2472 2506 2508 2510 2555 2558 2594 2600 2663
78: 2305 2341 2351 2381 2383 2394 2400 2471 2486 2544 2575 2602 2629 2631 2647 2648 2652 2660 2700 2743 2747
79: 2306 2365 2373 2422 2446 2481 2490 2495 2512 2572 2579 2606 2609 2650 2661
80: 2314 2344 2385 2432 2458 2488 2498 2536 2565 2596 2603 2611 2632 2633 2666 2688 2737 2738 2741 2753 2758 2764
81: 2337 2342 2348 2409 2443 2492 2514 2527 2537 2543 2581
82: 2338 2370 2391 2425 2447 2454 2473 2476 2504 2505 2551 2560 2588 2671 2678
83: 2817 2824 2828 2831 2834 2842 2850 2853 2858 2862 2866 2869 2873 2885 2886 2887 2890 2907 2912 2917 2923 2924 2928 2932 2933 2939 2951 2955 2958 2970 2975 2976 2981 2986 2988 2991 2992 3000 3008 3010 3012 3024 3029 3032 3035 3036 3038 3054 3063 3065 3074 3088 3090 3094 3103 3122 3125 3126 3131 3132 3144 3155 3157 3158 3163 3164 3171 3175 3185 3186 3191 3200 3204 3210 3221 3226 3227 3230 3238 3240 3252 3266 3271 3274 3276 3281 3283 3287 3290 3293 3305 3312 3316
84: 2818 2826 2830 2852 2860 2861 2876 2893 2894 2911 2913 2919 2925 2929 2930 2937 2945 2947 2956 2959 2963 2977 2990 2996 3027 3034 3042 3045 3071 3079 3092 3099 3106 3107 3118 3119 3127 3151 3153 3165 3168 3177 3189 3215 3232 3234 3243 3244 3268 3282 3294 3311 3315
85: 2819 2821 2827 2836 2837 2841 2846 2857 2865 2896 2906 2914 2922 2927 2938 2969 2978 2980 2989 2998 3002 3007 3011 3020 3028 3040 3049 3055 3062 3068 3073 3081 3085 3096 3100 3102 3115 3123 3128 3134 3135 3136 3138 3140 3148 3149 3160 3162 3169 3172 3219 3220 3223 3246 3251 3278 3297 3304 3307 3314
86: 2820 2845 2905 2926 2946 2965 2972 2984 2987 2997 3039 3059 3064 3076 3083 3111 3121 3129 3142 3156 3159 3174 3178 3180 3190 3194 3196 3199 3201 3205 3217 3241 3248 3249 3261 3262 3277 3285 3300
87: 2822 2829 2832 2833 2835 2840 2849 2851 2856 2863 2879 2880 2882 2888 2897 2899 2901 2909 2910 2916 2918 2920 2936 2942 2943 2948 2949 2952 2954 2966 2967 2968 2979 2993 2995 3001 3015 3017 3018 3022 3031 3033 3037 3048 3056 3058 3061 3066 3077 3080 3084 3086 3089 3097 3098 3109 3113 3130 3133 3141 3143 3147 3150 3167 3170 3182 3187 3193 3206 3207 3208 3214 3218 3224 3229 3242 3255 3257 3258 3263 3264 3267 3270 3289 3291 3295 3301 3306 3308 3309 3313
88: 2823 2825 2847 2854 2867 2895 2931 2935 2941 2957 2961 2962 2971 2974 2983 2985 2999 3004 3067 3075 3095 3105 3116 3152 3173 3176 3184 3197 3198 3203 3209 3212 3225 3231 3233 3235 3236 3256 3265 3275 3280 3288 3292 3302
89: 2838 2839 2843 2855 2864 2868 2875 2883 2892 2940 2944 2950 2953 2960 2973 2994 3003 3009 3023 3030 3046 3047 3050 3060 3072 3091 3104 3110 3114 3120 3145 3161 3179 3181 3183 3192 3195 3213 3216 3237 3253 3254 3269 3272 3279 3284 3296 3303
90: 2844 2848 2859 2870 2874 2884 2889 2902 2903 2904 2921 2934 3005 3013 3021 3043 3044 3051 3052 3057 3070 3078 3082 3124 3188 3202 3245 3286
91: 2871 2872 2877 2878 2881 2891 2898 2900 2908 2915 2964 2982 3006 3014 3016 3019 3025 3026 3041 3053 3069 3087 3093 3101 3108 3112 3117 3137 3139 3146 3154 3166 3211 3222 3228 3239 3247 3250 3259 3260 3273 3298 3299 3310
92: 3317 3360 3388 3394 3451 3492 3505 3570 3597 3632 3643 3712 3746
93: 3318 3329 3331 3333 3337 3343 3345 3347 3354 3355 3358 3370 3392 3397 3409 3424 3426 3433 3440 3449 3450 3453 3455 3456 3460 3484 3503 3512 3525 3537 3548 3550 3552 3562 3565 3568 3571 3575 3581 3582 3584 3586 3591 3593 3601 3603 3604 3607 3613 3622 3637 3642 3645 3649 3653 3655 3658 3660 3662 3670 3673 3687 3690 3694 3698 3708 3715 3719 3720 3727 3729 3730 3732 3739 3750 3759 3775 3779 3785 3806 3810 3816 3824 3827 3830 3831 3836 3837 3838 3842 3844 3851 3853
94: 3319 3323 3328 3336 3339 3341 3344 3349 3350 3364 3381 3383 3384 3393 3395 3408 3416 3417 3423 3430 3431 3439 3442 3457 3458 3459 3472 3473 3478 3482 3485 3493 3494 3498 3504 3506 3507 3511 3515 3516 3524 3526 3540 3542 3546 3547 3564 3569 3572 3573 3577 3583 3590 3599 3600 3602 3606 3612 3614 3617 3621 3628 3633 3634 3636 3640 3641 3654 3667 3668 3684 3691 3693 3697 3699 3701 3706 3709 3717 3743 3749 3758 3766 3768 3769 3778 3799 3802 3803 3805 3807 3808 3828 3834 3840 3847 3850 3852 3854 3857
95: 3320 3361 3375 3390 3391 3413 3415 3428 3429 3474 3481 3533 3567 3578 3579 3594 3595 3596 3611 3651 3663 3685 3702 3703 3726 3738 3747 3753 3754 3763 3793 3825
96: 3321 3332 3346 3379 3380 3435 3446 3477 3488 3513 3514 3529 3561 3588 3629 3682 3689 3728 3742 3757 3784
97: 3322 3327 3338 3356 3363 3366 3376 3407 3421 3427 3437 3443 3479 3483 3534 3543 3620 3626 3652 3674 3700 3705 3714 3716 3722 3765 3770 3790 3801 3804 3815 3821 3826 3829
98: 3324 3342 3368 3372 3373 3399 3401 3405 3406 3434 3445 3447 3467 3468 3475 3487 3489 3502 3510 3521 3541 3551 3555 3585 3616 3624 3625 3635 3665 3666 3692 3711 3713 3737 3762 3767 3772 3783 3796 3809 3812 3813 3818 3823 3832 3841 3845 3848
99: 3325 3367 3385 3398 3412 3461 3462 3471 3527 3545 3549 3553 3576 3580 3592 3623 3627 3631 3647 3661 3677 3696 3755 3777 3781 3787 3797
100: 3326 3334 3351 3359 3365 3389 3396 3404 3410 3422 3425 3448 3452 3469 3470 3476 3496 3530 3535 3536 3538 3559 3563 3566 3574 3587 3609 3619 3630 3646 3657 3659 3664 3679 3695 3704 3707 3721 3731 3736 3740 3751 3761 3773 3776 3780 3792 3798 3800 3822 3833 3855 3856
101: 3330 3335 3353 3357 3378 3420 3432 3436 3438 3463 3466 3486 3491 3508 3509 3517 3518 3519 3520 3523 3528 3531 3532 3539 3556 3557 3589 3598 3638 3644 3650 3671 3672 3675 3678 3680 3681 3710 3718 3723 3724 3744 3745 3748 3752 3760 3774 3782 3789 3791 3795 3811 3814 3817 3819 3820 3835 3839 3843 3846 3849 3858 3859 3860
102: 3340 3348 3386 3400 3418 3441 3490 3497 3499 3500 3558 3605 3615 3618 3648 3683 3734 3735 3756 3764 3771
103: 3352 3362 3371 3402 3403 3414 3465 3522 3544 3608 3676 3725 3741
104: 3369 3374 3377 3382 3387 3411 3419 3444 3454 3464 3480 3495 3501 3554 3560 3610 3639 3656 3669 3686 3688 3733 3786 3788 3794
105: 3861 3890 3892 3893 3910 3915 3933 3956 3961 3983 4001 4007 4008 4026 4043 4044 4062 4077 4079 4094 4097 4098 4107 4110 4113 4153 4166 4167 4188 4190 4199 4214 4221 4283 4284 4324 4326 4350 4354 4356 4361 4370 4384 4403 4457 4462 4466 4471 4473
106: 3862 3874 3900 3918 3929 3953 3957 3965 3978 4028 4037 4038 4069 4096 4109 4119 4120 4130 4151 4198 4201 4204 4225 4228 4233 4254 4255 4257 4272 4292 4300 4331 4365 4376 4377 4387 4408 4415 4419 4430 4443 4463
107: 3863 3880 3887 3898 3922 3930 3936 3958 3959 3972 3974 3984 3986 3988 3992 3993 4039 4042 4052 4053 4054 4073 4075 4080 4088 4105 4111 4142 4146 4155 4195 4203 4207 4213 4220 4222 4227 4237 4240 4258 4262 4264 4267 4278 4279 4290 4296 4297 4304 4317 4323 4353 4390 4391 4407 4412 4413 4433 4444 4450 4453 4458 4460 4472
108: 3864 3865 3877 3879 3882 3886 3891 3896 3904 3911 3925 3938 3939 3975 4020 4021 4022 4059 4064 4087 4089 4150 4170 4210 4211 4218 4230 4241 4242 4243 4263 4270 4307 4311 4313 4322 4332 4336 4343 4344 4349 4371 4383 4386 4397 4406 4418 4423 4434 4440 4451 4456 4470
109: 3866 3909 3914 3966 3973 4016 4029 4045 4085 4099 4128 4171 4177 4212 4248 4251 4282 4286 4295 4312 4359 4363 4367 4381 4388 4389
110: 3867 3870 3876 3878 3881 3889 3912 3920 3928 3947 3948 3964 3967 3979 3985 4000 4015 4018 4024 4032 4041 4046 4047 4049 4050 4051 4068 4082 4106 4126 4133 4136 4143 4165 4182 4197 4208 4238 4252 4299 4315 4316 4319 4330 4334 4348 4355 4362 4382 4401 4405 4411 4414 4417 4420 4429 4438 4447 4452
111: 3868 3894 3916 3923 3950 3968 3971 3998 4004 4006 4019 4048 4086 4095 4134 4180 4192 4193 4196 4219 4223 4235 4250 4260 4271 4287 4294 4309 4351 4372 4393 4425 4448
112: 3869 3873 3885 3913 3917 3921 3924 3932 3940 3943 3962 3980 3990 3991 3996 4014 4025 4027 4035 4036 4066 4084 4102 4108 4124 4132 4145 4160 4162 4168 4169 4174 4175 4181 4191 4216 4217 4229 4239 4244 4245 4247 4256 4259 4265 4273 4276 4277 4298 4305 4306 4310 4333 4347 4368 4373 4378 4392 4394 4398 4416 4422 4432 4437 4445 4449 4465 4467 4468
113: 3871 3935 3963 3989 4031 4078 4091 4118 4123 4148 4157 4178 4194 4234 4329 4352
114: 3872 3895 3903 3905 3931 3942 3951 3952 3960 3969 4002 4090 4101 4104 4115 4122 4125 4127 4139 4140 4173 4184 4185 4231 4246 4268 4275 4285 4320 4327 4341 4345 4380 4402 4404 4421 4435 4446 4459 4464
115: 3875 3897 3926 3949 3954 3997 3999 4005 4013 4033 4056 4061 4065 4074 4103 4112 4116 4121 4131 4141 4152 4183 4187 4189 4206 4236 4249 4253 4261 4281 4303 4342 4360 4364 4395 4409 4431 4436 4442 4455 4461
116: 3883 3902 3906 3907 3908 3937 3941 3970 3977 3981 3987 3994 4003 4011 4012 4030 4034 4040 4055 4058 4063 4067 4070 4072 4093 4100 4114 4135 4137 4154 4156 4159 4200 4215 4226 4232 4269 4288 4291 4301 4314 4318 4325 4335 4338 4339 4340 4346 4357 4358 4369 4374 4385 4396 4399 4400 4410 4424 4426 4427 4428 4439 4441 4454 4469
117: 3884 3919 3934 3995 4009 4092 4138 4147 4149 4161 4163 4176 4274 4289 4293 4328
118: 3888 3901 4017 4057 4060 4117 4129 4144 4158 4164 4186 4308
119: 3899 3944 3976 3982 4010 4071 4076 4081 4172 4179 4202 4302 4321 4337 4366 4375 4379
120: 3927 3945 3946 3955 4023 4083 4205 4209 4224 4266 4280
121: 4474 4477 4484 4488 4521 4525 4529 4533 4536 4538 4542 4548 4549 4558 4573 4589 4591 4592 4594 4597 4600 4606 4607 4611 4630 4631 4637 4673 4681 4682 4685 4686 4691
122: 4475 4476 4481 4486 4491 4492 4494 4508 4509 4510 4513 4514 4519 4522 4524 4527 4528 4534 4535 4537 4539 4540 4543 4545 4546 4553 4555 4559 4560 4562 4563 4564 4566 4567 4575 4579 4584 4586 4587 4593 4601 4603 4612 4613 4616 4619 4623 4628 4629 4632 4634 4635 4636 4642 4643 4645 4646 4648 4649 4658 4660 4662 4664 4665 4666 4668 4670 4674 4676 4677 4679 4684 4688 4689 4693 4694 4695 4696 4697 4702 4711 4712 4714 4715 4719 4720 4727 4728 4732 4733 4734 4735 4736 4740 4744 4745 4746
123: 4478 4479 4493 4504 4507 4512 4561 4571 4572 4576 4580 4582 4588 4595 4598 4599 4604 4610 4615 4624 4661 4663 4690 4698 4704 4707 4725 4730
124: 4480 4482 4483 4489 4490 4496 4497 4506 4511 4515 4516 4517 4518 4520 4526 4530 4541 4547 4551 4554 4568 4569 4570 4574 4577 4585 4602 4605 4614 4617 4618 4620 4622 4627 4633 4638 4639 4641 4650 4653 4654 4655 4657 4667 4669 4671 4672 4675 4678 4680 4683 4699 4700 4701 4705 4706 4710 4716 4717 4722 4726 4729 4731 4737 4738 4739 4741 4742 4743 4747 4748 4749
125: 4485 4495 4502 4503 4505 4523 4531 4552 4590 4609 4640 4647 4651 4656 4659 4687 4692 4703 4708 4709 4713
126: 4487 4498 4499 4500 4501 4532 4544 4550 4556 4557 4565 4578 4581 4583 4596 4608 4621 4625 4626 4644 4652 4718 4721 4723 4724
127: 4750 4766 4774 4775 4782 4785 4794 4795 4801 4806 4809 4810 4826 4828 4831 4837 4849 4850 4851 4856 4862 4865 4866 4879 4886 4894 4895 4896 4897 4900 4901 4916 4921 4922 4924 4928 4929 4935 4943 4948 4952 4963 4967 4972 4976 4978 4987 4988 4991 4999
128: 4751 4752 4754 4757 4758 4759 4761 4763 4767 4772 4779 4786 4787 4791 4792 4798 4808 4813 4816 4818 4821 4825 4827 4830 4832 4833 4835 4836 4839 4840 4841 4843 4844 4845 4847 4854 4858 4867 4868 4870 4871 4872 4873 4876 4877 4880 4881 4882 4883 4887 4889 4890 4891 4892 4893 4899 4902 4903 4905 4909 4912 4913 4918 4919 4923 4925 4926 4933 4937 4938 4944 4947 4953 4954 4955 4957 4961 4964 4966 4973 4974 4975 4977 4980 4981 4982 4983 4984 4985 4986 4990 4993 4994 4996 4997 4998
129: 4753 4756 4780 4789 4790 4802 4805 4829 4853 4857 4885 4910
130: 4755 4764 4768 4769 4770 4771 4773 4777 4784 4788 4793 4799 4803 4807 4811 4815 4819 4824 4838 4846 4860 4861 4863 4869 4875 4878 4888 4898 4907 4915 4917 4920 4927 4932 4940 4941 4951 4958 4959 4960 4962 4965 4968 4971 4979 4989 4992 4995
131: 4760 4765 4776 4778 4814 4817 4820 4842 4852 4859 4864 4874 4884 4906 4911 4914 4930 4936 4949
132: 4762 4781 4783 4796 4797 4800 4804 4812 4822 4823 4834 4848 4855 4904 4908 4931 4934 4939 4942 4945 4946 4950 4956 4969 4970
