0: 0 13 15 18 24 35 52 53 55 66 71 81 86 89 92 96 106 112 113 115 121 129 136 144 147 150 175 176 183 186 188 189 208 209 213 214 215 218 226 229 230 233 243 253 287 288 290 292 295 296 298 312 316 336 354 363 365 380 381 388 405 407 408
1: 1 12 23 25 29 39 49 58 60 65 74 76 80 97 102 134 137 146 149 151 153 161 163 164 168 169 171 174 180 202 227 232 258 262 265 274 282 289 297 299 306 318 319 335 337 347 352 358 370 383 385 386 397 398 399
2: 2 4 6 16 17 20 22 30 31 41 44 59 75 90 99 100 114 117 118 130 135 143 148 154 157 167 177 187 191 198 210 217 220 221 237 239 244 257 263 271 273 280 283 303 314 330 338 340 348 356 360 374 390 392 400
3: 3 8 14 28 33 36 50 77 79 82 87 119 127 128 158 159 166 178 185 204 207 224 234 238 241 246 254 256 278 285 286 307 322 323 342 355 367 371 376 382 384 391
4: 5 19 26 27 47 56 64 78 93 98 107 131 145 170 181 192 197 205 222 228 235 240 247 248 251 255 259 261 264 266 272 275 300 304 308 317 321 324 325 343 344 346 350 362 372 396
5: 7 9 32 37 38 40 42 45 51 62 70 85 101 104 105 108 110 111 116 123 124 125 126 132 133 139 142 152 155 156 162 184 190 194 196 200 201 206 219 223 236 245 249 267 270 277 279 281 291 301 302 309 310 315 320 326 327 333 334 339 341 351 364 366 373 377 378 393 394 401 402 403 409 410 412 415
6: 10 11 21 34 43 46 48 54 57 61 63 67 68 69 72 73 83 84 88 91 94 95 103 109 120 122 138 140 141 160 165 172 173 179 182 193 195 199 203 211 212 216 225 231 242 250 252 260 268 269 276 284 293 294 305 311 313 328 329 331 332 345 349 353 357 359 361 368 369 375 379 387 389 395 404 406 411 413 414 416
7: 417 436 448 471 472 486 507 549 560 571 573 597 631 641 671 693 698 758 778 782 790 799 829 838 853 871 877 948 952 966 984 992 998 1014 1015 1026 1037 1042 1096
8: 418 431 442 449 464 478 480 484 490 492 495 503 505 506 519 524 536 557 576 586 592 600 606 612 615 617 621 642 648 658 665 676 679 690 701 705 711 719 731 750 753 761 768 792 793 797 803 834 847 858 859 865 868 885 907 914 925 934 935 951 965 973 975 987 1002 1009 1033 1039 1043 1044 1050 1051 1054 1055 1070 1074 1084 1092 1113 1121 1122 1123 1128 1129 1130 1131 1132 1136 1137 1138 1142 1143 1145
9: 419 439 445 447 457 482 485 500 508 509 512 516 527 545 550 566 570 589 608 610 626 645 675 683 692 702 703 710 729 749 754 755 757 764 767 769 772 774 775 779 781 785 789 794 812 816 819 840 845 876 881 889 927 930 936 938 949 972 996 1001 1011 1046 1068 1069 1073 1085 1090 1115 1120 1125 1134 1135 1140 1141 1144
10: 420 437 501 502 510 588 593 659 709 746 800 821 874 909 911 918 922 926 942 947 950 961 962 967 1005
11: 421 462 467 498 563 575 594 630 643 721 723 725 766 804 831 882 896 924 945 956 958 986 999
12: 422 428 440 446 451 489 523 530 531 565 587 611 622 646 673 699 700 744 765 802 851 852 873 932 943 954 978 982 1007 1034
13: 423 455 476 514 535 538 561 581 601 614 644 670 717 770 811 820 824 861 862 892 895 899 903 919 960 977 993 994 1010 1012 1047 1058
14: 424 425 429 474 479 583 590 609 636 667 672 686 759 801 826 842 902
15: 426 430 441 465 520 529 567 569 602 653 682 684 713 724 771 805 827 843 848 883 887 891 898 920 931 969 980 1006 1025 1035 1056 1060 1066 1072 1076 1081
16: 427 434 443 458 487 493 546 551 553 562 574 595 599 613 620 632 651 668 689 704 726 740 747 777 786 813 825 856 857 878 884 904 910 923 964 979 981 990 1016 1032 1088 1093 1101
17: 432 433 468 513 525 533 537 541 547 559 638 647 677 691 714 720 732 733 735 739 773 809 828 832 866 870 901 941 953 968 1003 1036 1038 1052 1057 1062 1080 1082 1086 1087
18: 435 452 463 496 497 504 517 526 532 552 558 564 619 623 650 654 669 680 685 694 706 708 715 716 730 745 748 867 905 906 913 929 944 974 983 997 1000 1008 1013 1019 1022 1061 1075 1078 1079 1095 1100 1105 1108 1110
19: 438 450 453 459 528 579 591 628 666 695 707 718 818 833 860 875 880 888 959
20: 444 460 491 515 540 544 554 577 578 584 603 625 627 640 661 681 687 688 696 737 752 776 783 784 787 788 791 806 807 814 872 886 893 916 917 939 946 957 970 971 976 991 995 1018 1020 1021 1027 1028 1031 1040 1041 1045 1053 1059 1067 1071 1077 1098 1099 1102 1104 1107 1111 1114 1117 1118 1119 1126 1139
21: 454 477 568 598 604 637 649 674 697 722 756 837
22: 456 461 473 475 534 607 657 734 738 760 762 780 822 839 890 894 940
23: 466 470 483 488 511 518 522 543 548 572 596 605 616 634 635 652 655 656 663 664 712 728 736 741 763 798 808 823 835 836 854 855 863 879 897 908 912 915 928 963 989 1024 1029 1030 1048 1049 1063 1064 1065 1083 1089 1091 1094 1097 1103 1106 1109 1112 1116 1124 1127 1133
24: 469 481 539 542 555 556 618 624 629 660 662 678 830 844 849 869 900 921 933 937 955 985 1004 1017 1023
25: 494 499 521 580 582 585 633 639 727 742 743 751 795 796 810 815 817 841 846 850 864 988
26: 1146 1163 1231 1246 1248 1292 1294 1298 1327 1344 1348 1353 1371 1407 1424 1433 1435 1471 1493 1521 1540 1549 1572 1584 1596 1600 1603 1616 1621 1647 1649 1675 1689 1693 1732 1735 1754 1789 1793 1823 1829 1856 1872 1892 1896 1919 1931 1943 1944 1954 1955 1965 1971 2000 2003 2005 2019 2029 2030 2033 2038 2040 2045 2051
27: 1147 1180 1212 1340 1356 1360 1380 1381 1393 1396 1423 1442 1444 1457 1460 1464 1480 1486 1519 1553 1570 1594 1637 1666 1694 1729 1742 1743 1746 1757 1762 1773 1804 1806 1836 1866 1901 1906 1936 1938 1951 1978 1982 1986 2004 2008 2015
28: 1148 1158 1167 1205 1213 1239 1279 1285 1304 1311 1322 1330 1338 1357 1383 1418 1426 1437 1438 1443 1459 1499 1534 1545 1615 1626 1629 1641 1676 1686 1698 1748 1755 1766 1769 1792 1816 1818 1837 1842 1846 1902 1911 1921 1939 1992
29: 1149 1156 1187 1190 1251 1265 1266 1271 1310 1312 1392 1420 1421 1425 1440 1465 1478 1509 1566 1597 1611 1645 1658 1692 1723 1727 1728 1761 1767 1771 1820 1822 1847 1878 1889 1922 1929 1950 1962 1963 2001 2002
30: 1150 1151 1155 1159 1178 1183 1204 1220 1222 1261 1269 1272 1289 1296 1319 1332 1333 1347 1364 1388 1397 1431 1434 1456 1462 1470 1497 1514 1551 1568 1582 1593 1595 1601 1628 1632 1638 1663 1664 1665 1678 1683 1716 1724 1730 1736 1737 1749 1760 1796 1798 1799 1810 1835 1841 1844 1850 1868 1870 1875 1893 1894 1914 1930 1957 1958 1966 1979 1990 1995 2023 2032 2041 2046 2048 2056 2057 2058 2060 2065 2069 2071 2074 2075 2076 2077 2079
31: 1152 1175 1176 1186 1224 1237 1320 1331 1355 1375 1385 1447 1452 1454 1498 1511 1515 1525 1552 1562 1586 1591 1604 1607 1643 1671 1706 1738 1747 1787 1788 1795 1802 1826 1848 1859 1940 1946 1989 1993 1996 1999
32: 1153 1209 1211 1245 1276 1283 1303 1309 1324 1336 1387 1390 1398 1399 1451 1484 1488 1492 1526 1531 1532 1536 1556 1590 1606 1625 1745 1752 1781 1791 1838 1857 1884 1891 1904 1915 1934 1975
33: 1154 1206 1207 1227 1232 1252 1257 1259 1275 1316 1334 1341 1366 1372 1378 1382 1406 1408 1422 1428 1448 1466 1474 1479 1483 1500 1505 1507 1518 1535 1576 1598 1622 1624 1627 1630 1657 1661 1667 1673 1687 1688 1699 1709 1712 1715 1718 1720 1733 1734 1753 1759 1801 1805 1830 1860 1863 1867 1880 1882 1886 1887 1903 1926 1937 1941 1945 1983 2007 2011 2017 2024 2027 2035 2044 2055 2064 2066 2067
34: 1157 1174 1193 1214 1250 1260 1268 1281 1342 1350 1367 1374 1394 1412 1441 1501 1516 1559 1577 1587 1677 1697 1707 1713 1741 1768 1808 1821 1864 1877 1898 1909 1932 1953
35: 1160 1181 1182 1188 1192 1195 1199 1218 1243 1247 1249 1254 1256 1262 1264 1267 1278 1282 1287 1291 1305 1317 1368 1377 1432 1473 1475 1485 1490 1581 1583 1614 1631 1682 1685 1695 1696 1704 1717 1719 1726 1758 1777 1779 1813 1819 1831 1840 1843 1862 1876 1881 1888 1895 1908 1920 1923 1928 1969 1970 1972 1974 1976 1981 1984 1985 1987 1994 2006 2010 2013 2014 2016 2021 2031 2036 2042 2047 2050 2052 2059 2061 2078
36: 1161 1173 1185 1197 1210 1223 1228 1299 1300 1349 1363 1395 1411 1429 1458 1529 1537 1539 1542 1567 1634 1636 1639 1640 1642 1656 1659 1711 1774 1776 1800 1952 1964
37: 1162 1165 1166 1189 1201 1215 1229 1236 1255 1284 1306 1313 1339 1369 1376 1379 1401 1415 1450 1453 1463 1472 1477 1506 1523 1527 1541 1543 1561 1563 1573 1580 1589 1610 1619 1635 1644 1646 1669 1674 1690 1703 1705 1722 1725 1765 1778 1780 1782 1797 1815 1839 1871 1873 1885 1900 1905 1912 1935 1956 1959 1968 1997 1998 2009 2018 2025 2026 2028 2043 2049 2053 2054 2062 2063 2068 2070 2072 2073
38: 1164 1184 1202 1307 1308 1315 1321 1419 1439 1503 1524 1579 1585 1588 1708 1721 1756 1770 1786 1845 1865 1883 1910
39: 1168 1170 1203 1346 1365 1386 1402 1404 1405 1416 1468 1547 1555 1560 1578 1592 1599 1620 1672 1794 1803 1807 1812 1814 1817 1833 1849 1879 1913 1916 1918 1942 1948
40: 1169 1200 1219 1233 1235 1253 1263 1273 1288 1295 1297 1302 1314 1318 1359 1389 1449 1481 1510 1520 1548 1554 1564 1565 1574 1613 1617 1633 1653 1700 1702 1710 1731 1739 1764 1783 1824 1827 1854 1861 1869 1890 1897 1899 1917 1947 1960 1967 1988 1991 2020 2022 2034 2037 2039
41: 1171 1194 1198 1216 1217 1234 1241 1270 1293 1328 1335 1352 1358 1370 1373 1409 1410 1427 1445 1476 1495 1557 1608 1609 1648 1651 1655 1680 1691 1750 1751 1763 1772 1825 1834 1852 1853 1874 1907 1924 1927 1973 1977 2012
42: 1172 1196 1351 1362 1384 1455 1517 1530 1605 1612 1681
43: 1177 1225 1230 1345 1469 1487 1513 1533 1544 1546 1662 1668
44: 1179 1208 1238 1242 1337 1417 1430 1491 1496 1502
45: 1191 1258 1286 1361 1400 1413 1467 1482 1494 1538 1623
46: 1221 1244 1277 1326 1354 1403 1436 1489 1512 1522 1528 1602 1618 1650 1654 1670 1679 1714 1740 1744 1775 1784 1790 1809 1811 1828 1832 1851 1855 1858 1925 1933 1949 1961 1980
47: 1226 1240 1323 1329 1343 1414 1446 1508 1550 1558 1571 1652 1660 1684 1701 1785
48: 1274 1280 1290 1301 1325 1391 1461 1504 1569 1575
49: 2080 2118 2142 2149 2219 2259 2269 2295 2334 2346 2359 2363 2400 2466 2479 2553 2555 2557 2558 2562 2567 2568 2585 2717 2723 2733 2748 2753 2754 2759
50: 2081 2083 2090 2091 2093 2106 2110 2125 2139 2165 2201 2209 2220 2222 2233 2237 2238 2251 2255 2258 2274 2277 2311 2329 2362 2421 2429 2433 2436 2439 2442 2444 2474 2486 2519 2523 2532 2545 2576 2582 2590 2599 2606 2614 2620 2652 2655 2666 2677 2682 2685 2704 2709 2720 2735 2737 2789 2831 2840 2842 2843 2849 2858 2870 2871 2875 2876 2879 2882 2883 2885 2886 2896 2898 2899 2909
51: 2082 2113 2121 2128 2141 2145 2148 2156 2157 2166 2170 2171 2177 2246 2256 2267 2268 2272 2310 2312 2335 2338 2343 2411 2460 2461 2465 2471 2487 2495 2501 2509 2535 2561 2605 2622 2623 2647 2711 2770 2804 2833 2839 2845 2862 2863
52: 2084 2111 2114 2183 2262 2266 2319 2365 2382 2402 2406 2425 2435 2447 2463 2546 2657
53: 2085 2123 2146 2150 2190 2205 2223 2236 2239 2241 2273 2280 2299 2315 2327 2333 2361 2367 2371 2374 2396 2401 2441 2454 2475 2497 2525 2533 2537 2560 2617 2626 2633 2637 2642 2644 2662 2663 2673 2680 2686 2693 2699 2706 2710 2730 2738 2743 2751 2755 2756 2772 2775 2790 2803 2815 2820 2822 2824 2825 2867 2873 2884 2890 2895 2901
54: 2086 2092 2129 2136 2193 2231 2271 2321 2337 2360 2369 2414 2417 2521 2527 2594 2612 2656 2691 2692 2700 2715 2719 2736 2740 2745 2782 2792
55: 2087 2096 2188 2203 2218 2370 2376 2389 2393 2408 2554 2559 2584 2636 2667 2679 2683
56: 2088 2097 2104 2131 2133 2135 2137 2161 2168 2182 2189 2191 2192 2200 2206 2217 2221 2235 2247 2252 2260 2276 2296 2300 2308 2313 2332 2352 2381 2427 2432 2443 2451 2469 2478 2489 2490 2503 2504 2520 2544 2597 2640 2645 2649 2660 2669 2678 2724 2732 2747 2750 2763 2785 2788 2798 2807 2808 2810 2811 2819 2828 2830 2836 2844 2852 2854 2860 2861 2880 2888 2897 2903 2905 2906 2908 2912 2913
57: 2089 2099 2103 2105 2107 2130 2134 2159 2232 2253 2306 2373 2413 2437 2515 2541 2573 2600 2643 2690 2702
58: 2094 2108 2116 2120 2122 2152 2154 2162 2167 2172 2185 2197 2227 2228 2243 2270 2275 2278 2286 2292 2302 2316 2324 2326 2328 2336 2347 2356 2368 2390 2391 2398 2423 2434 2449 2455 2458 2470 2477 2480 2483 2494 2502 2506 2540 2564 2587 2592 2596 2608 2615 2651 2670 2671 2672 2695 2713 2716 2725 2729 2742 2761 2774 2784 2793 2797 2817 2834 2837 2838 2877 2902 2904
59: 2095 2119 2138 2143 2153 2176 2208 2213 2226 2230 2265 2297 2307 2320 2331 2345 2349 2354 2357 2375 2377 2399 2404 2419 2431 2500 2539 2543 2577 2578 2583 2593 2601 2607 2630 2641 2664 2668 2764 2773 2776 2780 2781 2787 2821 2826 2829 2832 2846 2848 2851 2857 2864 2865 2878 2889 2893
60: 2098 2115 2151 2178 2179 2184 2194 2196 2229 2242 2263 2279 2283 2304 2305 2314 2325 2341 2380 2386 2387 2392 2403 2409 2412 2416 2428 2448 2452 2457 2464 2473 2482 2488 2507 2517 2528 2530 2531 2552 2563 2598 2613 2616 2618 2619 2621 2653 2654 2658 2661 2675 2681 2688 2698 2705 2707 2722 2726 2731 2739 2746 2778 2791 2794 2796 2801 2812 2814 2827 2835 2847 2855 2859 2866 2869 2872 2874 2887 2891 2892 2894 2900 2907 2910 2911 2914 2915 2916
61: 2100 2101 2109 2126 2140 2160 2174 2202 2210 2212 2215 2245 2281 2350 2351 2358 2364 2366 2415 2424 2426 2430 2446 2450 2467 2485 2508 2522 2526 2542 2549 2572 2586 2591 2604 2609 2624 2625 2632 2638 2648 2687 2727 2734 2749 2758 2765 2766 2767 2777 2799 2806 2818 2823 2841 2850 2853 2856 2868 2881
62: 2102 2132 2144 2198 2248 2249 2282 2289 2317 2353 2385 2395 2456 2459 2462 2468 2484 2493 2498 2538 2556 2603 2639 2703 2744 2752 2757 2771 2783 2786 2795
63: 2112 2158 2169 2175 2211 2234 2244 2322 2342 2344 2410 2418 2445 2510 2513 2516 2547 2574 2575 2579
64: 2117 2163 2186 2225 2285 2290 2293 2301 2309 2378 2384 2394 2512 2548 2551 2566 2571 2611 2629 2635 2646 2674 2708 2718 2762 2768 2769 2779 2800 2802 2809
65: 2124 2127 2147 2155 2173 2181 2187 2195 2240 2257 2287 2294 2340 2388 2405 2420 2438 2505 2518 2529 2550 2580 2595 2602 2627 2634 2665 2676 2689 2694 2697 2714 2721 2741 2760 2805 2813 2816
66: 2164 2180 2199 2204 2207 2224 2264 2323 2348 2372 2379 2422 2440 2476 2499 2511 2524 2534 2570 2588 2631 2650 2659 2684 2701 2712 2728
67: 2214 2216 2254 2288 2291 2298 2303 2339 2383 2407 2453 2481 2492 2514 2536 2569 2610 2628 2696
68: 2250 2261 2284 2318 2330 2355 2397 2472 2491 2496 2565 2581 2589
69: 2917 2925 2929 2936 2939 2942 2945 2950 2956 2957 2958 2962 2963 2964 2966 2975 2976 2977 2988 2989 3003 3007 3017 3021 3024 3025 3033 3034 3036 3040 3047 3050 3055 3060 3064 3066 3067 3071 3074 3075 3076 3077 3079 3084 3087 3100 3101 3109 3112 3117 3119 3124 3130 3145 3149 3150 3155 3157 3159 3162 3169 3171 3172 3179 3180 3181 3182 3186 3188 3190 3191 3192 3197 3198 3199 3200 3201 3202 3203 3204 3205 3206 3207 3208 3209 3210 3211 3212 3213 3214 3215 3216 3217 3218 3219 3220
70: 2918 2922 2924 2926 2928 2933 2938 2946 2948 2953 2954 2961 2968 2972 2979 2981 2982 2993 2996 3000 3001 3010 3015 3023 3026 3032 3037 3061 3081 3082 3091 3097 3106 3110 3123 3132 3139 3146 3151 3154 3164 3175 3178 3184 3187 3194 3196
71: 2919 2937 2941 2984 2987 2990 2991 2999 3012 3016 3039 3041 3042 3045 3058 3069 3070 3088 3096 3098 3121 3126 3138 3143 3153 3168
72: 2920 2930 2932 2934 2943 2944 2949 2960 2970 2971 2978 2983 2986 2992 3002 3009 3011 3020 3027 3035 3054 3062 3063 3068 3073 3078 3090 3103 3104 3105 3120 3131 3133 3144 3161 3163 3166 3173 3177 3189 3195
73: 2921 2927 2947 2965 3005 3043 3044 3052 3053 3059 3072 3083 3102 3114 3122 3128 3134 3136 3137 3140 3148 3160
74: 2923 2940 2955 2959 2967 2973 2997 2998 3008 3019 3028 3038 3046 3049 3056 3080 3085 3089 3092 3093 3094 3107 3125 3127 3135 3156 3165 3167 3170 3174 3183 3185
75: 2931 2935 2951 2952 2969 2974 2980 2985 2994 2995 3004 3006 3013 3014 3018 3022 3029 3030 3031 3048 3051 3057 3065 3086 3095 3099 3108 3111 3113 3115 3116 3118 3129 3141 3142 3147 3152 3158 3176 3193
76: 3221 3222 3226 3245 3249 3254 3256 3265 3296 3297 3307 3325 3366 3373 3374 3416 3427 3442 3450 3472 3475 3481 3521 3573 3584 3601 3622 3624 3649 3655 3685 3689 3733 3734 3761 3777 3800 3801 3811 3818 3847 3854 3858 3860 3864 3867 3888 3892 3896 3903 3907 3914 3943 3961 3965 3974 3981 4005
77: 3223 3248 3257 3276 3290 3291 3310 3327 3332 3339 3347 3358 3360 3362 3380 3383 3385 3387 3397 3412 3422 3430 3439 3445 3466 3470 3520 3538 3540 3541 3554 3557 3587 3591 3596 3605 3610 3614 3631 3636 3677 3682 3700 3717 3727 3737 3753 3758 3767 3773 3788 3790 3793 3808 3834 3863 3865 3891 3902 3908 3915 3929 3933 3954 3971 4000 4003 4012 4021 4035 4037 4041 4048 4051 4053 4058
78: 3224 3301 3308 3391 3411 3592 3594 3600 3618 3634 3652 3690 3732
79: 3225 3239 3279 3284 3337 3355 3379 3429 3431 3490 3491 3531 3550 3581 3599 3647 3701 3744 3760 3770 3772 3778 3782 3810 3824 3836 3842 3855 3895 3917 3921 3927 3940
80: 3227 3240 3268 3278 3309 3346 3364 3375 3384 3443 3483 3510 3523 3525 3539 3575 3613 3640 3666 3667 3670 3694 3697 3713 3721 3736 3745 3856 3872 3913 3944
81: 3228 3229 3250 3263 3288 3302 3328 3336 3338 3348 3351 3352 3356 3376 3398 3415 3418 3426 3436 3448 3461 3478 3496 3508 3511 3526 3527 3543 3552 3555 3570 3576 3598 3604 3607 3621 3660 3665 3678 3698 3720 3735 3740 3748 3754 3783 3794 3795 3797 3802 3806 3814 3819 3823 3829 3844 3861 3881 3886 3887 3890 3899 3911 3925 3928 3934 3941 3964 3967 3973 3976 4006 4011 4018 4019 4027 4029 4030 4033 4034 4047 4060 4061 4062 4063 4064
82: 3230 3238 3242 3262 3273 3285 3286 3287 3459 3460 3513 3530 3545 3547 3648 3756
83: 3231 3232 3342 3357 3368 3465 3471 3476 3492 3507 3537 3559 3566 3579 3630 3662 3724 3768 3817
84: 3233 3241 3247 3261 3282 3314 3345 3382 3389 3414 3421 3425 3434 3435 3440 3454 3462 3473 3505 3542 3551 3567 3588 3612 3653 3671 3675 3695 3747 3751 3766 3804 3816 3820 3827 3838 3839 3857 3880 3894 3920 3931 3942 3955 3956 3978 3994 4004 4016 4025
85: 3234 3277 3281 3306 3329 3330 3381 3446 3516 3548 3556 3564 3582 3608 3676 3710 3729 3831 3852
86: 3235 3267 3275 3299 3305 3335 3386 3468 3506 3560 3571 3586 3657 3679 3691 3702 3763 3792
87: 3236 3237 3246 3260 3280 3289 3293 3317 3359 3363 3369 3392 3401 3402 3437 3441 3452 3467 3469 3487 3494 3495 3517 3522 3524 3558 3562 3580 3590 3597 3609 3628 3637 3659 3669 3673 3681 3683 3684 3692 3706 3707 3728 3742 3750 3752 3776 3822 3849 3851 3853 3870 3875 3884 3885 3932 3947 3951 3960 3970 3972 3975 3979 4002 4008 4014 4038 4040 4042 4044
88: 3243 3255 3316 3341 3405 3447 3512 3515 3518 3534 3544 3563 3572 3616 3730 3765
89: 3244 3266 3272 3311 3319 3321 3324 3326 3344 3367 3372 3377 3388 3394 3400 3406 3408 3419 3433 3438 3451 3455 3456 3464 3474 3480 3485 3489 3501 3503 3519 3528 3529 3533 3574 3583 3595 3603 3627 3638 3642 3644 3645 3651 3663 3664 3699 3703 3712 3731 3774 3775 3779 3789 3791 3798 3799 3813 3828 3837 3843 3850 3866 3873 3878 3893 3898 3904 3905 3906 3909 3916 3919 3923 3930 3935 3946 3948 3950 3958 3969 3983 3987 3989 3991 3992 3996 3998 4001 4020 4023 4024 4026 4028 4043 4045 4049 4056 4057 4059
90: 3251 3269 3300 3303 3371 3378 3396 3428 3449 3463 3500 3504 3549 3569 3577 3606 3632 3643 3680 3688 3709 3711 3725 3743 3769 3796 3812 3821 3846 3900 3918 3926 3945 3952 3959 3984 3985 3986 3993
91: 3252 3253 3270 3283 3292 3294 3304 3318 3320 3322 3349 3350 3370 3403 3423 3432 3484 3486 3497 3502 3546 3553 3561 3593 3602 3619 3620 3626 3629 3646 3661 3674 3686 3704 3708 3714 3716 3738 3749 3757 3780 3781 3786 3809 3826 3830 3841 3845 3859 3862 3868 3871 3874 3877 3910 3912 3922 3936 3968 3977 3980 3982 3997 4007 4017 4022 4031 4032 4050 4052 4054 4055
92: 3258 3259 3295 3312 3313 3340 3353 3354 3361 3395 3404 3407 3410 3413 3417 3420 3457 3458 3477 3482 3488 3493 3499 3509 3568 3611 3623 3625 3635 3668 3687 3696 3715 3722 3739 3741 3746 3764 3784 3815 3833 3835 3882 3889 3924 3937 3938 3949 3953 3957 3962 3990 3995 3999 4009 4010 4013 4015 4036 4039 4046
93: 3264 3343 3365 3399 3498 3589 3633 3639 3654 3719 3723 3726 3762 3805 3807 3825
94: 3271 3323 3331 3334 3424 3453 3514 3532 3578 3585 3617 3641 3693
95: 3274 3298 3315 3333 3390 3393 3409 3444 3479 3535 3536 3565 3615 3650 3656 3658 3672 3705 3718 3755 3759 3771 3785 3787 3803 3832 3840 3848 3869 3876 3879 3883 3897 3901 3939 3963 3966 3988
96: 4065 4068 4069 4070 4071 4076 4079 4085 4090 4108 4111 4115 4116 4121 4122 4137 4141 4145 4147 4150 4167 4175 4178 4183 4186 4189 4193 4198 4201 4204 4210 4211 4224 4225 4226 4234 4235 4237 4240 4244 4256 4260 4265 4267 4276 4277 4280 4281 4291 4292 4303 4304 4306 4307 4309 4311 4313
97: 4066 4072 4073 4078 4082 4084 4092 4095 4099 4100 4101 4103 4105 4109 4110 4112 4113 4118 4124 4138 4142 4143 4148 4155 4156 4158 4161 4162 4166 4168 4170 4173 4179 4182 4187 4190 4191 4192 4196 4200 4202 4205 4207 4212 4215 4216 4217 4218 4220 4221 4222 4223 4227 4238 4248 4251 4258 4262 4263 4264 4266 4269 4270 4271 4273 4278 4279 4283 4287 4290 4294 4295 4299 4312 4315 4316 4317 4318 4319 4320 4321 4322
98: 4067 4074 4086 4088 4091 4093 4094 4098 4102 4106 4119 4123 4125 4126 4127 4129 4131 4132 4134 4135 4139 4140 4146 4151 4153 4159 4160 4164 4165 4171 4172 4176 4177 4180 4181 4184 4185 4197 4208 4213 4214 4219 4232 4236 4241 4243 4245 4249 4255 4259 4268 4272 4274 4285 4288 4296 4300 4305 4314
99: 4075 4077 4080 4081 4083 4087 4089 4096 4097 4104 4107 4114 4117 4120 4128 4130 4133 4136 4144 4149 4152 4154 4157 4163 4169 4174 4188 4194 4195 4199 4203 4206 4209 4228 4229 4230 4231 4233 4239 4242 4246 4247 4250 4252 4253 4254 4257 4261 4275 4282 4284 4286 4289 4293 4297 4298 4301 4302 4308 4310
100: 4323 4383 4385 4387 4425 4432 4496 4500 4513 4524 4529 4557 4579 4607 4609 4630 4640 4665 4693 4698 4707 4713 4719 4779 4800 4828 4829 4839 4849 4876 4904 4915 4921 4922 4934 4940
101: 4324 4342 4360 4363 4371 4378 4392 4397 4402 4413 4416 4420 4422 4429 4444 4445 4475 4486 4504 4516 4527 4538 4544 4563 4583 4586 4594 4619 4662 4689 4704 4740 4761 4763 4765 4776 4783 4844 4848 4857 4874 4885 4888 4896 4901 4910 4911 4916 4924 4925 4932 4933 4937 4943 4955 4958 4962 4963 4964 4967 4969 4973 4980 4987
102: 4325 4328 4330 4357 4369 4373 4403 4406 4431 4436 4453 4456 4478 4494 4519 4526 4532 4535 4536 4559 4564 4570 4608 4613 4636 4641 4649 4657 4664 4669 4681 4683 4690 4691 4708 4711 4728 4732 4764 4774 4780 4792 4793 4804 4813 4824 4826 4833 4834 4841 4850 4869 4875 4878 4881 4898 4902 4929 4935 4938 4939 4948 4952 4954 4960 4965 4966 4968 4978 4981 4983 4990 4991 4992 4993 4994
103: 4326 4340 4428 4430 4435 4549 4596 4624 4631 4716 4737 4749 4750 4751
104: 4327 4370 4386 4415 4449 4498 4499 4509 4525 4543 4548 4568 4595 4603 4605 4606 4627 4628 4643 4650 4651 4672 4695 4701 4710 4715 4718 4722 4729 4733 4748 4771 4781 4787 4788 4802 4805 4821 4825 4837 4838 4864 4892 4931
105: 4329 4343 4344 4349 4398 4401 4407 4450 4462 4467 4468 4476 4480 4484 4488 4510 4517 4521 4522 4537 4542 4550 4558 4566 4575 4600 4602 4614 4622 4625 4626 4629 4646 4655 4659 4670 4674 4679 4696 4699 4709 4720 4724 4745 4773 4782 4784 4790 4798 4811 4814 4819 4827 4831 4836 4845 4847 4851 4862 4865 4866 4877 4882 4890 4891 4893 4905 4908 4909 4913 4920 4936 4941 4949 4950 4951 4953 4956 4957 4959 4970 4977 4979 4985 4988 4989 4995 4996 4997 4998 4999
106: 4331 4335 4350 4374 4448 4455 4515 4567 4571 4573 4577 4581 4588 4599 4658 4684 4700 4726 4734 4755 4794 4795 4823 4835 4867 4873
107: 4332 4341 4355 4490 4491 4492 4502 4508 4551 4660 4676 4677
108: 4333 4352 4353 4361 4366 4377 4395 4411 4419 4421 4439 4452 4454 4460 4493 4534 4552 4612 4633 4638 4653 4671 4692 4702 4706 4721 4725 4739 4752 4757 4797 4832 4843 4846 4852 4854 4858 4897 4906 4917
109: 4334 4336 4354 4356 4382 4396 4408 4443 4471 4481 4497 4501 4511 4591 4597 4621 4645 4647 4648 4654 4666 4685 4686 4688 4705 4747 4756 4775 4778 4799 4806 4810 4818 4856 4879 4889 4926 4944 4945
110: 4337 4367 4391 4412 4442 4459 4472 4477 4520 4533 4547 4576 4604 4620 4634 4644 4687 4736 4753 4770 4812 4820 4863 4871 4880
111: 4338 4362 4368 4380 4399 4474 4541 4555 4574 4589 4617 4637 4673 4675 4678 4803 4808 4830
112: 4339 4351 4358 4393 4479 4483 4489 4495 4503 4554 4561 4565 4584 4590 4618 4635 4663 4667 4680 4723 4727 4741 4772 4777 4786 4789 4807 4840 4861 4872 4883 4884 4894 4895 4907 4912 4923 4928 4946
113: 4345 4379 4388 4424 4441 4469 4473 4507 4539 4632 4697 4714 4731 4762 4766 4785
114: 4346 4372 4375 4381 4409 4487 4528 4569 4616 4623
115: 4347 4348 4364 4394 4404 4423 4433 4434 4440 4466 4482 4506 4514 4540 4545 4610 4611 4639 4652 4668 4682 4694 4703 4712 4730 4735 4742 4743 4758 4760 4768 4769 4796 4809 4815 4817 4822 4842 4853 4855 4868 4886 4887 4899 4900 4903 4914 4918 4919 4927 4930 4942 4947 4961 4971 4972 4974 4975 4976 4982 4984 4986
116: 4359 4390 4405 4414 4446 4465 4553 4582 4587 4593 4656 4717 4738 4759 4767
117: 4365 4376 4389 4400 4426 4438 4451 4458 4463 4531 4562 4578 4580 4585 4661
118: 4384 4410 4417 4418 4427 4437 4447 4461 4464 4470 4505 4523 4560 4592 4601 4642 4744 4746 4754 4791 4801 4816 4859 4860 4870
119: 4457 4485 4512 4518 4530 4546 4556 4572 4598 4615
