0: 0 6 80 81 121 146 150 158 188 191 200
1: 1 2 8 12 14 15 24 35 36 39 46 48 53 54 58 59 60 68 71 84 86 89 91 95 98 106 112 119 120 122 125 130 142 143 147 148 151 159 178 180 183 216 218 225 228 229 230 243 245 248 260 263 266 267 275 276 278 283 298 299 304 311 317 318 319 326 333 334 335
2: 3 5 21 40 47 62 65 73 102 105 109 110 118 131 133 152 153 157 162 170 172 179 187 194 196 203 204 205 208 209 220 234 235 246 247 249 258 259 271 294 296 301 308 314 315 321 322 324 325 327
3: 4 26 28 45 66 79 114 138 140 144 145 176 214 239 240
4: 7 13 22 23 25 31 32 38 41 44 49 63 64 69 74 75 76 78 93 96 101 104 107 111 115 124 127 129 137 163 165 169 173 181 185 193 195 198 199 201 202 207 210 212 217 219 222 226 227 231 237 238 241 242 244 250 255 261 262 270 272 274 279 281 282 285 288 289 290 293 295 300 302 303 305 309 313 320 323 328 329 330 331 332 336 337
5: 9 10 20 33 37 57 61 67 77 103 108 123 126 135 154 164 190 223 224 233 252 254 264 268 277 284 291 292 307
6: 11 16 17 18 19 29 30 43 50 55 82 83 85 87 92 99 116 117 128 132 134 149 155 160 168 175 177 182 184 197 211 215 221 232 256 273 297 306 310 312 316
7: 27 34 42 51 52 56 70 72 88 90 94 97 100 113 136 139 141 156 161 166 167 171 174 186 189 192 206 213 236 251 253 257 265 269 280 286 287
8: 338 400 430 462 509 513 515 517 533 540 543 595 611 613 626 635 650 659 754 761 771 827 833 846 858 875 885 905 941 947 955 986 995 1004 1013 1060 1071 1106 1116 1117 1120 1149 1160 1170
9: 339 343 351 362 380 397 407 409 423 432 444 448 454 465 483 484 497 528 532 550 551 593 597 609 616 630 656 657 687 692 695 706 722 746 767 768 778 793 796 804 816 824 879 899 907 919 942 959 978 1018 1087 1094 1125 1130 1134 1151 1161 1168 1182 1184 1185 1200 1206 1213 1214
10: 340 350 399 464 493 512 535 592 773 775 850 859 918 924 934
11: 341 383 384 387 408 413 447 458 466 469 491 526 572 573 577 643 672 696 699 708 709 743 782 821 851 867 900 980 990 999 1003 1065 1095 1099 1104 1112 1113 1136 1152 1158
12: 342 373 419 428 439 505 539 549 552 554 575 578 598 600 668 678 698 703 752 791 820 822 834 869 872 882 883 888 972 998 1005 1034 1035 1042 1064 1067 1090 1108 1110 1162
13: 344 402 418 510 524 547 559 569 614 629 661 718 769 770 807 810 847 865 870 877 890 913 938 963 1009 1015 1030 1031 1049 1073
14: 345 359 417 421 472 482 507 531 542 620 640 652 658 666 679 738 786 801 853 881 908 917 937 968 973 1001 1029 1056 1057 1080 1091 1096 1100 1122 1137
15: 346 367 376 396 449 459 470 498 516 523 534 544 565 567 599 615 623 624 653 663 669 682 684 704 705 710 717 731 749 763 806 813 829 840 845 848 864 874 884 889 894 935 962 967 988 1008 1038 1043 1055 1076 1109 1111 1123 1126 1147 1153
16: 347 353 354 365 378 381 391 415 424 436 461 471 495 502 503 522 536 564 566 604 607 608 619 622 631 644 664 677 680 688 691 724 742 745 772 780 815 855 886 893 896 901 910 912 915 921 952 977 987 989 1006 1010 1023 1036 1062 1098 1114 1132 1138 1165 1167 1183 1186 1188 1193 1195 1198 1203 1208 1212 1215 1218 1219
17: 348 371 377 398 414 463 481 490 511 537 557 590 651 674 714 716 732 766 779 781 809 819 828 837 862 863 866 880 932 946 956 960 965 979 1017 1026 1028 1032 1041 1074 1084 1097 1142 1148 1155 1177 1178 1179 1189 1190 1192
18: 349 379 385 390 405 411 429 438 441 446 477 480 500 520 529 538 576 582 583 586 641 676 689 697 729 736 737 739 759 783 788 842 843 852 891 897 929 939 948 957 997 1014 1019 1047 1050 1052 1075 1092 1129 1131 1135 1141 1143 1145 1150 1156 1175 1180 1181 1191 1197 1199 1201 1204 1205 1207 1209 1216 1217
19: 352 392 425 475 525 589 612 634 734 753 758 795 844 854 856 861 903 966
20: 355 364 382 403 451 457 468 574 625 639 671 685 712 715 747 794 802 811 826 895 916 922 954 974 983 1025 1046 1051 1058 1070 1079 1089 1093 1118 1119 1146 1157 1159 1163
21: 356 372 389 395 412 420 433 443 445 455 485 501 506 514 518 541 556 558 560 562 570 571 585 587 591 601 690 694 727 728 751 762 805 812 818 849 887 904 906 911 949 951 958 1024 1033 1044 1048 1063 1069 1077 1088 1102 1121 1140 1154 1172 1174 1187 1194 1196 1202 1210 1211
22: 357 386 435 442 450 579 627 686 700 723 777 860 878 902 936 964
23: 358 361 366 393 410 416 476 487 492 496 581 606 633 654 660 702 755 757 803 868 909 943 944 971 982 1054 1078
24: 360 467 521 530 580 603 648 662 665 670 675 693 713 721 733 744 774 800 817 825 830 923 928 969 976 981 991 992 993 1037 1066 1068 1081 1086 1124 1127 1128 1133 1144 1166 1169 1171 1173 1176
25: 363 401 431 546 588 617 638 707 765 785 814 871 914 920 970 996 1011 1016 1020 1039
26: 368 375 427 434 460 553 621 636 637 750 836
27: 369 406 440 452 473 488 508 545 548 596 605 628 632 645 647 667 681 701 711 740 741 748 756 784 790 838 839 857 873 892 925 927 931 940 945 961 1021 1022 1045 1072 1103 1107 1139 1164
28: 370 374 388 394 456 474 478 555 594 610 618 760 764 789 797 799 808 831 950 1027 1040
29: 404 422 426 437 453 479 489 499 504 519 527 561 568 602 646 655 719 725 730 735 798 898 926 930 933 984 985 1002 1012 1053 1105 1115
30: 486 494 563 584 642 649 673 683 720 726 776 787 792 823 832 835 841 876 953 975 994 1000 1007 1059 1061 1082 1083 1085 1101
31: 1220 1223 1241 1264 1298 1322 1347 1360 1389 1410 1451 1463 1465 1475 1500 1520 1523 1530 1542
32: 1221 1245 1247 1257 1258 1260 1266 1271 1280 1284 1308 1318 1319 1321 1327 1335 1336 1344 1345 1350 1356 1371 1403 1411 1414 1435 1440 1445 1461 1498 1504 1506 1508 1515 1539 1559 1579 1584 1594 1595
33: 1222 1227 1238 1250 1253 1254 1261 1268 1275 1276 1282 1288 1296 1306 1307 1309 1313 1317 1320 1329 1334 1339 1340 1341 1342 1352 1358 1359 1370 1374 1377 1385 1391 1395 1397 1398 1404 1408 1409 1413 1416 1418 1421 1429 1430 1433 1442 1448 1450 1457 1458 1459 1460 1462 1470 1478 1480 1485 1486 1491 1494 1501 1511 1516 1519 1535 1537 1548 1560 1566 1567 1573 1575 1576 1583 1587 1592 1602 1603 1610 1612 1613 1615 1621 1622 1624
34: 1224 1233 1234 1259 1270 1285 1294 1299 1302 1304 1333 1338 1351 1353 1354 1357 1362 1365 1367 1372 1382 1392 1401 1402 1405 1407 1412 1437 1447 1449 1454 1456 1467 1472 1474 1477 1484 1495 1503 1507 1522 1531 1533 1540 1543 1547 1555 1564 1565 1574 1578 1580 1581 1585 1590 1600 1605 1608 1614 1616 1618
35: 1225 1228 1231 1232 1240 1244 1249 1252 1262 1263 1269 1272 1278 1281 1283 1286 1291 1292 1293 1295 1300 1303 1311 1314 1315 1324 1332 1348 1361 1364 1366 1376 1383 1390 1393 1396 1415 1417 1419 1422 1423 1425 1428 1438 1443 1455 1469 1482 1489 1490 1499 1509 1510 1513 1517 1527 1529 1536 1552 1554 1558 1561 1563 1569 1577 1582 1588 1591 1596 1597 1601 1607 1609 1611 1617 1619 1620 1623
36: 1226 1236 1243 1289 1301 1310 1337 1343 1369 1375 1380 1381 1387 1406 1424 1426 1427 1432 1434 1476 1481 1483 1487 1493 1497 1518 1526 1532 1546 1550 1570 1586
37: 1229 1230 1237 1239 1242 1246 1256 1267 1290 1312 1323 1331 1363 1379 1420 1436 1464 1471 1479 1496 1502 1524 1538 1549 1556 1562 1572
38: 1235 1255 1305 1316 1325 1326 1330 1373 1394 1400 1446 1452
39: 1248 1251 1265 1273 1274 1277 1279 1287 1297 1328 1346 1349 1355 1368 1378 1384 1386 1388 1399 1431 1439 1441 1444 1453 1466 1468 1473 1488 1492 1505 1512 1514 1521 1525 1528 1534 1541 1544 1545 1551 1553 1557 1568 1571 1589 1593 1598 1599 1604 1606
40: 1625 1632 1636 1637 1663 1664 1681 1685 1699 1702 1714 1722 1724 1732 1757 1777 1796 1805 1807 1816 1817 1830 1839 1841 1844 1846 1852 1871 1916 1919 1923 1934 1940 1951 1953 1962 1963 1975 1997 2008 2030 2031 2034 2039 2048 2050 2051 2054 2067 2071 2077 2084 2092 2099 2103 2110 2116 2117 2119 2132 2158 2163 2170 2171 2172 2173 2176 2183 2219 2225 2230 2232 2242 2246 2250 2251 2253 2255 2256 2258 2270 2272 2274 2275 2281
41: 1626 1665 1673 1679 1692 1696 1697 1707 1719 1728 1745 1750 1776 1787 1799 1806 1870 1945 1946 1954 1980 1985 2002 2014 2052 2161 2169 2198 2200 2202
42: 1627 1628 1652 1669 1723 1734 1743 1746 1780 1795 1798 1809 1810 1825 1851 1906 1908 1927 1928 1949 1994 2004 2011 2012 2016 2053 2056 2066 2074 2098 2115 2138 2145 2151 2164 2167 2186 2189 2195 2205 2206 2208 2211 2213 2227 2229 2235 2263
43: 1629 1631 1639 1642 1671 1700 1712 1720 1721 1739 1759 1761 1778 1783 1785 1802 1815 1823 1836 1842 1848 1860 1862 1863 1868 1869 1877 1883 1955 1956 1957 1958 1981 1989 2006 2017 2019 2029 2032 2064 2078 2090 2094 2107 2112 2123 2126 2130 2137 2141 2142 2152 2155 2180 2187 2188 2190 2191 2221 2224 2228 2231 2233 2234 2239 2247 2259 2262 2269 2279 2280 2283 2287
44: 1630 1638 1689 1735 1763 1764 1793 1821 1826 1864 1901 1902 1969 1996 2026 2083 2100
45: 1633 1687 1756 1771 1865 1874 1876 1896 1914 1930 1952 1961 1984 1998 2005 2024 2040 2082 2088 2127 2153 2154 2166 2175
46: 1634 1645 1658 1668 1672 1680 1693 1694 1695 1709 1710 1715 1738 1744 1752 1762 1774 1784 1797 1801 1818 1831 1832 1858 1861 1873 1878 1892 1893 1899 1909 1917 1922 1931 1939 1974 2007 2010 2015 2020 2021 2025 2027 2041 2055 2059 2060 2061 2069 2072 2104 2105 2111 2120 2143 2147 2149 2162 2165 2194 2197 2203 2217 2226 2236 2237 2243 2252 2254 2265 2267 2271 2278 2282 2286 2288 2289
47: 1635 1655 1656 1660 1708 1726 1755 1835 1847 1850 1913 1921 1925 1932 1933 1959 1971 1982 1992 2047 2068 2091 2106 2108 2109 2121 2174 2177 2185 2215 2216
48: 1640 1666 1676 1682 1741 1747 1828 1829 1840 1843 1920 2003 2035
49: 1641 1644 1678 1701 1704 1713 1727 1772 1779 1781 1792 1804 1827 1875 1885 1886 1918 1926 1966 1967 1968 1973 2000 2044 2062 2070 2079 2089 2125 2131 2136 2157 2201 2207 2210 2220
50: 1643 1675 1688 1716 1717 1737 1760 1765 1767 1790 1819 1881 1891 1900 1912 1965 1972 1978 2045 2075 2129
51: 1646 1649 1659 1662 1683 1705 1718 1773 1853 1859 1879 1888 1904 1905 1970 1987 1990 1993 2063 2065 2096 2124
52: 1647 1648 1651 1653 1661 1698 1706 1729 1749 1768 1775 1788 1789 1791 1812 1813 1857 1867 1880 1889 1903 1910 1924 1991 1995 2001 2022 2080 2118 2139 2140 2150 2156 2159 2178 2179 2184 2193 2199 2214 2223 2238 2240 2241 2244 2257 2261
53: 1650 1670 1684 1730 1751 1782 1786 1837 1845 1872 1890 1915 1941 1944 1948 1979 1983 1988 1999 2038 2095 2101 2160
54: 1654 1677 1691 1711 1736 1758 1824 1838 1976 1986 2018 2042 2058
55: 1657 1686 1703 1733 1742 1754 1766 1794 1803 1808 1814 1820 1822 1833 1849 1854 1855 1882 1884 1887 1895 1897 1898 1907 1929 1936 1938 1942 1943 1947 1950 1977 2013 2037 2043 2046 2049 2076 2093 2097 2113 2122 2134 2135 2144 2168 2181 2182 2192 2196 2204 2209 2212 2218 2222 2245 2248 2249 2260 2264 2266 2268 2273 2276 2277 2284 2285
56: 1667 1725 1731 1748 1770 1811 1834 1856 1866 1894 1911 1964 2023 2033 2036 2085 2102 2128 2133
57: 1674 1690 1740 1753 1769 1800 1935 1937 1960 2009 2028 2057 2073 2081 2086 2087 2114 2146 2148
58: 2290 2295 2300 2301 2319 2324 2325 2331 2332 2340 2342 2367 2389 2395 2417 2426 2430 2449 2451 2455 2457 2458 2468 2469 2479 2480 2496 2500 2501 2517 2536
59: 2291 2292 2302 2305 2309 2310 2312 2313 2333 2334 2335 2337 2339 2341 2343 2354 2356 2359 2366 2375 2376 2381 2383 2384 2388 2390 2396 2402 2404 2406 2410 2413 2418 2420 2427 2428 2432 2435 2438 2441 2442 2444 2450 2459 2461 2464 2466 2474 2484 2487 2499 2502 2503 2504 2506 2512 2515 2520 2521 2525 2527 2528 2530 2533 2534 2535 2537 2539 2545 2547 2548 2550 2553 2554 2555 2557 2558 2561 2562 2563 2565 2566 2568
60: 2293 2294 2297 2306 2307 2315 2316 2320 2326 2327 2329 2346 2349 2357 2358 2360 2362 2363 2371 2372 2374 2377 2379 2387 2391 2394 2400 2407 2409 2411 2415 2421 2423 2424 2434 2436 2462 2463 2465 2467 2475 2476 2477 2481 2482 2485 2493 2507 2508 2509 2510 2511 2513 2514 2516 2518 2519 2522 2523 2524 2526 2529 2531 2538 2540 2542 2543 2544 2546 2549 2551 2552 2556 2559 2560 2564 2567 2569 2570
61: 2296 2304 2352 2355 2361 2369 2373 2397 2399 2408 2414 2416 2431 2437 2443 2448 2473 2478 2483 2488 2495
62: 2298 2308 2314 2318 2323 2328 2345 2350 2353 2365 2378 2401 2405 2433 2439 2494
63: 2299 2311 2317 2322 2330 2336 2351 2364 2368 2370 2380 2382 2386 2392 2393 2403 2422 2429 2440 2445 2452 2454 2460 2471 2486 2489 2490 2491 2492 2497 2498 2505 2532 2541
64: 2303 2321 2338 2344 2347 2348 2385 2398 2412 2419 2425 2446 2447 2453 2456 2470 2472
65: 2571 2591 2610 2632 2652 2655 2679 2846 2871 3004 3011 3035 3057 3080 3093 3115 3118 3160 3189
66: 2572 2580 2594 2615 2656 2657 2672 2693 2697 2700 2729 2741 2748 2752 2760 2762 2796 2881 2895 2911 2927 2930 2934 2973 3007 3050 3076 3163 3173 3187 3205 3223 3242 3244 3253 3268 3305 3331 3332
67: 2573 2599 2702 2725 2727 2774 2787 2817 2826 2834 2865 2900 2953 2958 2960 3000 3001 3027 3165 3169 3174 3198
68: 2574 2576 2596 2604 2609 2611 2628 2635 2660 2690 2698 2719 2745 2781 2791 2792 2821 2843 2855 2892 2936 2983 3006 3013 3015 3022 3030 3046 3111 3133 3142 3204 3214 3221 3234 3239 3256 3265 3308 3311 3314 3320 3325 3347 3351 3353 3354
69: 2575 2583 2625 2659 2671 2730 2770 2830 2885 2887 2899 2910 2931 2946 2990 3055 3069 3075 3079 3121 3127 3161 3178 3231
70: 2577 2627 2683 2721 2758 2763 2771 2785 2797 2807 2813 2820 2824 2838 2839 2907 2947 2981 3066 3077 3078 3085 3124 3125 3137 3139 3145 3157 3159 3164 3166 3185 3191 3209 3219 3228 3238 3274 3278 3300 3302
71: 2578 2582 2584 2590 2643 2647 2664 2675 2677 2691 2694 2707 2712 2733 2734 2735 2737 2738 2739 2772 2775 2799 2805 2870 2883 2886 2888 2893 2909 2914 2928 2939 2959 2971 2982 2984 2989 3040 3053 3068 3081 3083 3129 3172 3175 3176 3184 3188 3194 3200 3247 3250 3259 3288 3289 3292 3295 3309 3310 3312 3318 3322 3323 3330 3337 3344 3346 3348 3355 3356 3371 3373 3375 3382
72: 2579 2613 2617 2631 2649 2651 2720 2732 2743 2744 2764 2831 2860 2863 2889 2894 2905 2915 2917 2921 2933 2952 2978 2991 3020 3031 3032 3038 3071 3084 3088 3100 3104 3120 3143 3153 3195 3207 3213 3235 3245 3258 3261 3273 3275 3277 3282 3284 3294 3296 3306 3321 3336 3345 3359 3362 3365 3367 3370
73: 2581 2589 2592 2595 2612 2621 2669 2674 2676 2684 2686 2689 2714 2731 2742 2759 2780 2783 2788 2793 2802 2842 2852 2857 2859 2882 2913 2940 2941 2955 2980 3063 3073 3074 3096 3099 3131 3132 3135 3155 3190 3193 3218 3236 3241 3249 3263 3313 3316 3333 3334 3349 3350 3363 3364
74: 2585 2601 2624 2636 2666 2682 2692 2706 2709 2723 2761 2789 2803 2812 2827 2828 2840 2848 2875 2891 2902 2916 2918 2926 2942 2949 2951 2965 2966 2985 2992 3003 3009 3034 3037 3043 3065 3067 3094 3098 3101 3106 3109 3202 3216 3286 3290 3303 3326
75: 2586 2593 2597 2605 2607 2608 2614 2618 2638 2639 2642 2685 2688 2695 2705 2711 2716 2751 2755 2782 2786 2808 2815 2833 2841 2845 2851 2856 2864 2872 2876 2879 2897 2912 2932 2945 2967 2974 2993 2994 3008 3016 3017 3019 3028 3033 3039 3049 3058 3059 3062 3064 3070 3091 3095 3103 3107 3113 3114 3122 3150 3154 3158 3171 3183 3206 3208 3227 3230 3233 3251 3262 3267 3270 3272 3287 3293 3297 3299 3304 3328 3329 3338 3339 3352 3357 3361 3368 3369 3372 3378 3380 3381 3383
76: 2587 2603 2616 2619 2644 2662 2704 2746 2750 2773 2801 2818 2823 2935 2950 2964 2975 2996 2998 3023 3029 3042 3047 3072 3090 3116 3123 3141 3156 3170 3215 3237 3254 3269 3271 3298 3319 3327
77: 2588 2645 2715 2776 2784 2804 2819 2962 2969 2999
78: 2598 2600 2648 2687 2708 2728 2757 2794 2825 2853 2861 2884 2937 2948 3010 3014 3045 3052 3097 3119 3151 3217 3240 3246
79: 2602 2606 2641 2654 2665 2678 2681 2747 2765 2779 2869 2995 3048 3117 3149 3180 3181 3203
80: 2620 2626 2633 2653 2668 2680 2701 2710 2717 2726 2736 2740 2766 2768 2769 2777 2778 2798 2816 2832 2836 2837 2849 2862 2896 2901 2903 2904 2920 2924 2929 2944 2954 2956 2957 2961 2968 2972 2977 3002 3012 3024 3026 3054 3061 3086 3087 3089 3102 3110 3130 3140 3162 3167 3182 3186 3199 3201 3212 3225 3226 3232 3248 3252 3266 3279 3280 3281 3283 3285 3317 3335 3340 3341 3342 3343 3358 3360 3366 3374 3376 3377 3379
81: 2622 2629 2646 2673 2696 2754 2756 2850 2858 2890 2906 2908 2923 2970 3005 3018 3108 3144 3147 3148 3179 3196 3210 3211 3222 3229 3243 3255 3257 3260 3264 3276 3291 3301 3307 3315 3324
82: 2623 2640 2650 2670 2722 2753 2767 2795 2800 2806 2810 2811 2814 2877 2898 2938 2943 2986 2987 3021 3105 3112 3138 3192 3197 3220 3224
83: 2630 2663 2667 2718 2724 2749 2809 2866 2880 2925 2979 2988 3036 3041 3082 3092 3126 3128 3136 3146 3152 3168 3177
84: 2634 2637 2658 2661 2699 2703 2713 2790 2829 2844 2854 2868 2963 2976 3044 3056 3060 3134
85: 2822 2835 2847 2867 2873 2874 2878 2919 2922 2997 3025 3051
86: 3384 3391 3402 3415 3426 3430 3450 3464 3466 3476 3485 3492 3493 3494 3497 3504 3505 3506 3522 3529 3533 3550 3552 3563 3571 3578 3589 3590 3595 3596 3610 3613 3623 3650 3653 3660 3668 3675 3682 3700 3712 3714 3718 3720 3738 3754 3762 3769 3770 3782 3784 3787 3792 3795 3800 3806 3808 3811 3818 3822 3829 3830 3832 3839 3840 3841 3845 3846 3849 3857
87: 3385 3398 3405 3444 3447 3448 3456 3472 3488 3491 3508 3515 3528 3535 3536 3545 3599 3615 3631 3655 3666 3667 3693 3697 3710 3715 3723 3729 3737 3753 3757 3768 3776 3780 3789 3794 3799 3834
88: 3386 3394 3408 3424 3427 3436 3437 3441 3445 3449 3457 3482 3489 3512 3516 3543 3551 3558 3560 3579 3583 3598 3617 3633 3680 3683 3688 3689 3701 3730 3734 3736 3748 3758 3760 3763 3764 3772 3790 3810 3831
89: 3387 3388 3395 3397 3404 3412 3425 3451 3453 3458 3459 3462 3465 3473 3481 3484 3507 3513 3524 3527 3539 3541 3553 3554 3557 3568 3569 3573 3576 3580 3591 3602 3603 3609 3611 3618 3635 3648 3652 3659 3662 3707 3717 3722 3732 3739 3745 3746 3747 3756 3778 3783 3788 3801 3803 3804 3807 3813 3826 3828 3844
90: 3389 3392 3399 3400 3406 3410 3417 3418 3420 3428 3432 3442 3446 3452 3470 3477 3478 3483 3501 3510 3517 3519 3520 3521 3537 3546 3547 3548 3555 3559 3561 3562 3567 3585 3586 3587 3593 3604 3620 3627 3629 3638 3641 3647 3654 3657 3665 3670 3671 3674 3677 3686 3691 3692 3695 3698 3702 3703 3704 3708 3709 3713 3716 3724 3726 3733 3749 3751 3755 3759 3765 3766 3774 3777 3779 3785 3796 3802 3805 3809 3812 3815 3836 3843 3847 3848 3850 3851 3852 3853 3854 3855 3856
91: 3390 3407 3411 3440 3454 3496 3526 3531 3566 3572 3592 3612 3614 3621 3628 3634 3636 3644 3649 3651 3664 3669 3673 3679 3685 3696 3706 3711 3721 3741 3744 3761 3767 3773 3775 3791 3793 3814 3820 3821 3824 3827 3837 3838 3842
92: 3393 3413 3419 3438 3439 3461 3467 3475 3480 3486 3499 3503 3514 3518 3525 3530 3534 3564 3581 3582 3588 3597 3601 3605 3624 3637 3639 3642 3672 3676 3678 3719 3740 3742 3750 3752 3771 3781 3786 3816 3817 3833
93: 3396 3401 3414 3416 3429 3431 3433 3434 3455 3468 3469 3471 3474 3490 3498 3500 3502 3509 3538 3540 3570 3574 3577 3584 3600 3606 3619 3622 3630 3643 3645 3646 3656 3661 3684 3690 3694 3699 3705 3725 3727 3728 3797 3798 3819 3823 3825 3835
94: 3403 3409 3421 3423 3435 3460 3479 3544 3556 3565 3607 3658 3687 3731 3735 3743
95: 3422 3443 3463 3487 3495 3511 3523 3532 3542 3549 3575 3594 3608 3616 3625 3626 3632 3640 3663 3681
96: 3858 3870 3871 3883 3884 3891 3900 3901 3902 3907 3912 3915 3935 3939 3952 3955 3966 3976 3980 3983 4014 4015 4022 4038 4042 4048 4052 4084 4098 4100 4110 4125 4170 4202 4203 4207 4224 4226 4238 4244 4248 4279 4281 4284 4286 4291 4293
97: 3859 3865 3876 3888 3905 3908 3928 3931 3941 3954 3957 3984 3988 3990 3992 4019 4028 4033 4034 4035 4041 4056 4059 4076 4083 4107 4118 4122 4128 4129 4133 4138 4143 4144 4148 4162 4172 4175 4185 4186 4187 4195 4222 4230 4236 4257 4278 4290 4292
98: 3860 3872 3873 3877 3879 3880 3887 3892 3893 3894 3895 3896 3899 3909 3910 3918 3919 3922 3927 3929 3936 3942 3943 3944 3945 3953 3958 3959 3961 3962 3963 3965 3973 3977 3979 3989 4001 4003 4006 4011 4013 4017 4025 4032 4046 4047 4054 4057 4058 4066 4071 4073 4074 4075 4078 4079 4080 4081 4082 4087 4088 4095 4106 4112 4123 4134 4150 4151 4155 4156 4165 4166 4177 4181 4184 4192 4197 4212 4214 4218 4219 4220 4221 4225 4231 4232 4234 4239 4246 4250 4262 4264 4275 4280 4285 4296 4300 4302 4303
99: 3861 3867 3874 3878 3881 3882 3898 3904 3906 3923 3938 3940 3950 3951 3956 3969 3970 3971 3978 3986 3991 3995 3998 3999 4005 4009 4010 4020 4024 4026 4027 4031 4036 4037 4039 4049 4050 4060 4062 4072 4086 4089 4096 4102 4104 4121 4136 4140 4157 4164 4168 4176 4200 4205 4206 4208 4215 4227 4237 4240 4241 4243 4245 4247 4249 4252 4255 4265 4270 4272 4288 4294 4301 4306
100: 3862 3863 3864 3866 3868 3869 3875 3886 3889 3903 3916 3926 3930 3932 3934 3948 3949 3967 3972 3974 3975 3987 3994 4000 4002 4004 4012 4018 4021 4040 4043 4051 4063 4065 4068 4069 4070 4091 4099 4103 4115 4117 4126 4127 4131 4135 4139 4142 4146 4154 4163 4171 4174 4180 4190 4191 4201 4210 4213 4216 4223 4228 4229 4233 4242 4251 4256 4258 4259 4260 4263 4266 4267 4268 4273 4277 4283 4287 4289 4295 4298 4299 4304 4305
101: 3885 3890 3897 3914 3917 3925 3937 3946 3947 3960 3968 3981 3982 3993 3997 4007 4023 4044 4045 4053 4055 4061 4092 4094 4097 4105 4108 4109 4111 4114 4116 4120 4132 4141 4152 4153 4158 4160 4167 4173 4178 4179 4182 4189 4198 4204 4209 4211 4217 4235 4253 4254 4261 4269 4271 4274 4276 4282 4297
102: 3911 3920 3921 3964 3985 4064 4067 4077 4090 4093 4101 4113 4124 4145 4147 4149 4159 4169 4188 4194
103: 3913 3924 3933 3996 4008 4016 4029 4030 4085 4119 4130 4137 4161 4183 4193 4196 4199
104: 4307 4324 4326 4372 4375 4378 4402 4412 4425 4433 4445 4450 4454 4456 4463 4475 4525 4544 4545 4547 4560 4589 4598 4599 4619 4641 4643 4656 4663 4664 4688 4703 4704 4707 4708 4735 4741 4747 4756 4762 4780 4792 4800 4803 4821 4837 4861 4884 4915 4920 4927 4931 4940 4942 4943 4947 4958 4965 4968 4969 4972 4979 4981 4986 4996
105: 4308 4320 4352 4363 4389 4397 4400 4407 4430 4461 4472 4477 4488 4518 4543 4555 4568 4591 4610 4613 4621 4623 4632 4640 4649 4658 4660 4674 4697 4712 4715 4720 4729 4740 4748 4754 4757 4760 4779 4807 4808 4812 4834 4842 4856 4858 4863 4871 4886 4906 4907 4918 4923 4924 4949 4959 4963 4985 4988 4989 4991 4994
106: 4309 4313 4325 4329 4361 4365 4376 4383 4384 4404 4414 4417 4418 4424 4444 4453 4457 4459 4460 4466 4479 4484 4502 4512 4516 4528 4535 4548 4551 4559 4590 4596 4634 4635 4648 4650 4651 4657 4671 4686 4687 4694 4719 4726 4764 4777 4784 4785 4797 4818 4844 4848 4849 4855 4859 4867 4880 4889 4897 4901 4910 4932 4945 4960 4961 4975 4977 4980 4987 4992 4998
107: 4310 4316 4342 4356 4362 4379 4392 4403 4409 4415 4421 4426 4431 4434 4440 4442 4447 4452 4507 4509 4552 4562 4564 4573 4574 4578 4581 4592 4593 4602 4604 4606 4615 4642 4647 4659 4662 4668 4683 4692 4700 4736 4745 4752 4771 4778 4789 4790 4822 4852 4869 4874 4919 4925 4928 4935 4937 4950 4974
108: 4311 4315 4317 4323 4334 4337 4339 4343 4346 4353 4355 4366 4371 4381 4405 4428 4443 4451 4483 4503 4511 4530 4540 4553 4570 4576 4580 4583 4587 4588 4594 4595 4603 4605 4607 4625 4628 4637 4679 4681 4682 4705 4709 4713 4714 4716 4723 4725 4728 4737 4746 4763 4766 4786 4788 4793 4794 4798 4809 4811 4814 4820 4823 4838 4840 4851 4873 4878 4881 4887 4888 4894 4896 4921 4930 4934 4938 4944 4951 4952 4953 4955 4978 4983 4997
109: 4312 4333 4340 4349 4374 4408 4410 4514 4556 4566 4584 4622 4627 4629 4646 4734 4773 4828 4845 4891 4895 4899
110: 4314 4328 4341 4391 4393 4429 4478 4485 4508 4609 4630 4636 4675 4722 4733 4755 4816 4832 4843 4875 4879
111: 4318 4319 4322 4330 4332 4335 4345 4348 4360 4368 4373 4377 4380 4385 4390 4396 4413 4419 4422 4441 4448 4458 4462 4473 4486 4487 4490 4493 4531 4536 4538 4541 4546 4549 4558 4567 4571 4582 4586 4608 4638 4644 4652 4654 4661 4667 4669 4672 4673 4676 4678 4689 4691 4696 4699 4702 4718 4738 4759 4769 4772 4776 4781 4783 4799 4804 4817 4825 4829 4831 4846 4850 4853 4854 4857 4866 4870 4872 4876 4900 4904 4908 4916 4917 4929 4933 4936 4941 4946 4956 4964 4967 4970 4982 4990 4995 4999
112: 4321 4382 4388 4394 4449 4496 4499 4505 4506 4520 4655 4670 4693 4749 4761 4767 4826 4827 4839 4865 4868
113: 4327 4367 4370 4423 4435 4437 4491 4529 4550 4563 4633 4639 4653 4727 4731
114: 4331 4347 4351 4359 4364 4416 4420 4432 4465 4468 4480 4489 4494 4495 4498 4519 4522 4524 4526 4527 4532 4537 4539 4569 4612 4614 4616 4617 4618 4631 4684 4698 4721 4730 4750 4751 4801 4802 4815 4847 4860 4864 4882 4890 4892 4898 4902 4905 4909 4911 4913 4954 4966 4973 4976 4984
115: 4336 4344 4401 4500 4501 4534 4575 4597 4624 4645 4710 4743 4753 4770 4787
116: 4338 4350 4357 4358 4387 4398 4399 4406 4427 4436 4438 4446 4455 4464 4467 4469 4476 4482 4504 4510 4513 4515 4517 4533 4542 4554 4561 4572 4577 4579 4601 4620 4626 4665 4666 4680 4685 4690 4701 4706 4717 4732 4739 4742 4744 4768 4782 4791 4795 4796 4805 4813 4819 4824 4830 4835 4836 4841 4862 4877 4883 4885 4893 4903 4912 4914 4922 4926 4939 4948 4957 4962 4971 4993
117: 4354 4411 4439 4470 4474 4481 4521 4523 4565 4585 4600 4611 4724 4765 4810 4833
118: 4369 4386 4395 4471 4492 4497 4557 4677 4695 4711 4758 4774 4775 4806
