0: 0 9 27 137 153 179 185 195 394 397 445 474 480 491 514 535 613 634 692 719 777 844 848 858 870
1: 1 3 13 20 22 36 46 62 72 75 89 102 104 125 141 143 150 155 164 170 186 193 197 217 228 241 244 250 253 256 257 263 266 268 280 294 296 297 301 318 326 332 338 341 364 383 400 416 428 429 434 455 477 482 510 512 516 518 529 538 553 555 567 574 591 597 600 602 617 619 646 650 668 672 687 700 712 747 759 767 784 819 822 834 849 854 869 878 907 913 918 921 922 923 925 926 928 940 947 957
2: 2 42 59 82 84 100 107 116 117 135 151 159 225 278 292 328 337 348 355 405 502 507 583 592 622 625 678 696 716 718 769 811 821 840 845 877 908 919
3: 4 28 30 49 52 65 77 87 88 136 146 161 163 169 191 207 209 212 255 258 281 288 295 319 336 350 359 360 367 386 413 414 415 423 439 440 446 459 460 489 500 533 539 545 561 565 575 578 588 616 620 621 661 679 694 708 714 740 746 752 780 781 790 795 798 843 863 865 887 904 915 917 936 945 953 954
4: 5 60 90 112 127 128 160 182 210 214 234 238 265 309 314 327 334 371 374 389 411 448 457 504 532 549 551 552 554 570 599 605 638 653 665 701 705 713 750 755 799 803 814 816 852 861 890 893 932 938
5: 6 40 43 101 133 134 148 232 275 283 320 402 444 517 520 623 637 673 724 727 758 818 829 850 866
6: 7 29 115 180 202 230 249 259 324 342 363 368 404 478 525 546 559 631 651 659 663 675 682 693 730 749 772 776 853 860 868 900
7: 8 32 35 57 74 175 252 270 300 331 382 422 543 608 610 662 691 737 779 815 827
8: 10 18 23 34 50 69 78 93 113 120 139 144 162 204 211 245 267 272 284 285 286 289 306 317 329 333 343 351 352 357 369 378 418 447 465 506 550 556 560 569 571 580 595 618 633 636 640 645 652 670 695 697 733 764 765 768 794 807 824 828 838 883 891 909 930 931 933 935 937 939 951 952 955 958 960
9: 11 19 110 173 229 264 349 380 398 479 483 511 515 526 540 563 576 603 604 630 789 793 808 809 830 839
10: 12 14 80 91 92 103 105 132 196 205 243 282 346 362 376 396 408 417 432 451 466 484 488 498 509 568 582 586 590 635 666 677 690 717 721 734 735 739 762 782 787 805 817 846 875 889 898 901 927 934 942 946 950
11: 15 31 45 47 48 66 68 71 83 86 99 108 111 118 122 154 165 171 176 184 194 223 226 227 231 233 299 303 304 323 335 340 353 387 393 401 410 425 475 494 513 530 536 541 611 612 614 629 644 656 669 689 698 711 722 754 757 771 773 775 783 788 797 801 802 810 820 825 831 836 851 876 879 886 888 899 905 911 929 941 943 944 948 949 956 959 961
12: 16 39 44 76 106 119 121 131 166 181 198 240 242 251 271 277 313 339 384 420 421 424 431 472 486 490 524 596 628 725 732 741 743 778 823 856 864 873 880 892 894 920
13: 17 24 73 95 96 114 172 188 220 269 321 322 372 373 381 399 426 461 471 493 519 531 537 544 564 566 577 581 593 601 643 647 649 658 684 766 770 774 792 812 826 835 837 841 872 903 914
14: 21 51 67 79 97 138 147 152 206 224 246 254 345 354 361 375 385 435 443 453 508 528 579 584 626 688 704 786 791 796 832 855 862 867 881 897 910
15: 25 53 58 123 190 239 291 305 315 347 379 392 409 496 589 671 707 731 753
16: 26 37 55 142 168 199 293 356 366 437 442 452 464 476 501 505 534 548 632 639 657 681 699 703 710 744 745 763 833 842 847 884 885 895 902 912
17: 33 126 129 187 201 273 276 290 473 527 585
18: 38 54 64 94 109 130 140 157 177 261 427 433 441 454 458 481 503 521 542 594 609 642 667 680 686 702 709 720 726 756 785 800 806 859 874 882 896 906 916 924
19: 41 98 156 203 216 236 247 260 262 307 312 330 358 377 390 391 436 438 470 485 522 547 562 641 648 654 655 683 685 723 738 748 751 761 804 813 857 871
20: 56 158 178 183 189 274 395 407 463 468 572
21: 61 145 192 218 222 248 279 287 316 388 412 456 495 558 587 607 706
22: 63 174 237 311 325 344 430 462 557 606 624 664 728 736 742 760
23: 70 81 149 208 219 302 308 403 406 499 598 627 660 676 715 729
24: 85 124 167 215 221 235 370 450 467 523 615 674
25: 200 213 298 310 365 419 449 469 487 492 497 573
26: 962 963 971 987 989 992 1003 1008 1024 1054 1055 1079 1101 1121 1130 1149 1155 1157 1173 1179 1181 1211 1214 1220 1251 1252 1255 1286 1288 1295 1312
27: 964 965 988 1005 1010 1011 1013 1025 1028 1030 1034 1039 1041 1044 1057 1059 1060 1069 1075 1083 1085 1099 1113 1117 1132 1138 1143 1147 1185 1193 1195 1223 1229 1230 1231 1238 1245 1253 1256 1259 1261 1277 1284 1287 1305 1306 1310 1315 1320 1322 1328 1331 1339 1344 1346
28: 966 969 972 979 984 995 996 998 1002 1004 1006 1012 1031 1045 1046 1052 1062 1066 1070 1072 1073 1076 1077 1081 1086 1087 1090 1091 1092 1096 1100 1104 1108 1110 1111 1112 1118 1120 1122 1123 1126 1127 1137 1142 1144 1148 1152 1156 1167 1171 1186 1187 1202 1203 1207 1208 1209 1213 1215 1216 1217 1221 1224 1228 1234 1236 1240 1241 1246 1257 1260 1266 1268 1269 1270 1272 1275 1279 1285 1291 1294 1296 1297 1299 1300 1301 1303 1316 1318 1325 1330 1332 1334 1336 1340 1341 1342 1345 1347 1350 1351 1352 1353
29: 967 977 978 981 982 985 986 997 1007 1009 1015 1021 1027 1036 1037 1042 1049 1053 1056 1067 1078 1084 1089 1094 1098 1102 1103 1129 1131 1133 1135 1136 1140 1141 1146 1153 1154 1158 1159 1169 1176 1177 1183 1184 1191 1194 1197 1199 1200 1206 1210 1212 1218 1219 1237 1247 1250 1262 1264 1265 1267 1276 1280 1281 1283 1289 1290 1292 1293 1298 1308 1309 1313 1314 1321 1323 1324 1326 1327 1333 1338 1343 1349
30: 968 976 1001 1018 1080 1105 1107 1109 1139 1145 1163 1188 1232
31: 970 975 980 990 1014 1032 1038 1043 1051 1093 1196 1205 1235
32: 973 974 983 993 994 1000 1016 1019 1020 1022 1026 1040 1047 1048 1065 1068 1071 1074 1082 1088 1095 1106 1114 1115 1125 1151 1161 1165 1170 1172 1174 1175 1178 1182 1189 1190 1201 1204 1222 1225 1226 1227 1233 1242 1243 1248 1249 1254 1258 1263 1271 1273 1274 1278 1282 1302 1304 1307 1311 1317 1319 1329 1335 1337 1348
33: 991 999 1023 1033 1035 1050 1058 1063 1128 1150 1162 1164 1180 1244
34: 1017 1029 1061 1064 1097 1116 1119 1124 1134 1160 1166 1168 1192 1198 1239
35: 1354 1362 1364 1368 1374 1375 1380 1383 1399 1416 1440 1442 1446 1484 1538 1560 1573
36: 1355 1359 1360 1363 1367 1371 1378 1385 1393 1394 1398 1402 1403 1407 1408 1409 1410 1411 1417 1422 1427 1428 1432 1434 1437 1438 1439 1443 1447 1452 1453 1455 1462 1463 1464 1465 1466 1469 1474 1477 1480 1485 1490 1493 1494 1500 1503 1504 1511 1513 1514 1515 1519 1528 1530 1531 1544 1547 1548 1551 1555 1557 1558 1564 1565 1567 1568 1570 1571 1572 1574 1578 1580 1581 1583 1584 1587 1588 1590 1591 1593 1600 1605 1616 1617 1622 1626 1628 1630 1634 1636
37: 1356 1357 1361 1365 1369 1370 1372 1389 1395 1396 1397 1401 1414 1415 1418 1420 1423 1429 1433 1436 1441 1445 1448 1449 1454 1458 1460 1461 1473 1475 1481 1486 1487 1489 1495 1496 1502 1505 1506 1507 1508 1512 1520 1522 1523 1524 1532 1554 1556 1559 1562 1563 1569 1576 1594 1609 1610 1614 1615 1627 1632 1635 1638
38: 1358 1366 1376 1377 1381 1386 1387 1390 1391 1405 1406 1412 1413 1419 1421 1424 1426 1430 1431 1435 1444 1456 1457 1459 1467 1470 1478 1479 1482 1488 1492 1497 1499 1501 1509 1510 1516 1517 1518 1521 1525 1527 1529 1533 1534 1535 1536 1541 1545 1546 1550 1552 1553 1561 1575 1579 1582 1589 1592 1595 1596 1597 1601 1602 1603 1606 1607 1611 1618 1621 1623 1629 1631 1633 1637
39: 1373 1379 1382 1384 1388 1392 1400 1404 1425 1450 1451 1468 1471 1472 1476 1483 1491 1498 1526 1537 1539 1540 1542 1543 1549 1566 1577 1585 1586 1598 1599 1604 1608 1612 1613 1619 1620 1624 1625
40: 1639 1724 1764 1785 1822 1853 1879 1887 2065 2208 2272
41: 1640 1654 1659 1682 1690 1706 1770 1771 1775 1795 1806 1903 1923 1934 1948 1989 2011 2048 2053 2067 2124 2155 2255 2260 2279 2297 2341 2434 2445 2505 2559 2560
42: 1641 1649 1711 1810 1819 1820 1831 1842 1844 1850 1904 1916 1999 2072 2081 2085 2156 2216 2245 2292 2351 2378 2412 2413 2474 2482 2542 2546
43: 1642 1707 1793 1794 1807 1811 1829 1847 1874 2004 2010 2059 2150 2166 2232 2286
44: 1643 1666 1677 1790 1791 1835 1959 1987 2009 2096 2118 2181 2211 2227 2320 2349 2377 2387 2401 2405 2409 2415 2471 2481 2493 2507 2539 2548
45: 1644 1679 1708 1730 1733 1769 1792 1854 1859 1895 1920 1925 1938 1963 1975 2087 2108 2126 2151 2161 2170 2182 2217 2226 2235 2238 2246 2250 2280 2288 2301 2328 2330 2334 2358 2360 2361 2364 2386 2398 2441 2461 2487 2500 2576 2580 2590 2592 2594 2601 2618
46: 1645 1691 1698 1715 1832 1833 1848 1880 1885 1888 1927 1929 1947 1951 1964 1965 2038 2056 2068 2112 2113 2125 2136 2138 2143 2147 2164 2196 2212 2228 2234 2237 2239 2264 2267 2268 2270 2271 2306 2318 2325 2345 2359 2376 2382 2393 2418 2439 2492 2506 2508 2522 2529 2530 2537 2540 2552 2558 2567 2602 2615 2622 2624
47: 1646 1746 1796 1865 1918 1937 1957 2003 2007 2035 2064 2199 2224 2225 2269 2284 2304 2366 2380 2476 2488 2504 2516
48: 1647 1650 1662 1673 1700 1702 1704 1709 1751 1761 1765 1768 1780 1782 1799 1803 1815 1817 1818 1836 1843 1871 1884 1900 1901 1909 1932 1935 1946 1956 1966 1978 1979 1981 1994 2008 2020 2023 2032 2039 2062 2066 2071 2091 2115 2123 2129 2158 2174 2186 2193 2218 2219 2236 2241 2248 2249 2254 2291 2295 2319 2321 2322 2323 2336 2337 2348 2352 2391 2394 2425 2440 2454 2457 2477 2478 2479 2519 2528 2541 2545 2562 2564 2565 2566 2585 2629 2632 2636
49: 1648 1651 1696 1701 1713 1760 1762 1763 1786 1824 1949 2005 2022 2060 2070 2075 2114 2122 2185 2266 2363 2406 2422 2452 2463 2503
50: 1652 1667 1676 1688 1695 1773 1776 1787 1825 1830 1841 1867 1902 1942 1955 1998 2000 2021 2043 2089 2094 2100 2102 2140 2142 2157 2198 2201 2207 2242 2256 2257 2277 2289 2332 2371 2389 2462 2475 2533 2555 2586 2599
51: 1653 1699 1731 1756 1767 1906 2076 2121 2206 2215 2247
52: 1655 1720 1721 1727 1784 1798 1812 1813 1852 1862 1890 1908 1926 1940 1961 1974 2015 2024 2025 2029 2051 2054 2057 2077 2080 2084 2104 2116 2130 2132 2139 2178 2220 2231 2263 2274 2275 2278 2283 2298 2310 2331 2338 2368 2374 2379 2396 2397 2403 2430 2432 2438 2467 2473 2483 2490 2521 2523 2563 2568 2578 2579 2581 2589 2605 2610 2611 2614 2619 2626 2627 2635
53: 1656 1661 1692 1743 1747 1941 2045 2050 2134 2173 2282 2293
54: 1657 1722 1952 1969 1992 2097 2146 2159 2307 2312 2313 2315 2347
55: 1658 1664 1719 1723 1736 1738 1744 1750 1840 1856 1896 1907 1912 1917 1924 1931 1950 1982 1997 2002 2006 2014 2016 2018 2037 2052 2055 2069 2079 2090 2093 2110 2191 2223 2233 2243 2251 2259 2261 2262 2326 2346 2370 2384 2400 2408 2417 2433 2464 2469 2480 2494 2501 2502 2509 2531 2547 2553 2556 2557 2575 2577 2582 2583 2587 2588 2597 2603 2604 2609 2617 2630
56: 1660 1732 1783 1851 1877 1899 1910 1939 2042 2086 2105 2127 2135 2148 2285 2299 2333 2343 2372 2420
57: 1663 1728 1774 1821 1828 1857 1869 1870 1876 1882 1883 1891 1914 1933 1945 1954 1968 1972 1980 2058 2171 2230 2258 2356 2381 2411 2427 2444 2511 2536 2574
58: 1665 1669 1675 1685 1687 1689 1693 1714 1718 1735 1737 1739 1745 1749 1779 1788 1797 1827 1837 1846 1860 1861 1866 1868 1889 1893 1911 1928 1958 1960 1967 1986 1995 1996 2027 2034 2047 2078 2120 2133 2141 2145 2149 2194 2209 2252 2281 2294 2308 2339 2353 2362 2383 2407 2410 2424 2426 2431 2447 2450 2453 2458 2468 2470 2495 2497 2510 2512 2515 2524 2551 2561 2593 2600 2620 2621 2625 2628 2633
59: 1668 1734 1921 2033 2088 2153 2163 2168 2169 2203 2296 2302 2314 2329 2340 2373 2399 2423 2442 2455 2496
60: 1670 1683 1752 1801 1805 1839 1872 1878 1897 1930 1944 1973 1984 2031 2046 2095 2098 2106 2107 2144 2160 2172 2195 2204 2214 2222 2229 2300 2367 2395 2404 2414 2416 2429 2451 2484 2498 2525 2532 2534 2544 2554 2570 2591 2613
61: 1671 1686 1703 1705 1710 1712 1725 1740 1741 1772 1800 1808 1816 1849 1855 1873 1875 1905 1913 1977 1991 2073 2111 2117 2137 2152 2167 2176 2187 2188 2311 2388 2390 2402 2419 2421 2435 2443 2446 2459 2465 2472 2489 2520 2538 2543 2550 2573 2616
62: 1672 1678 1694 1729 1754 1755 1758 1759 1781 1789 1809 1834 1858 1864 1886 1892 1894 1915 1943 1976 1985 1993 2012 2013 2017 2028 2041 2044 2074 2082 2083 2119 2154 2162 2165 2180 2190 2200 2202 2244 2253 2316 2365 2392 2456 2491 2499 2527 2535 2569 2571 2584 2595 2598 2607 2608 2612 2623 2631 2634
63: 1674 1681 1697 1748 1766 1778 2036 2103 2128 2183 2213 2273 2317 2350 2436 2448 2466 2485 2486
64: 1680 1804 1814 1845 1898 1922 1983 1988 2109 2205 2276 2287 2309
65: 1684 1716 1726 1742 1753 1757 1802 1823 1826 1881 1919 1962 1990 2001 2019 2026 2030 2040 2049 2061 2092 2099 2131 2175 2177 2179 2184 2189 2192 2197 2221 2240 2290 2305 2327 2335 2344 2357 2369 2375 2385 2428 2437 2460 2513 2514 2517 2518 2526 2549 2572 2596 2606
66: 1717 1777 1838 1863 1936 1953 1970 1971 2063 2101 2210 2265 2303 2324 2342 2354 2355 2449
67: 2637 2642 2643 2657 2658 2659 2679 2697 2699 2721 2729 2734 2766
68: 2638 2646 2649 2677 2678 2694 2717 2724 2737 2749 2757 2761 2790 2796
69: 2639 2645 2647 2648 2655 2664 2666 2667 2669 2671 2676 2681 2687 2689 2690 2692 2695 2705 2706 2711 2722 2725 2727 2728 2736 2741 2747 2748 2750 2751 2752 2764 2767 2768 2771 2773 2777 2778 2779 2781 2784 2788 2794 2806 2810 2811 2813 2814 2817 2819 2821 2824 2825 2826 2827 2828 2830 2832 2833 2835 2839 2844 2850 2851 2854 2855
70: 2640 2668 2674 2680 2685 2698 2702 2707 2713 2714 2716 2730 2738 2740 2743 2745 2753 2756 2759 2762 2763 2765 2769 2774 2780 2783 2789 2791 2795 2798 2800 2801 2809 2812 2822 2836 2840 2842 2845 2846
71: 2641 2650 2652 2660 2670 2691 2693 2696 2710 2712 2718 2731 2742 2746 2760 2770 2786 2787 2802 2803 2805 2808 2815
72: 2644 2651 2653 2654 2656 2661 2662 2663 2665 2672 2673 2675 2682 2683 2684 2686 2688 2700 2701 2703 2704 2708 2709 2715 2719 2720 2723 2726 2732 2733 2735 2739 2744 2754 2755 2758 2772 2775 2776 2782 2785 2792 2793 2797 2799 2804 2807 2816 2818 2820 2823 2829 2831 2834 2837 2838 2841 2843 2847 2848 2849 2852 2853
73: 2856 2871 2878 2888 2890 2892 2902 2903 2911 2916 2922 2931 2934 2953 2955 2962 2967 2984 2997 3022 3030 3040 3052 3056 3058 3078 3080 3081 3085 3094 3103 3110 3149 3164 3167 3212 3220 3221 3229 3243 3249 3253 3254 3255 3259 3260 3261 3262 3263 3266 3269 3271 3277 3281 3288 3289 3291 3295 3296 3298 3300 3301 3310 3314 3316 3320 3325 3328 3329 3331 3332
74: 2857 2873 2875 2879 2884 2897 2907 2910 2924 2925 2935 2943 2945 2958 2966 2972 2973 2989 2996 2998 3004 3007 3010 3012 3020 3027 3034 3042 3044 3071 3074 3098 3113 3119 3125 3133 3142 3144 3150 3151 3160 3169 3170 3182 3183 3198 3213 3217 3223 3239 3245 3285 3286 3287 3290 3297 3321 3322 3327 3330 3335
75: 2858 2868 2882 2893 2896 2932 2933 2940 2946 2947 2948 2964 2969 2974 2978 3006 3009 3024 3026 3029 3061 3064 3069 3073 3086 3088 3089 3101 3102 3105 3116 3120 3126 3130 3135 3138 3154 3163 3188 3196 3201 3219 3238 3248 3268 3272 3278 3279 3299 3306 3311 3313 3315 3319
76: 2859 2864 2870 2913 2987 3002 3003 3015 3023 3041 3104 3200
77: 2860 2863 2872 2885 2901 2904 2909 2923 2927 2970 2977 2986 3019 3067 3075 3087 3129 3131 3136 3157 3185 3218 3257 3276 3282 3294
78: 2861 2869 2905 2908 2921 2930 2941 2976 2988 2994 2995 3053 3065 3093 3118 3121 3124 3134 3165 3172 3180 3192 3203 3207 3226 3232 3233 3236 3240 3247 3250 3251 3252 3258 3280 3283 3284 3293 3303 3304 3305 3307 3308 3309 3312 3318 3323
79: 2862 2874 2950 2985 3014 3037 3048 3054 3063 3106 3132 3179 3184 3187 3208 3216 3225
80: 2865 2883 2886 2894 2914 2915 2918 2938 2952 2959 2961 2968 2975 2981 2991 2999 3000 3013 3017 3018 3028 3032 3035 3038 3039 3045 3046 3047 3050 3051 3059 3060 3066 3072 3076 3083 3084 3092 3095 3097 3099 3107 3111 3112 3122 3127 3141 3148 3156 3158 3161 3166 3171 3190 3193 3195 3202 3206 3215 3224 3230 3231 3234 3237 3241 3244 3256 3267 3270 3273 3275 3292 3302 3317 3324 3326 3333 3334 3336
81: 2866 2887 2895 2926 2929 2942 2951 2954 3057 3091 3114 3181 3191 3197 3222
82: 2867 2889 2900 2920 2939 2980 2993 3016 3043 3068 3090 3096 3117 3153 3176 3189 3214
83: 2876 2912 2936 2949 2963 2990 3011 3021 3049 3108 3115 3139 3146 3162 3174 3175 3194 3199 3209
84: 2877 2937 2965 2979 2982 2983 2992 3001 3008 3031 3033 3062 3077 3109 3123 3128 3137 3140 3147 3155 3173 3177 3178 3242 3274
85: 2880 2898 2917 2919 2944 2956 2971 3005 3025 3036 3070 3152 3168 3186 3204 3205
86: 2881 2891 2899 2906 2928 2957 2960 3055 3079 3082 3100 3143 3145 3159 3210 3211 3227 3228 3235 3246 3264 3265
87: 3337 3358 3364 3368 3370 3372 3374 3381 3389 3399 3410 3412 3416 3432 3441 3451 3459 3460 3468 3471 3473 3486 3491 3493 3494 3502 3504 3513 3529 3542 3548 3551 3560 3562 3569 3570 3575 3578 3579 3580 3588 3589 3594 3597 3603 3614 3618 3629 3631 3633 3640 3646 3649 3661 3663 3665 3669 3683 3690 3699 3704 3705 3720 3728 3733 3735 3738 3742 3743 3771 3773 3775 3777 3781 3782 3784 3789 3798 3799 3806 3808 3815 3828 3829 3830 3836
88: 3338 3350 3356 3365 3400 3422 3444 3483 3499 3510 3559 3568 3581 3590 3602 3620 3652 3688 3724 3729
89: 3339 3355 3390 3455 3545 3561 3564 3605 3642 3656 3681 3689 3703 3711 3713 3741
90: 3340 3341 3360 3363 3367 3375 3377 3393 3397 3405 3406 3414 3415 3421 3430 3437 3439 3446 3474 3478 3495 3501 3508 3517 3539 3555 3556 3591 3593 3609 3651 3654 3664 3666 3674 3679 3696 3697 3714 3717 3719 3726 3739 3740 3744 3746 3749 3762 3763 3768 3788 3796 3800 3818 3822 3823 3826 3827 3833 3838 3844 3845 3848
91: 3342 3371 3425 3429 3440 3490 3514 3521 3526 3531 3536 3622 3648 3671 3680 3698 3737
92: 3343 3345 3349 3354 3359 3378 3385 3388 3402 3411 3423 3434 3436 3453 3456 3458 3481 3484 3487 3488 3496 3505 3533 3537 3543 3554 3582 3586 3595 3615 3616 3621 3630 3644 3658 3684 3694 3721 3722 3759 3765 3774 3786 3790 3793 3802 3813 3832 3841
93: 3344 3380 3386 3420 3443 3461 3489 3512 3525 3540 3623 3636 3668
94: 3346 3361 3362 3392 3396 3404 3428 3445 3447 3464 3469 3482 3506 3518 3530 3576 3599 3600 3601 3611 3632 3634 3641 3653 3670 3682 3692 3693 3709 3710 3748 3761 3770 3772 3779 3792 3794 3803 3807 3809 3811 3825 3831
95: 3347 3387 3395 3426 3463 3467 3503 3511 3523 3550 3604 3650 3675 3700 3725
96: 3348 3352 3376 3384 3391 3401 3407 3418 3435 3438 3442 3457 3466 3470 3472 3477 3479 3485 3500 3522 3527 3532 3544 3547 3549 3557 3566 3572 3573 3583 3606 3619 3624 3625 3626 3627 3628 3639 3643 3645 3647 3657 3659 3667 3686 3691 3695 3706 3707 3731 3734 3754 3757 3760 3776 3778 3787 3810 3812 3814 3816 3817 3820 3821 3824 3835 3837 3839 3842 3846 3847
97: 3351 3357 3366 3369 3373 3383 3398 3408 3409 3417 3419 3433 3448 3452 3454 3492 3515 3516 3519 3524 3534 3553 3565 3571 3585 3587 3598 3608 3610 3613 3617 3638 3660 3673 3676 3678 3685 3701 3702 3712 3732 3745 3751 3756 3758 3764 3767 3769 3780 3795 3797 3801 3804 3805 3819 3834 3840 3843
98: 3353 3379 3449 3450 3462 3475 3480 3509 3552 3563 3612 3635 3655 3672 3716 3718 3727 3730 3750 3752 3753 3755 3766 3785 3791
99: 3382 3413 3424 3476 3507 3528 3541 3567 3577 3596 3607 3637 3687 3708
100: 3394 3403 3427 3431 3465 3497 3498 3520 3535 3538 3546 3558 3574 3584 3592 3662 3677 3715 3723 3736 3747 3783
101: 3849 3862 3865 3867 3870 3872 3880 3900 3903 3909 3910 3911 3917 3932 3935 3940 3945 3946 3947 3952 3955 3956 3961 3962 3963 3964 3969 3974 3998 4021 4024 4037 4042 4044 4049 4054 4069 4077 4082 4089 4092
102: 3850 3854 3855 3856 3857 3869 3877 3883 3890 3895 3906 3908 3912 3920 3921 3922 3927 3934 3938 3939 3941 3943 3954 3960 3975 3976 3979 3981 3993 3997 4001 4003 4010 4012 4015 4020 4023 4025 4028 4033 4036 4045 4052 4061 4075 4081 4086 4090 4093
103: 3851 3860 3861 3864 3876 3878 3879 3881 3884 3885 3893 3905 3913 3918 3919 3926 3933 3936 3942 3944 3949 3958 3968 3973 3978 3983 3986 3987 3988 3994 3999 4000 4002 4005 4016 4018 4032 4035 4048 4055 4058 4060 4063 4065 4066 4080 4088 4091
104: 3852 3853 3863 3866 3873 3886 3887 3888 3891 3892 3894 3896 3898 3899 3901 3904 3907 3915 3916 3923 3925 3928 3930 3953 3959 3965 3966 3967 3970 3977 3980 3985 3989 3992 3995 3996 4006 4007 4009 4013 4014 4017 4019 4022 4031 4034 4038 4039 4040 4046 4047 4051 4059 4070 4074 4076 4078 4079 4083 4085 4094 4095 4096 4097 4098 4099 4100 4101
105: 3858 3859 3868 3871 3874 3875 3882 3889 3897 3902 3914 3924 3929 3931 3937 3948 3950 3951 3957 3971 3972 3982 3984 3990 3991 4004 4008 4011 4026 4027 4029 4030 4041 4043 4050 4053 4056 4057 4062 4064 4067 4068 4071 4072 4073 4084 4087
106: 4102 4106 4165 4194 4306 4313 4320 4332 4360 4376 4378 4402 4414 4419 4436 4438 4439 4446 4449 4485 4504 4539 4556 4568 4675 4687 4712 4778 4783 4790 4819 4898 4904 4908 4922 4930 4935
107: 4103 4117 4168 4177 4195 4200 4203 4234 4246 4249 4256 4304 4364 4388 4408 4489 4498 4502 4558 4565 4607 4612 4613 4628 4652 4654 4661 4667 4683 4691 4700 4701 4704 4781 4787 4792 4795 4866 4874 4895 4909 4926 4927 4952 4960 4967 4972
108: 4104 4109 4127 4132 4172 4174 4180 4184 4209 4215 4225 4229 4255 4259 4292 4312 4322 4323 4369 4431 4448 4460 4464 4494 4528 4546 4548 4562 4580 4588 4596 4598 4609 4631 4638 4666 4676 4680 4709 4723 4733 4735 4741 4744 4756 4758 4789 4809 4826 4857 4900 4910 4915 4940 4946 4947 4949 4961 4970 4979 4981 4984 4993 4995 4998
109: 4105 4107 4115 4128 4133 4137 4161 4202 4208 4220 4222 4235 4252 4273 4275 4299 4316 4353 4358 4372 4373 4384 4391 4393 4399 4409 4413 4421 4440 4443 4467 4469 4478 4492 4503 4523 4524 4526 4550 4570 4577 4582 4592 4604 4625 4648 4649 4653 4671 4698 4703 4714 4720 4738 4739 4743 4761 4764 4771 4784 4785 4788 4796 4800 4802 4811 4840 4856 4861 4862 4864 4873 4892 4903 4913 4916 4934 4937 4941 4943 4948 4957 4965 4966 4973 4975 4976 4980 4982 4985 4986 4988 4997
110: 4108 4124 4126 4131 4135 4144 4146 4149 4152 4156 4162 4171 4216 4224 4245 4254 4263 4270 4283 4285 4303 4319 4324 4336 4338 4343 4350 4356 4357 4361 4400 4401 4406 4412 4418 4423 4427 4432 4459 4465 4481 4482 4497 4499 4506 4509 4514 4519 4534 4536 4541 4543 4564 4578 4589 4595 4600 4601 4630 4673 4674 4677 4681 4711 4716 4731 4734 4757 4760 4767 4772 4773 4780 4798 4807 4810 4833 4876 4878 4889 4912 4919 4923 4945 4951 4964 4974 4990 4991 4994
111: 4110 4134 4236 4261 4310 4329 4331 4491 4535 4538 4618 4629 4806 4843 4844 4845 4847 4871 4875 4877 4883
112: 4111 4130 4160 4175 4181 4196 4232 4242 4244 4295 4318 4326 4340 4342 4363 4403 4410 4429 4430 4456 4457 4463 4532 4566 4639 4643 4702 4710 4804 4852 4859 4860 4928 4933
113: 4112 4145 4170 4272 4300 4374 4381 4447 4470 4484 4496 4542 4590 4591 4599 4606 4644 4650 4663 4670 4693 4732 4736 4777 4813 4817 4821 4824 4881 4885 4907 4914 4932
114: 4113 4123 4136 4141 4142 4201 4223 4239 4240 4266 4276 4286 4333 4349 4359 4362 4367 4371 4377 4383 4405 4415 4461 4473 4479 4517 4569 4574 4585 4611 4614 4657 4690 4694 4728 4729 4766 4803 4816 4827 4838 4839 4868 4888 4894 4897 4905 4906 4911 4920 4921 4944
115: 4114 4122 4138 4163 4179 4183 4213 4293 4296 4347 4368 4411 4416 4433 4488 4500 4620 4634 4636 4655 4659 4705 4753 4776 4791 4797 4801 4808 4822 4828 4832 4851 4870 4880 4890 4893 4942
116: 4116 4119 4147 4157 4178 4186 4187 4193 4211 4260 4271 4289 4311 4321 4344 4366 4394 4395 4424 4434 4441 4486 4516 4545 4552 4567 4594 4602 4624 4632 4664 4679 4686 4688 4725 4750 4765 4774 4794 4805 4823 4831 4834 4836 4846 4848 4858 4865 4882 4899 4901 4924 4931 4950 4954 4962 4963 4983 4987 4989 4992 4999
117: 4118 4155 4230 4238 4241 4243 4282 4287 4298 4314 4385 4387 4390 4397 4404 4417 4420 4425 4442 4462 4474 4483 4490 4505 4508 4512 4529 4531 4555 4557 4561 4563 4572 4605 4615 4616 4621 4724 4740 4768 4770 4775 4825 4842 4872 4891 4896 4953 4955 4956 4958 4977 4978
118: 4120 4125 4150 4154 4164 4167 4182 4199 4204 4207 4210 4214 4221 4227 4228 4237 4247 4253 4257 4264 4288 4309 4325 4328 4334 4337 4345 4346 4348 4351 4354 4355 4365 4370 4389 4392 4468 4472 4495 4510 4521 4525 4527 4533 4544 4559 4560 4575 4593 4619 4626 4640 4646 4647 4658 4692 4708 4715 4721 4726 4730 4748 4749 4751 4755 4769 4779 4782 4786 4818 4820 4837 4863 4869 4886 4918 4936 4938 4939 4959 4968 4969 4971 4996
119: 4121 4140 4148 4151 4159 4188 4217 4218 4231 4250 4251 4258 4267 4291 4294 4301 4335 4426 4437 4452 4458 4466 4480 4518 4547 4549 4573 4583 4587 4617 4651 4660 4668 4684 4737 4763 4793 4812 4829 4850 4879 4887 4902
120: 4129 4143 4176 4189 4190 4191 4212 4219 4262 4302 4339 4352 4379 4396 4428 4453 4471 4475 4476 4477 4501 4520 4597 4603 4610 4678 4682 4689 4695 4727 4752 4759 4814 4884 4917
121: 4139 4166 4268 4281 4290 4315 4330 4380 4382 4444 4507 4530 4554 4627 4665 4697 4706 4722 4747 4799 4853
122: 4153 4158 4198 4284 4435 4445 4450 4515 4540 4551 4576 4581 4586 4623 4637 4642 4656 4662 4685 4707 4717 4719 4742 4830 4835 4849
123: 4169 4192 4197 4226 4233 4248 4265 4269 4280 4297 4308 4386 4455 4511 4537 4584 4633 4641 4669 4672 4699 4745 4746 4762 4841 4854 4855 4867 4925 4929
124: 4173 4185 4205 4206 4274 4277 4278 4279 4305 4327 4341 4398 4407 4422 4579 4608 4622 4635 4713 4718 4754 4815
125: 4307 4317 4375 4451 4454 4487 4493 4513 4522 4553 4571 4645 4696
