0: 0 3 11 36 42 43 47 54 55 56 58 60 68 72 75 88 101 103 114 127 129 134 162 190
1: 1 5 9 12 13 22 25 37 44 48 59 63 79 85 93 97 98 99 102 104 110 111 116 121 123 125 130 131 137 145 147 149 151 152 167 169 170 175 176 179 180 199 207
2: 2 4 6 7 14 15 16 18 21 26 27 28 30 33 34 38 40 41 51 52 57 62 67 70 71 73 74 76 77 80 83 84 89 90 91 92 95 96 100 105 107 109 112 113 115 117 119 120 132 133 136 138 139 140 142 148 150 154 156 157 158 159 160 161 163 168 171 173 177 181 184 185 186 187 188 189 191 193 195 197 198 200 201 202 203 204 205 206 208 209 210 211 212 213 214 215 216 217 218 219
3: 8 10 17 19 20 24 31 35 45 49 50 53 64 65 69 82 87 106 118 124 144 146 153 155 165 174 194
4: 23 29 32 39 46 61 66 78 81 86 94 108 122 126 128 135 141 143 164 166 172 178 182 183 192 196
5: 220 249 302 399 403 443 450 453 512 627 636 731 744 758 788 873 915 935 947 960 968
6: 221 224 230 262 267 337 369 375 495 517 563 597 639 656 798 887 918
7: 222 228 288 296 313 315 383 455 470 575 619 676 695 705 781 785 814 913 930
8: 223 236 242 265 284 290 299 334 339 342 347 378 379 397 419 440 459 486 506 518 527 532 591 598 608 644 655 675 761 777 797 824 835 848 885 900 966 976 986 1014 1029 1033 1046 1047 1049
9: 225 261 273 289 295 320 335 361 363 404 427 433 462 498 515 576 586 596 601 622 641 659 663 672 702 713 718 729 737 741 754 767 790 821 831 841 845 858 864 898 909 934 944 1023 1038 1044 1064 1069
10: 226 244 282 356 380 389 390 444 446 454 473 510 514 530 544 605 616 635 653 704 715 721 768 793 809 811 812 816 826 891 892 901 910 912 984 985 1021 1030 1051
11: 227 305 309 327 329 393 407 451 467 491 523 526 533 600 671 701 723 735 740 773 818 837 838 869 904 908 921 945 948 974 988 1001 1006
12: 229 250 257 259 281 314 324 336 350 362 376 388 394 406 409 412 421 438 448 460 479 480 485 513 535 537 545 550 553 565 568 569 580 609 682 688 696 709 725 726 753 762 769 770 774 778 779 783 787 796 805 806 813 823 825 839 849 861 874 875 894 902 903 920 931 942 943 961 964 970 972 978 991 993 994 1008 1035 1036 1039 1048 1070 1080 1085 1087
13: 231 245 246 251 263 266 303 310 316 318 319 326 331 332 348 351 374 411 415 417 422 431 434 452 456 457 474 476 477 503 519 524 539 548 555 557 570 574 583 590 592 593 602 615 617 626 654 690 708 710 717 728 733 755 791 817 834 846 863 865 870 881 907 919 929 937 941 952 956 957 967 969 982 992 1003 1020 1034 1042 1055 1056 1057 1058 1059 1068 1073 1076 1079 1083 1088
14: 232 238 239 269 274 277 285 298 343 352 385 387 401 413 435 465 487 502 529 534 536 554 566 567 572 610 632 683 686 689 707 711 724 749 764 766 792 795 803 815 833 842 867 872 879 886 927 953 958 971 1000 1009 1027 1043 1072
15: 233 247 256 258 304 307 311 341 346 355 358 359 364 365 367 384 392 414 442 489 507 521 522 543 547 556 573 578 581 582 594 606 611 618 631 642 649 666 667 681 693 699 716 722 736 784 847 855 856 896 932 949 954 1013 1025 1052 1053 1060 1071 1075 1078 1084
16: 234 255 275 280 396 408 441 505 541 564 623 651 664 680
17: 235 240 264 268 287 291 297 306 312 349 357 372 382 386 391 400 402 410 449 461 463 475 483 484 492 494 496 500 509 531 585 587 589 595 640 643 645 650 652 657 670 687 691 703 719 730 734 746 747 750 751 765 776 786 794 802 807 819 822 828 832 843 853 878 890 893 906 924 928 933 940 946 951 955 963 973 975 981 998 1007 1011 1024 1026 1037 1063 1065 1066 1067 1074 1077 1081 1082 1086
18: 237 241 278 279 317 328 344 426 478 488 546 551 559 562 607 612 620 625 648 661 679 720 738 760 789 810 866 871 880 884 922 938 987 996 1004 1012 1017 1040
19: 243 260 270 272 325 333 340 345 381 398 405 416 429 437 445 447 466 497 516 538 552 558 621 637 646 669 684 694 697 698 739 759 771 836 840 844 859 868 888 895 905 962 983 1050 1054 1061 1062
20: 248 253 271 308 360 366 377 439 482 504 525 528 542 588 614 630 633 647 662 677 692 756 763 800 820 850 854 876 882 899 914 936 950 989 999 1005 1019 1031 1045
21: 252 254 286 330 338 423 432 436 469 501 508 520 540 599 613 624 629 638 658 678 745 748 775 801 808 827 852 857 860 917 939 959 977 979 980 995 1002 1032
22: 276 293 300 301 323 353 395 458 471 493 499 511 549 577 604 628 660 673 674 712 743 772 780 877 911 923 925 926 965 1015 1016 1018 1022 1028 1041
23: 283 292 368 370 418 420 424 430 481 490 571 584 634 665 714 727 732 742 782 804 829 889 897 916 990
24: 294 321 322 354 371 373 425 428 464 468 472 560 561 579 603 668 685 700 706 752 757 799 830 851 862 883 997 1010
25: 1089 1092 1093 1103 1104 1106 1108 1124 1125 1127 1128 1132 1133 1134 1138 1141 1145 1148 1152 1159 1163 1168 1169 1173 1176 1178 1180 1184 1189 1195 1204 1206 1218 1219 1223 1226 1230 1231 1232 1233 1234 1240 1243 1244 1247 1248 1250 1258 1261 1263 1264 1265 1266 1268 1275 1277 1287 1289 1299 1300 1307 1308 1321 1322 1328 1334 1340 1349 1350 1352 1359 1360 1362 1363 1365 1366 1372 1373 1375 1376 1378 1379 1380
26: 1090 1091 1098 1111 1115 1120 1126 1129 1130 1131 1137 1140 1143 1146 1155 1160 1161 1164 1166 1177 1183 1186 1190 1194 1198 1199 1201 1202 1207 1211 1212 1213 1214 1228 1229 1235 1238 1241 1246 1251 1255 1259 1260 1270 1272 1274 1278 1281 1282 1283 1291 1294 1298 1303 1304 1310 1313 1320 1323 1330 1332 1336 1337 1341 1342 1343 1348 1356 1361 1364 1367 1370 1381 1382
27: 1094 1096 1101 1102 1109 1114 1116 1119 1123 1136 1147 1156 1158 1167 1172 1181 1187 1203 1215 1239 1253 1257 1276 1279 1295 1297 1306 1309 1319 1329 1333 1335 1353 1354 1355 1357 1368
28: 1095 1099 1100 1107 1110 1118 1121 1122 1135 1139 1142 1144 1149 1150 1151 1154 1157 1162 1170 1171 1175 1179 1185 1188 1192 1193 1200 1205 1209 1210 1216 1221 1222 1225 1236 1237 1242 1245 1249 1252 1254 1256 1267 1269 1271 1280 1284 1286 1288 1290 1292 1296 1301 1302 1305 1311 1312 1314 1315 1316 1317 1318 1326 1331 1338 1339 1344 1345 1346 1347 1351 1358 1369 1371 1374 1377 1383 1384
29: 1097 1105 1112 1113 1117 1153 1165 1174 1182 1191 1196 1197 1208 1217 1220 1224 1227 1262 1273 1285 1293 1324 1325 1327
30: 1385 1393 1395 1402 1448 1461 1471 1474 1480 1497 1505 1510 1523 1535 1562 1563 1571 1581 1591 1603 1604 1608 1626 1648 1659 1664 1687 1707 1716 1721 1725 1748 1767 1777 1782 1790 1801 1808 1819 1820 1833 1855 1858 1862 1863 1880 1881 1887 1911 1917 1927 1937 1938 1955 1972 1997 2007 2018 2026 2043 2051 2064 2073 2078 2098 2100 2106 2109 2116 2127 2132 2138 2154 2158 2162 2169 2170 2171 2172
31: 1386 1390 1399 1412 1440 1473 1500 1526 1605 1611 1614 1634 1635 1690 1695 1742 1749 1755 1759 1769 1771 1774 1794 1838 1840 1878 1890 1894 1909 1921 1930 1961 1980 2010 2067 2096 2118 2134
32: 1387 1404 1409 1436 1444 1483 1537 1568 1577 1600 1704 1740 1798 1828 1830 1841 1865 1869 1879 1899 1932 1967 1988 2015 2034 2069 2077
33: 1388 1389 1397 1401 1403 1406 1416 1421 1449 1452 1468 1475 1476 1477 1491 1496 1499 1545 1566 1574 1606 1618 1621 1638 1649 1661 1662 1682 1685 1710 1715 1728 1732 1753 1764 1766 1787 1791 1792 1804 1812 1813 1845 1872 1889 1893 1901 1902 1903 1905 1946 1949 1957 1960 1962 1968 1970 1981 1985 1986 1995 1998 2000 2008 2020 2029 2032 2059 2080 2083 2089 2090 2114 2117 2121 2122 2123 2131 2142 2155 2157 2174 2176 2178
34: 1391 1398 1418 1424 1489 1502 1504 1515 1516 1528 1531 1541 1547 1550 1552 1557 1587 1610 1619 1637 1642 1647 1668 1676 1681 1693 1700 1703 1733 1737 1739 1750 1761 1786 1795 1797 1799 1818 1822 1831 1849 1856 1861 1886 1895 1904 1913 1918 1920 1922 1923 1929 1940 1944 1954 2022 2023 2024 2030 2036 2041 2047 2061 2071 2072 2082 2084 2095 2104 2120 2124 2145 2147 2150 2152 2156 2165 2177
35: 1392 1408 1422 1433 1441 1446 1460 1462 1469 1486 1493 1494 1517 1530 1564 1572 1576 1590 1593 1598 1613 1623 1641 1652 1660 1689 1692 1701 1711 1717 1722 1727 1730 1736 1738 1752 1780 1816 1829 1832 1842 1853 1857 1867 1874 1892 1896 1908 1914 1915 1934 1947 1950 1956 1959 1963 1966 1982 1987 1991 2002 2012 2013 2019 2031 2052 2053 2065 2066 2070 2092 2112 2119 2130 2136 2137 2144 2146 2148 2161 2167
36: 1394 1396 1400 1410 1411 1438 1442 1447 1451 1457 1470 1478 1495 1519 1542 1544 1559 1599 1601 1616 1620 1643 1650 1654 1683 1699 1705 1719 1731 1735 1776 1779 1789 1807 1823 1888 1900 1939 1974 1989 2003 2009 2027 2037 2048 2054 2056 2060 2076 2085 2099 2101 2108 2129 2143 2149 2159 2160 2163 2164 2168
37: 1405 1427 1437 1439 1490 1540 1596 1622 1628 1696 1743 1775 1785 1824 1834 1850 1866 1876 1951 2033 2035
38: 1407 1453 1454 1465 1479 1484 1512 1561 1597 1674 1679 1714 1746 1788 1815 1836 1846 1875 1912 1958 1969 1990
39: 1413 1417 1487 1488 1511 1513 1549 1556 1558 1570 1575 1582 1625 1655 1657 1669 1729 1770 1781 1800 1826 1844 1854 1870 1873 1883 1933 1973 1975 1979 2049 2050 2113 2125
40: 1414 1434 1463 1472 1492 1498 1539 1551 1595 1615 1630 1644 1665 1667 1671 1684 1686 1688 1713 1726 1817 1848 1864 1885 1897 1925 2005 2028 2074 2079 2094
41: 1415 1419 1428 1429 1432 1443 1450 1456 1485 1503 1506 1514 1521 1525 1527 1548 1553 1555 1565 1567 1569 1579 1589 1594 1607 1609 1627 1631 1632 1633 1639 1640 1646 1666 1698 1708 1718 1724 1745 1751 1754 1757 1758 1760 1773 1778 1803 1810 1811 1821 1839 1843 1884 1891 1898 1919 1924 1941 1953 1978 1993 2001 2011 2025 2039 2040 2057 2058 2075 2086 2088 2102 2107 2111 2126 2133 2140 2151 2173 2175
42: 1420 1430 1435 1532 1533 1536 1554 1573 1588 1651 1678 1691 1723 1747 1763 1772 1784 1806 1825 1926 1977 2006 2042 2055
43: 1423 1455 1466 1481 1482 1509 1524 1546 1578 1585 1592 1612 1624 1636 1658 1670 1672 1720 1734 1744 1756 1762 1796 1805 1809 1847 1860 1871 1882 1928 1931 1936 1942 1945 1976 1994 2016 2038 2046 2063 2068 2081 2091 2105 2110 2115 2135 2139 2141 2153 2166
44: 1425 1467 1507 1520 1529 1538 1543 1586 1677 1709 1741 1827 1877 1952 1971 1999 2014 2017 2021
45: 1426 1583 1617 1656 1706 1837 1851 1906 1907 1916 1935 1943 1964 1984 1992 1996 2004
46: 1431 1445 1459 1464 1508 1518 1522 1534 1560 1584 1629 1645 1653 1663 1675 1680 1694 1702 1712 1765 1793 1802 1859 1910 1965 1983 2044 2045 2062 2087 2093 2097 2103 2128
47: 1458 1501 1580 1602 1673 1697 1768 1783 1814 1835 1852 1868 1948
48: 2179 2181 2186 2190 2196 2199 2202 2211 2212 2216 2218 2239 2248 2258 2259 2261 2269 2283 2289 2295 2305 2309 2312 2313 2322 2324 2329 2334 2337 2352 2361 2362 2369 2373 2377
49: 2180 2182 2185 2187 2188 2200 2215 2219 2221 2223 2224 2226 2230 2237 2244 2249 2263 2267 2268 2273 2274 2279 2282 2284 2285 2288 2290 2293 2296 2303 2310 2311 2316 2317 2318 2333 2338 2339 2340 2346 2350 2351 2353 2354 2355 2359 2366 2368 2370 2372 2376 2382 2387 2389 2395 2396
50: 2183 2184 2189 2192 2193 2194 2197 2203 2204 2205 2206 2207 2208 2209 2210 2213 2214 2217 2222 2225 2228 2229 2234 2236 2238 2241 2242 2243 2245 2250 2252 2253 2254 2255 2256 2257 2262 2264 2265 2266 2271 2272 2276 2277 2280 2281 2297 2298 2300 2301 2304 2306 2307 2308 2314 2323 2325 2326 2328 2330 2335 2341 2342 2344 2347 2348 2356 2357 2360 2374 2375 2378 2379 2380 2383 2384 2386 2390 2392 2393 2397 2398
51: 2191 2195 2198 2201 2220 2227 2231 2232 2233 2235 2240 2246 2247 2251 2260 2270 2275 2278 2286 2287 2291 2292 2294 2299 2302 2315 2319 2320 2321 2327 2331 2332 2336 2343 2345 2349 2358 2363 2364 2365 2367 2371 2381 2385 2388 2391 2394
52: 2399 2418 2457 2485 2500 2505 2535 2536 2548 2560 2598 2604 2625 2630 2656 2659 2685 2714 2725 2732 2740 2743
53: 2400 2413 2433 2444 2461 2463 2486 2493 2503 2522 2526 2570 2571 2575 2586 2589 2591 2592 2597 2601 2622 2627 2628 2632 2653 2654 2660 2705 2710 2721 2726 2745 2751 2757 2763 2766 2768 2774 2790 2797 2799 2802 2805 2808 2811
54: 2401 2409 2411 2412 2440 2451 2458 2489 2512 2577 2611 2666 2695 2697 2718 2741 2747 2752
55: 2402 2403 2405 2419 2424 2432 2442 2453 2454 2456 2467 2468 2473 2474 2479 2481 2482 2484 2494 2495 2496 2499 2504 2506 2507 2509 2510 2511 2516 2524 2527 2529 2533 2540 2546 2552 2564 2566 2569 2582 2585 2587 2588 2596 2599 2607 2615 2619 2623 2634 2639 2641 2645 2647 2650 2651 2655 2657 2662 2669 2670 2671 2674 2676 2677 2678 2680 2681 2682 2687 2689 2691 2692 2694 2696 2708 2709 2713 2724 2736 2739 2744 2746 2749 2775 2780 2788 2789 2800 2806 2812 2814 2815 2817 2819 2821 2823 2824
56: 2404 2408 2410 2414 2423 2434 2437 2452 2455 2466 2471 2487 2491 2498 2518 2537 2538 2543 2544 2547 2549 2551 2554 2555 2556 2558 2563 2572 2581 2602 2605 2606 2617 2620 2642 2661 2664 2667 2688 2703 2704 2712 2716 2727 2748 2754 2758 2771 2776 2777 2778 2785 2796 2803 2818
57: 2406 2407 2417 2421 2422 2427 2439 2441 2443 2445 2448 2459 2462 2464 2469 2497 2513 2515 2517 2519 2523 2525 2531 2532 2534 2539 2542 2545 2553 2559 2562 2573 2578 2579 2580 2593 2595 2609 2621 2626 2629 2636 2637 2640 2644 2672 2673 2684 2686 2698 2699 2700 2702 2707 2711 2719 2729 2731 2734 2738 2742 2750 2760 2764 2770 2772 2773 2781 2786 2791 2795 2804 2809 2810 2813 2816 2820 2822
58: 2415 2425 2447 2450 2460 2475 2480 2501 2502 2521 2530 2567 2568 2583 2600 2603 2614 2616 2618 2633 2638 2646 2663 2668 2683 2690 2720 2723 2728 2735 2755 2762 2765 2787 2794
59: 2416 2429 2436 2438 2488 2490 2492 2541 2557 2576 2584 2594 2624 2693 2722 2733 2737 2753 2756 2759 2767
60: 2420 2426 2428 2430 2431 2435 2446 2449 2465 2470 2472 2476 2477 2478 2483 2508 2514 2520 2528 2550 2561 2565 2574 2590 2608 2610 2612 2613 2631 2635 2643 2648 2649 2652 2658 2665 2675 2679 2701 2706 2715 2717 2730 2761 2769 2779 2782 2783 2784 2792 2793 2798 2801 2807
61: 2825 2826 2827 2830 2832 2834 2837 2840 2843 2846 2847 2855 2858 2861 2863 2865 2868 2874 2877 2892 2894 2896 2897 2902 2906 2915 2916 2918 2923 2924 2930 2934 2941 2951 2952 2953 2954 2958 2959 2963 2966 2971 2976 2979 2982 2984 2993 3001 3004 3006 3011 3015 3021 3025 3029 3034 3039 3043 3045 3050 3057 3062 3063 3064 3065 3068 3070 3073 3081 3087 3091 3099 3104 3106 3109 3111 3117 3120 3123 3127 3137 3140 3144 3154 3155 3159 3161 3162 3163 3165 3167 3172 3180 3182 3186 3187 3193 3195 3196 3201
62: 2828 2862 2864 2879 2910 2960 2964 2967 3002 3007 3079 3088 3094 3108 3119
63: 2829 2833 2839 2841 2842 2850 2854 2856 2857 2859 2860 2870 2885 2888 2895 2898 2903 2905 2907 2908 2912 2914 2922 2928 2933 2937 2942 2943 2946 2956 2962 2973 2974 2994 3000 3009 3013 3027 3030 3031 3033 3037 3040 3046 3048 3049 3052 3054 3058 3066 3069 3072 3075 3077 3086 3089 3090 3095 3096 3097 3105 3115 3125 3132 3134 3138 3141 3147 3150 3152 3156 3170 3171 3173 3176 3177 3183 3184 3188 3190 3191 3192 3194 3197 3198 3199 3200
64: 2831 2878 2886 2904 2955 2965 2978 2987 2992 2998 2999 3051 3055 3056 3060 3061 3074 3118 3121 3133
65: 2835 2844 2867 2875 2893 2901 2919 2929 2939 2940 2969 2977 2988 3010 3012 3071 3085
66: 2836 2845 2848 2872 2873 2880 2883 2887 2911 2917 2920 2935 2947 2983 2985 2986 2989 2990 3005 3024 3026 3035 3036 3044 3059 3082 3084 3103 3128 3139 3145 3168 3174
67: 2838 2866 2900 2909 2932 2949 2957 2961 2970 2972 2980 2991 2996 3038 3080 3098 3101 3107 3110 3122 3124 3151 3153
68: 2849 2851 2853 2869 2926 2936 2968 3016 3022 3067 3076 3083 3113
69: 2852 2871 2876 2882 2890 2913 2921 2925 2927 2938 2945 2948 2950 2981 2995 3003 3008 3014 3017 3019 3023 3032 3053 3092 3093 3100 3112 3114 3116 3126 3131 3136 3142 3143 3146 3148 3149 3157 3158 3160 3164 3166 3169 3175 3178 3179 3181 3185 3189
70: 2881 2884 2889 2891 2899 2931 2944 2975 2997 3018 3020 3028 3041 3042 3047 3078 3102 3129 3130 3135
71: 3202 3205 3206 3240 3353 3407 3410 3414 3421 3464 3484 3496 3502 3503 3556 3617 3624 3642 3655 3687 3709 3731 3740 3780 3787 3789 3791 3799 3825 3841 3848 3855 3857
72: 3203 3209 3227 3228 3248 3258 3264 3293 3301 3302 3338 3339 3347 3356 3372 3388 3389 3411 3418 3427 3430 3445 3458 3462 3463 3466 3488 3493 3497 3513 3514 3519 3537 3574 3582 3625 3630 3637 3656 3666 3670 3697 3700 3701 3708 3720 3723 3725 3736 3749 3761 3770 3779 3807 3815 3836 3854 3864 3867 3877 3881 3887 3893 3899
73: 3204 3210 3213 3217 3232 3236 3269 3279 3300 3316 3319 3320 3322 3335 3337 3340 3343 3346 3348 3351 3366 3382 3390 3392 3398 3399 3400 3408 3416 3419 3434 3440 3446 3457 3472 3479 3520 3523 3534 3541 3543 3546 3548 3554 3562 3568 3569 3570 3572 3573 3577 3579 3602 3604 3610 3612 3614 3618 3636 3648 3649 3660 3663 3665 3667 3668 3676 3681 3686 3691 3694 3718 3726 3739 3756 3769 3773 3776 3784 3801 3803 3805 3808 3824 3830 3850 3865 3868 3888 3889 3890 3900 3903
74: 3207 3211 3219 3237 3244 3247 3262 3282 3289 3298 3309 3323 3328 3345 3373 3396 3401 3402 3403 3405 3444 3447 3460 3465 3470 3471 3474 3499 3507 3508 3517 3553 3578 3583 3591 3592 3621 3646 3661 3684 3724 3743 3764 3765 3800 3809 3811 3819 3823 3853 3869 3882 3891
75: 3208 3215 3241 3251 3253 3281 3295 3297 3318 3332 3365 3368 3409 3413 3417 3420 3428 3431 3436 3441 3476 3495 3545 3560 3561 3566 3580 3585 3616 3633 3678 3690 3693 3695 3710 3713 3744 3746 3750 3753 3763 3772 3782 3786 3846 3861 3886
76: 3212 3214 3225 3263 3265 3273 3276 3287 3304 3305 3308 3310 3311 3314 3321 3326 3329 3333 3334 3350 3358 3371 3395 3415 3422 3423 3429 3433 3438 3443 3456 3478 3480 3481 3494 3501 3504 3506 3512 3527 3536 3547 3549 3550 3567 3584 3587 3599 3603 3606 3641 3654 3658 3664 3677 3683 3688 3716 3721 3748 3751 3752 3755 3760 3762 3766 3774 3798 3810 3818 3829 3832 3852 3856 3858 3859 3862 3873 3879 3883 3892 3902
77: 3216 3224 3231 3233 3256 3278 3283 3299 3312 3315 3344 3387 3412 3475 3509 3522 3531 3540 3552 3590 3601 3613 3647 3653 3671 3673 3680 3698 3707 3727 3732 3757 3777 3806 3816 3820 3821 3828 3831 3872 3874 3876
78: 3218 3235 3272 3280 3290 3317 3331 3341 3342 3369 3386 3432 3490 3498 3505 3524 3555 3611 3628 3634 3640 3644 3672 3674 3679 3699 3714 3729 3767 3790 3794 3804 3813 3839 3842 3843 3866
79: 3220 3230 3243 3245 3254 3268 3270 3285 3288 3296 3306 3324 3325 3359 3361 3370 3375 3377 3406 3449 3451 3454 3461 3486 3491 3492 3516 3551 3576 3596 3600 3639 3662 3728 3738 3759 3812 3814 3835 3837 3838 3840 3845 3849 3878 3880 3884
80: 3221 3223 3234 3242 3250 3252 3255 3257 3260 3261 3271 3327 3363 3393 3397 3424 3425 3487 3510 3529 3530 3557 3559 3581 3594 3597 3598 3605 3608 3623 3638 3645 3652 3657 3659 3696 3703 3711 3712 3730 3734 3758 3768 3771 3785 3793 3796 3833 3847 3860 3870 3885
81: 3222 3303 3307 3330 3352 3376 3380 3426 3453 3473 3515 3526 3533 3535 3564 3619 3626 3627 3632 3650 3704 3717 3719 3735 3737 3781 3797 3822 3826 3827 3863
82: 3226 3229 3238 3246 3259 3266 3267 3274 3275 3284 3291 3294 3336 3349 3354 3355 3364 3374 3379 3381 3385 3394 3439 3448 3452 3455 3459 3467 3468 3482 3483 3485 3500 3511 3525 3528 3542 3558 3563 3565 3586 3588 3589 3622 3629 3631 3635 3643 3651 3669 3675 3702 3705 3706 3715 3722 3733 3741 3742 3745 3747 3754 3775 3778 3783 3788 3792 3795 3802 3817 3834 3844 3851 3871 3875 3894 3895 3896 3897 3898 3901
83: 3239 3362 3367 3442 3469 3539 3544 3571 3595 3615 3620 3682 3692
84: 3249 3277 3286 3292 3384 3391 3404 3450 3532 3538 3607 3609
85: 3313 3357 3360 3378 3383 3435 3437 3477 3489 3518 3521 3575 3593 3685 3689
86: 3904 3912 3930 3941 3946 3956 3965 3990 3997 4060 4096 4134 4150 4167 4186 4187 4193 4208 4212 4214 4215 4220 4236 4246 4247 4263 4307 4320 4330 4332 4335 4340 4343 4350 4362 4366 4380 4384 4399 4408 4413 4418 4448 4452 4462 4473 4487 4491 4492 4493 4494 4500 4503 4510 4524 4527
87: 3905 3914 3972 3993 4039 4045 4091 4120 4165 4172 4206 4213 4241 4249 4365 4371 4385 4402
88: 3906 3908 3917 3934 3951 3957 3958 3968 3970 3973 3975 3979 3984 3998 4003 4008 4021 4022 4028 4029 4056 4072 4100 4112 4127 4155 4171 4176 4194 4196 4223 4230 4243 4259 4273 4274 4301 4313 4318 4354 4368 4369 4379 4383 4391 4396 4425 4432 4433 4437 4441 4443 4468 4470 4474 4495 4514 4522 4525 4531 4533
89: 3907 3920 3922 3927 3935 3945 3991 3996 4000 4009 4010 4020 4026 4032 4035 4036 4042 4043 4046 4048 4051 4068 4092 4099 4101 4111 4113 4123 4129 4132 4137 4154 4157 4162 4175 4180 4183 4189 4195 4207 4211 4217 4228 4244 4245 4258 4260 4272 4275 4281 4285 4293 4295 4302 4309 4314 4321 4322 4324 4326 4342 4345 4348 4355 4364 4381 4386 4387 4410 4411 4434 4439 4442 4446 4458 4459 4460 4478 4482 4497 4498 4505 4512 4516 4517 4519 4526 4532
90: 3909 3910 3926 3928 3937 3949 3952 3971 3995 4016 4053 4057 4062 4090 4097 4104 4114 4116 4121 4146 4168 4216 4251 4266 4268 4270 4283 4316 4338 4377 4426 4435 4447 4451 4453 4455 4457 4469 4472 4475 4481 4483 4485 4486 4489 4504 4506 4507 4508 4509 4511 4518 4520 4521 4523
91: 3911 3923 3932 3954 3960 3976 3986 3987 3989 3992 3999 4005 4012 4013 4023 4059 4065 4103 4107 4109 4115 4118 4125 4133 4140 4145 4149 4151 4156 4158 4191 4205 4210 4219 4221 4227 4242 4253 4254 4256 4257 4261 4277 4292 4306 4310 4327 4331 4351 4353 4356 4358 4359 4372 4373 4392 4400 4401 4403 4405 4406 4409 4414 4415 4422 4423 4429 4438 4456 4461 4467 4471 4490 4496 4499 4501 4528 4529 4530 4534
92: 3913 3918 3919 3944 3953 3959 3962 3969 3981 4027 4034 4061 4063 4066 4071 4079 4086 4088 4142 4161 4169 4181 4198 4202 4203 4248 4264 4269 4290 4296 4297 4298 4337 4341 4360 4363 4374 4390 4398 4407 4416 4431 4440 4450 4466 4513 4515
93: 3915 3929 3948 3950 3964 3974 3982 3985 3994 4011 4030 4037 4040 4041 4047 4064 4078 4085 4094 4131 4141 4147 4148 4160 4163 4164 4173 4199 4225 4226 4233 4312 4319 4352 4357 4376 4420 4421 4428 4464 4502
94: 3916 3933 3967 4007 4017 4018 4024 4025 4070 4081 4136 4143 4179 4185 4188 4190 4200 4237 4284 4289 4305 4375 4378 4382 4388 4430 4436 4449 4454 4479
95: 3921 3955 3963 4004 4049 4077 4080 4083 4084 4089 4138 4159 4224 4361
96: 3924 3936 3980 3983 4014 4015 4054 4055 4067 4082 4093 4102 4105 4110 4122 4178 4192 4232 4234 4235 4240 4250 4265 4278 4294 4303 4304 4308 4311 4317 4333 4339 4393 4395 4397 4417 4424 4465 4484
97: 3925 3961 3966 3978 4019 4031 4058 4075 4087 4130 4166 4182 4209 4239 4252 4255 4267 4282 4291 4300 4315 4323 4325 4329 4334 4346 4347 4370 4404 4419 4445 4463 4476 4477 4480 4488
98: 3931 3940 3943 4033 4073 4126 4128 4177 4222 4229 4231 4286 4344
99: 3938 3939 3942 4044 4074 4098 4119 4184 4218 4280
100: 3947 3977 3988 4001 4002 4006 4038 4052 4069 4076 4095 4106 4124 4152 4153 4174 4204 4288 4349 4389 4444
101: 4050 4108 4117 4135 4139 4144 4170 4197 4201 4238 4262 4271 4276 4279 4287 4299 4328 4336 4367 4394 4412 4427
102: 4535 4540 4547 4550 4552 4557 4559 4591 4593 4599 4601 4604 4612 4615 4621 4631 4632 4635 4643 4647 4659 4660 4662 4670 4679 4680 4687 4689 4696 4711 4713 4716 4731 4732 4736 4740 4741 4742 4743 4745 4746 4750 4755 4756 4759 4762 4763 4775 4781 4793 4795 4813 4817 4834 4837 4838 4854 4863 4866 4886 4895 4897 4905 4909 4913 4914 4934 4941 4948 4951 4956 4958 4959 4962 4963 4964 4970 4974 4980 4981 4983 4987 4991
103: 4536 4577 4578 4581 4597 4619 4633 4641 4649 4685 4691 4700 4717 4730 4748 4753 4760 4773 4774 4783 4790 4806 4818 4841 4848 4852 4868 4917 4929 4931 4933 4937 4942 4967
104: 4537 4542 4583 4585 4592 4596 4610 4611 4642 4652 4665 4675 4694 4705 4719 4726 4728 4749 4761 4766 4767 4777 4794 4797 4801 4802 4809 4810 4819 4822 4823 4831 4832 4835 4836 4843 4846 4847 4853 4858 4860 4874 4875 4878 4883 4885 4888 4889 4892 4894 4896 4900 4919 4920 4936 4940 4944 4945 4955 4957 4960 4973 4975 4977 4988
105: 4538 4554 4556 4590 4616 4629 4654 4656 4686 4715 4733 4765 4804 4851
106: 4539 4543 4549 4553 4564 4568 4570 4584 4623 4627 4639 4644 4648 4661 4667 4673 4681 4682 4704 4710 4721 4722 4724 4729 4734 4737 4738 4739 4744 4747 4770 4779 4785 4786 4787 4788 4789 4791 4798 4803 4808 4811 4815 4827 4839 4842 4849 4855 4856 4861 4869 4871 4882 4898 4901 4906 4907 4908 4911 4923 4924 4926 4927 4928 4932 4938 4949 4952 4953 4966 4968 4971 4978 4979 4984 4985 4989 4992 4998 4999
107: 4541 4544 4545 4551 4558 4563 4566 4567 4572 4575 4576 4579 4586 4589 4595 4598 4607 4609 4613 4614 4622 4624 4628 4634 4645 4651 4657 4658 4666 4668 4669 4671 4674 4676 4677 4678 4690 4693 4698 4701 4706 4707 4714 4718 4723 4727 4751 4754 4769 4782 4784 4800 4805 4807 4816 4820 4829 4830 4833 4844 4850 4865 4867 4872 4873 4876 4877 4881 4890 4891 4903 4904 4910 4915 4916 4921 4922 4925 4930 4935 4939 4943 4946 4947 4950 4961 4969 4972 4982 4986 4990 4993 4994 4995 4996 4997
108: 4546 4548 4562 4587 4594 4602 4608 4617 4630 4636 4637 4640 4646 4650 4655 4663 4664 4699 4702 4768 4778 4799 4812 4824 4857 4862 4880 4887 4918 4954 4976
109: 4555 4565 4573 4600 4603 4606 4653 4684 4695 4697 4712 4735 4764 4772 4840 4845 4884
110: 4560 4574 4580 4708 4725 4752 4757 4758 4776 4792 4826 4859 4870 4879
111: 4561 4569 4571 4582 4588 4605 4618 4620 4625 4626 4638 4672 4683 4688 4692 4703 4709 4720 4771 4780 4796 4814 4821 4825 4828 4864 4893 4899 4902 4912 4965
