0: 0 9 16 24 32 36 49 68 97 114 129 130 139 151 156 173 177 209 241 245 248 255 287 288 290 309 326 335 361 432 435 510 515 525 527 566 579 606 608 623 626 639 641 648 656
1: 1 8 18 35 160 170 181 190 196 198 200 219 223 227 249 260 264 272 273 311 317 337 374 379 420 446 448 458 482 487 517 609 614 630 637 642 655 677
2: 2 30 87 95 118 220 226 303 351 368 380 388 397 413 419 433 479 484 491 511
3: 3 47 55 58 61 98 125 127 128 140 147 153 159 161 194 202 206 216 221 222 235 257 263 318 362 411 429 442 461 464 476 477 483 497 502 523 557 562 570 571 576 587 593 601 615 635 650 652 664 665 668 670 671 673 681 691 695 696 698 699 700 702 703 705 707 709 710 714 716 718 721 722 724
4: 4 5 12 25 38 44 46 105 111 113 121 146 150 152 162 164 167 175 180 214 215 231 232 233 239 259 271 281 299 302 307 328 349 384 386 387 395 401 402 418 478 490 492 512 519 532 536 569 577 582 588 590 594 605 618 629 631 649 651 658 660 666 685 686 689 690 704 706 708 711 712 713 715 717 719 720 723 725 726 727 728 729 730 731
5: 6 19 39 41 43 51 79 85 88 90 103 123 208 269 286 331 336 352 365 369 381 383 394 403 408 423 444 447 467 499 500 563 610 611 659
6: 7 63 71 72 74 75 76 82 94 96 134 148 169 213 258 262 274 282 322 358 359 393 396 412 428 468 518 520 550 554 573 586 591 625 633 640 643 645 680
7: 10 20 67 166 182 192 228 236 237 261 275 279 329 345 356 370 414 438 440 449 453 454 466 470 504 508 539 541 548 561 575 583 603 607 613 667
8: 11 29 106 107 117 136 158 178 187 199 294 367 463 473 485 530 547 559 564 597
9: 13 22 28 78 86 93 115 133 179 191 203 207 211 240 254 295 296 306 321 325 327 347 363 372 425 445 455 481 524 553 568 572 585 616 627 632 636 638 644 669 674 678 683 684 688 693
10: 14 42 102 124 212 277 280 291 357 377 422 474 480 486 521 528
11: 15 31 54 80 149 186 204 293 333 346 376
12: 17 48 50 56 60 64 70 99 108 143 165 172 176 184 217 234 242 244 284 338 355 406 417 430 434 460 488 489 493 496 505 507 531 535 546 551 552 556 592 595 596 624 647 657 663 675 676 682 692 694
13: 21 34 104 109 112 137 224 246 285 308 313 339 364 404 436 459 542 543
14: 23 84 116 138 157 225 253 316 330 360 416 421 424 437 526 549 567 574 580
15: 26 27 69 81 92 101 120 141 168 171 210 243 247 251 266 267 278 292 324 340 344 354 391 398 439 452 475 498 503 516 538 558 617 634 646
16: 33 53 57 77 119 131 135 155 163 205 229 265 270 276 283 305 312 320 323 341 385 389 399 410 415 426 431 456 465 495 513 514 533 534 537 565 589 602 612 619 621 622 628 653 654 661 662 672 679 687 697 701
17: 37 45 110 132 144 188 195 218 238 268 301 348 350 371 451 471 494 522 529 578
18: 40 59 66 83 89 174 252 256 298 300 319 343 392 405 469
19: 52 62 65 73 91 100 183 289 332 366 375 400 443 450 462 540 544 581 584 598 599 600 604 620
20: 122 126 142 154 189 250 297 310 315 353 390 407 427 457 501 509 555
21: 145 185 193 197 201 230 304 314 334 342 373 378 382 409 441 472 506 545 560
22: 732 733 794 814 816 858 876 891 898 903 953 983 991 1003 1006 1072 1091 1107 1119 1123 1135
23: 734 741 783 791 822 824 860 867 889 931 950 970 1000 1026 1027 1033 1043 1077
24: 735 739 742 743 767 780 802 811 818 819 840 850 861 864 873 874 888 896 905 910 920 927 928 932 949 955 980 985 1002 1008 1017 1018 1021 1040 1073 1078 1081 1098 1117 1120 1128 1130 1134 1152 1163 1176 1177 1178 1183 1197 1201 1209 1214
25: 736 746 757 779 784 823 848 871 879 883 908 987 994 1001 1016 1060 1074 1079 1104 1124 1131
26: 737 745 750 751 752 768 772 796 797 799 803 812 849 863 869 870 872 878 913 922 929 933 941 971 977 988 996 999 1011 1013 1039 1045 1046 1053 1067 1069 1070 1083 1093 1094 1099 1100 1109 1111 1121 1126 1129 1137 1142 1149 1154 1162 1169 1171 1172 1173 1180 1182 1190 1194 1195 1196 1202 1203 1207 1211 1218 1221 1228
27: 738 740 748 749 765 771 773 782 792 810 813 826 833 836 838 844 851 856 862 865 866 868 875 901 904 914 923 930 942 954 956 964 969 975 989 993 1004 1007 1009 1010 1047 1055 1063 1064 1085 1092 1096 1113 1114 1115 1125 1132 1136 1143 1145 1146 1147 1148 1155 1157 1167 1174 1179 1186 1192 1198 1200 1205 1206 1208 1210 1212 1215 1222 1227 1231 1232 1234 1235 1237
28: 744 747 774 828 839 885 890 917 934 992 1031 1056 1066 1071 1084 1090
29: 753 761 775 795 832 842 845 847 855 893 909 926 935 948 951 958 962 979 1012 1019 1022 1058 1075 1080 1097 1103 1133 1158 1165
30: 754 755 759 762 764 766 777 778 798 801 804 806 827 831 835 846 852 854 859 880 892 902 907 916 919 925 936 943 945 946 947 963 966 967 968 972 978 982 995 1020 1025 1029 1035 1036 1037 1048 1051 1054 1059 1065 1068 1086 1087 1089 1101 1105 1106 1108 1116 1118 1122 1138 1139 1140 1151 1153 1161 1166 1168 1170 1175 1181 1184 1185 1187 1188 1189 1191 1193 1199 1204 1213 1216 1217 1219 1220 1223 1224 1225 1226 1229 1230 1233 1236
31: 756 805 815 820 843 906 937 952 957 984 997 1005 1014 1041 1044 1061
32: 758 789 800 817 821 825 829 834 841 857 877 887 924 939 965 974 1015 1028 1030 1034 1038 1042 1062 1076 1088 1095 1112
33: 760 770 786 807 808 830 853 894 897 940 973 981 998 1052
34: 763 769 788 790 882 899 911 912 938 944 959 961 986 1023
35: 776 781 785 787 793 809 837 881 884 886 895 900 915 918 921 960 976 990 1024 1032 1049 1050 1057 1082 1102 1110 1127 1141 1144 1150 1156 1159 1160 1164
36: 1238 1254 1299 1371 1374 1377 1395 1396 1457 1512 1564 1583 1610 1627 1637 1642
37: 1239 1243 1303 1306 1308 1313 1314 1322 1331 1337 1366 1387 1412 1434 1456 1467 1471 1480 1489 1501 1531 1532 1538 1549 1563 1565 1566 1575 1580 1601 1609 1614 1619 1630 1640 1650 1664 1665 1670 1674 1676 1699 1704 1705 1712 1714 1718 1720 1725 1764 1780 1805 1832 1851 1854 1856 1871 1872 1889 1890 1891 1896 1897 1904 1907
38: 1240 1250 1255 1257 1266 1267 1274 1286 1294 1298 1304 1316 1330 1333 1365 1384 1406 1408 1411 1422 1427 1442 1448 1453 1506 1511 1515 1517 1541 1570 1582 1622 1634 1654 1668 1675 1677 1683 1696 1701 1709 1731 1737 1778 1796 1797 1801 1804 1807 1808 1809 1818 1824 1829 1831 1833 1847 1853 1860 1861 1862 1866 1867 1869 1878 1884 1887 1901 1903 1908 1910 1911 1912 1913 1914 1915 1916 1917 1918 1919
39: 1241 1252 1258 1271 1276 1323 1329 1334 1347 1355 1378 1382 1385 1405 1472 1481 1493 1509 1521 1525 1545 1616 1639 1648 1754 1785 1794 1798 1803 1814 1827 1849
40: 1242 1248 1251 1256 1273 1288 1324 1336 1342 1343 1360 1397 1416 1428 1430 1431 1435 1441 1447 1451 1466 1486 1498 1503 1514 1527 1530 1548 1557 1577 1581 1598 1602 1605 1606 1613 1621 1623 1632 1633 1655 1663 1679 1684 1692 1750 1751 1759 1761 1765 1781 1786 1787 1806 1820 1826 1835 1842 1845 1858 1868 1881 1886 1902 1906 1909
41: 1244 1245 1246 1284 1350 1364 1379 1393 1401 1445 1464 1482 1533 1534 1536 1537 1558 1576 1586 1691 1695 1702 1736 1738 1739 1753 1776 1790 1825
42: 1247 1249 1312 1341 1348 1358 1359 1380 1439 1474 1475 1490 1567 1578 1682
43: 1253 1262 1285 1300 1375 1386 1410 1420 1522 1539 1587 1615 1625 1685
44: 1259 1287 1293 1310 1325 1327 1362 1389 1413 1421 1423 1452 1458 1492 1494 1505 1553 1559 1571 1572 1618 1653
45: 1260 1264 1280 1305 1311 1319 1321 1326 1340 1370 1390 1399 1404 1446 1468 1478 1485 1516 1519 1555 1599 1620 1636 1643 1644 1688 1689 1690 1707 1711 1715 1727 1728 1734 1747 1749 1755 1770 1772 1773 1775 1777 1784 1791 1810 1812 1813 1816 1822 1836 1837 1839 1875 1876 1877 1883 1885 1892 1895 1899
46: 1261 1281 1282 1290 1291 1296 1297 1301 1318 1339 1344 1349 1353 1357 1381 1398 1424 1425 1436 1444 1454 1465 1476 1484 1495 1497 1507 1543 1546 1579 1595 1604 1673 1680 1681 1700 1710 1713 1722 1748 1762 1771 1774 1783 1793 1811 1819 1834 1844 1855 1859 1864 1865 1870 1873 1874 1879 1880 1882 1888 1893 1894 1898 1900 1905
47: 1263 1302 1307 1338 1361 1392 1433 1443 1462 1535 1588 1600 1603 1607 1631 1647 1656 1662 1687 1717 1733
48: 1265 1309 1394 1415 1419 1426 1487 1499 1500 1502 1551
49: 1268 1269 1278 1283 1367 1373 1376 1388 1403 1418 1440 1479 1496 1504 1584 1594 1617 1646 1652 1658 1660 1671 1678 1693 1703 1708 1752 1763 1767 1768 1782 1799 1802 1815 1838 1852 1863
50: 1270 1292 1295 1346 1369 1400 1409 1449 1473 1510 1513 1523 1526 1540 1550 1560 1596 1611 1638 1669 1730 1743
51: 1272 1275 1279 1354 1356 1437 1459 1461 1491 1544 1552 1561 1573 1574 1585 1591 1593 1612 1626 1635 1657 1697 1706 1726 1745 1746 1769 1817 1823
52: 1277 1289 1315 1328 1335 1363 1368 1391 1417 1438 1518 1520 1547 1554 1568 1589 1590 1649 1667 1686 1694 1716 1719 1723 1732 1742 1758 1760 1788 1792 1800 1821 1843 1846 1857
53: 1317 1352 1372 1383 1402 1407 1414 1429 1450 1455 1460 1463 1469 1483 1508 1524 1529 1562 1569 1592 1597 1624 1628 1641 1651 1698 1744 1756 1757 1828
54: 1320 1332 1345 1351 1432 1470 1477 1488 1528 1542 1556 1608 1629 1645 1659 1661 1666 1672 1721 1724 1729 1735 1740 1741 1766 1779 1789 1795 1830 1840 1841 1848 1850
55: 1920 1947 1965 2007 2014 2025 2034 2038 2045 2060 2079 2087 2117 2137 2217 2224 2249 2352 2361 2452 2473 2491 2493 2495 2514 2519 2595 2602 2624 2631 2638 2649 2660 2698 2709
56: 1921 1956 1960 1964 1990 1991 2026 2027 2040 2102 2128 2151 2160 2171 2172 2175 2194 2231 2260 2276 2299 2327 2365 2393 2402 2412 2439 2494 2528 2536 2540 2545 2569 2593 2599 2604 2611 2617 2627 2655 2667 2692 2695 2699 2702 2718 2728 2730 2746 2756 2770 2774 2783 2789 2800 2804 2809 2811 2814 2816 2819
57: 1922 2113 2119 2191 2212 2291 2329 2344 2358 2374 2380 2438 2517
58: 1923 1934 1983 1989 2047 2053 2089 2091 2094 2106 2116 2136 2184 2228 2286 2296 2297 2301 2317 2330 2350 2353 2372 2383 2411 2417 2462 2470 2476 2489 2498 2499 2543 2578 2614 2643 2671 2690 2691 2703 2725 2732 2735 2751 2759 2761 2764 2768 2797 2801 2802 2803
59: 1924 1979 1998 2108 2121 2145 2150 2235 2295 2310 2391 2396 2422 2459 2467 2509 2521 2542 2547 2596
60: 1925 1943 1951 1954 1977 1999 2064 2073 2126 2159 2178 2183 2201 2210 2238 2239 2243 2251 2274 2277 2293 2305 2328 2340 2371 2390 2418 2423 2440 2453 2502 2557 2635 2640 2647 2657 2659 2678 2729 2736 2744 2752 2753 2762 2772 2778 2779 2787
61: 1926 1937 1988 2012 2049 2164 2168 2187 2200 2207 2246 2248 2252 2255 2261 2312 2319 2325 2362 2364 2368 2373 2435 2441 2492 2510 2512 2513 2530 2587 2597 2620 2622 2634 2665 2666 2673 2683 2706 2731 2760
62: 1927 1961 2030 2039 2069 2085 2090 2111 2141 2157 2188 2204 2205 2215 2225 2242 2267 2303 2348 2355 2389 2394 2421 2426 2427 2464 2484 2487 2497 2504 2559 2570 2574 2579 2582 2584 2619 2630 2651 2663 2681 2686 2689 2693 2694 2700 2738 2750 2766 2769 2775 2793 2799 2806 2810 2820 2821 2822 2823 2824 2825 2826 2827 2828 2829 2830 2831 2832 2833 2834 2835 2836 2837 2838 2839 2840 2841 2842 2843 2844 2845 2846 2847
63: 1928 1936 1948 1958 1968 1993 1996 2011 2063 2083 2134 2148 2283 2466 2480 2505 2515 2516 2525 2535 2546 2556 2575 2592 2628 2629 2637 2641 2644 2650 2668 2721 2722 2726 2734 2740 2747
64: 1929 1949 1976 1994 2023 2032 2051 2052 2105 2107 2109 2124 2129 2132 2143 2169 2189 2192 2298 2321 2326 2333 2351 2360 2375 2377 2379 2388 2401 2405 2408 2409 2425 2447 2451 2463 2477 2501 2523 2531 2565 2580 2594 2607 2608 2632 2639 2672 2676 2679 2685 2704 2712 2716 2717 2758 2780 2782 2792 2796 2813
65: 1930 1944 2006 2078 2092 2097 2158 2173 2257 2392 2404
66: 1931 2001 2065 2067 2138 2214 2216 2263 2268 2273 2356 2398 2442 2450 2457 2532
67: 1932 1978 2061 2100 2103 2264 2309 2316 2342 2385 2437
68: 1933 1963 2016 2020 2029 2114 2142 2185 2202 2345 2407
69: 1935 1987 2000 2002 2072 2084 2088 2152 2167 2177 2179 2197 2221 2236 2270 2302 2332 2370 2384 2448 2474 2527 2533 2548 2566 2568 2664 2670 2675 2680 2723 2724
70: 1938 1950 1971 1984 1992 2003 2004 2015 2024 2031 2035 2042 2110 2144 2146 2162 2186 2199 2208 2269 2284 2366 2378 2382 2410 2443 2465 2479 2507 2511 2518 2538 2553 2598 2600 2603 2605 2606 2642 2652 2661 2677 2684 2713 2719 2733 2739 2742 2757 2776 2785 2794 2795
71: 1939 2013 2046 2054 2093 2156 2170 2209 2211 2300 2341 2431
72: 1940 1946 1953 1962 1986 2008 2028 2033 2044 2055 2118 2131 2163 2181 2193 2206 2222 2247 2253 2256 2265 2281 2290 2322 2334 2335 2339 2354 2413 2483 2488 2490 2541 2555 2562 2573 2583 2591 2609 2612 2648 2662 2701 2710 2720 2745 2749 2763 2765 2767 2771 2773 2777 2784 2786 2798 2808 2812
73: 1941 1942 2048 2075 2096 2135 2203 2220 2278 2349 2414 2445 2469 2529
74: 1945 1967 1995 2018 2043 2095 2139 2147 2149 2154 2161 2166 2195 2218 2232 2233 2285 2304 2307 2338 2376 2399 2416 2424 2430 2468 2485 2549 2550 2571 2585 2610 2615 2636 2669 2687 2715 2743
75: 1952 1970 1973 1980 2009 2056 2127 2176 2196 2226 2245 2320 2343 2397 2496 2564 2588 2601 2616
76: 1955 1985 2019 2070 2112 2125 2180 2227 2287 2318 2363 2403 2449 2486 2534
77: 1957 1969 1972 2062 2076 2077 2213 2240 2254 2266 2314 2369 2433 2454 2461 2572 2590 2626
78: 1959 2010 2050 2057 2080 2122 2165 2229 2282 2313 2324 2387 2520
79: 1966 1997 2005 2017 2058 2071 2074 2086 2101 2120 2140 2153 2198 2241 2244 2258 2259 2272 2292 2311 2323 2331 2336 2347 2359 2386 2400 2415 2420 2471 2475 2482 2500 2522 2524 2526 2558 2577 2625 2646 2653 2656 2682 2688 2705 2707 2708 2714 2727 2748 2754 2755 2781 2788 2790 2791 2805 2807 2815 2817 2818
80: 1974 2036 2041 2068 2082 2098 2104 2190 2219 2250 2306 2436 2446 2472 2478 2506 2508 2552 2554 2561 2563 2567 2576 2581 2586 2589 2618 2621 2623 2654 2674 2696 2697 2737 2741
81: 1975 2021 2066 2123 2130 2133 2174 2234 2289 2315 2337 2346
82: 1981 1982 2022 2037 2099 2115 2155 2182 2223 2230 2262 2271 2279 2280 2288 2294 2367 2381 2432 2434 2444 2455 2456 2460 2481 2537 2539 2544 2551 2560 2613 2633 2645 2658 2711
83: 2059 2081 2237 2275 2308 2357 2395 2406 2419 2428 2429 2458 2503
84: 2848 2855 2864 2865 2868 2875 2876 2877 2878 2879 2880 2885 2886 2887 2917 2918 2927 2933 2938 2941 2949 2951 2953 2957 2961 2967 2979 2985 2986 2993 2994 3000 3012 3014 3018 3032 3034 3037 3054 3084 3086 3090 3091 3098 3106 3110 3115 3116 3121 3140 3143 3156 3169 3173 3194 3198 3205 3206 3207 3222
85: 2849 2856 2858 2862 2863 2881 2883 2890 2891 2892 2894 2896 2897 2901 2902 2911 2916 2919 2922 2923 2924 2929 2930 2932 2934 2935 2936 2942 2947 2969 2970 2971 2975 2981 2992 2995 3003 3007 3013 3031 3038 3040 3042 3043 3046 3048 3051 3060 3063 3068 3072 3074 3081 3087 3088 3103 3104 3112 3118 3120 3136 3144 3150 3158 3165 3181 3183 3189 3191 3193 3196 3199 3204 3213 3214 3218 3230 3231 3232 3234 3236 3237 3238 3239 3240
86: 2850 2859 2860 2870 2871 2872 2882 2888 2889 2903 2905 2913 2925 2944 2948 2950 2956 2959 2962 2973 2976 2987 3001 3008 3020 3025 3029 3039 3044 3052 3058 3077 3080 3082 3093 3113 3122 3124 3145 3153 3161 3170 3175 3184 3192 3195 3200 3203 3209 3210 3216 3217 3220 3221 3223 3226
87: 2851 2853 2854 2866 2869 2874 2904 2906 2908 2920 2943 2952 2960 2968 2982 2984 2989 2996 2999 3004 3009 3015 3019 3021 3023 3027 3030 3045 3050 3053 3062 3065 3066 3069 3073 3092 3094 3096 3101 3107 3111 3119 3127 3128 3130 3132 3141 3159 3160 3163 3164 3167 3172 3177 3179 3182 3187 3197 3202
88: 2852 2857 2861 2867 2873 2884 2893 2895 2907 2910 2915 2921 2928 2939 2940 2954 2955 2963 2965 2966 2972 2980 2983 2988 2991 3002 3005 3006 3010 3024 3026 3028 3033 3035 3036 3049 3055 3057 3061 3070 3076 3083 3089 3095 3099 3100 3102 3108 3109 3125 3126 3133 3135 3138 3139 3151 3154 3157 3168 3171 3176 3188 3201 3208 3219 3224 3225 3227 3228 3233 3235
89: 2898 2899 2900 2909 2912 2914 2926 2931 2937 2945 2946 2958 2964 2974 2977 2978 2990 2997 2998 3011 3016 3017 3022 3041 3047 3056 3059 3064 3067 3071 3075 3078 3079 3085 3097 3105 3114 3117 3123 3129 3131 3134 3137 3142 3146 3147 3148 3149 3152 3155 3162 3166 3174 3178 3180 3185 3186 3190 3211 3212 3215 3229
90: 3241 3244 3247 3250 3274 3295 3311 3337 3359 3361 3388 3394 3404 3444
91: 3242 3243 3246 3251 3253 3257 3261 3263 3264 3266 3275 3282 3287 3296 3298 3302 3304 3305 3306 3307 3308 3312 3313 3314 3316 3318 3325 3327 3330 3333 3334 3338 3342 3344 3351 3365 3368 3370 3377 3380 3381 3384 3390 3392 3393 3398 3400 3401 3405 3418 3421 3422 3426 3429 3430 3431 3446 3450 3454 3460 3462 3465 3466 3468 3471 3484 3486 3488 3490 3495 3496 3498 3499 3502 3509 3515 3516 3517 3519 3527 3528 3529 3530 3534 3535
92: 3245 3248 3254 3258 3259 3265 3267 3268 3269 3270 3272 3273 3276 3279 3280 3284 3290 3291 3300 3303 3317 3319 3322 3324 3326 3328 3331 3332 3336 3340 3343 3345 3348 3352 3354 3357 3362 3363 3367 3369 3371 3372 3373 3375 3379 3391 3399 3406 3409 3410 3414 3415 3428 3432 3436 3441 3442 3445 3451 3453 3457 3458 3459 3461 3464 3467 3480 3481 3485 3489 3492 3493 3497 3500 3501 3503 3508 3513 3518 3521 3522 3524 3531 3536 3537 3538 3540
93: 3249 3256 3260 3262 3281 3286 3288 3289 3292 3293 3294 3299 3320 3321 3335 3339 3341 3346 3347 3349 3353 3358 3360 3366 3374 3376 3378 3385 3386 3395 3396 3397 3402 3403 3407 3417 3419 3420 3423 3424 3425 3427 3434 3435 3438 3439 3448 3452 3455 3456 3463 3469 3470 3472 3473 3476 3477 3478 3479 3482 3483 3487 3491 3494 3504 3505 3506 3507 3510 3511 3512 3514 3520 3523 3525 3526 3532 3533 3539
94: 3252 3255 3277 3283 3301 3310 3315 3323 3329 3382 3408 3411 3412 3433 3443 3447
95: 3271 3278 3285 3297 3309 3350 3355 3356 3364 3383 3387 3389 3413 3416 3437 3440 3449 3474 3475
96: 3541 3543 3564 3584 3585 3590 3640 3643 3660 3687 3695 3704 3734 3764 3770 3797 3810 3828 3897 3923 3946 3984 3997 4012 4042 4082 4091 4097 4117 4127 4130 4200 4203 4204 4229 4266 4272 4294 4324 4328 4331 4334 4358 4360
97: 3542 3548 3550 3560 3610 3624 3625 3628 3631 3633 3651 3662 3672 3703 3705 3709 3722 3730 3749 3759 3762 3811 3816 3820 3862 3863 3924 3925 3930 3937 3940 3951 3974 3979 4004 4030 4037 4050 4056 4059 4062 4080 4100 4112 4125 4126 4132 4134 4141 4142 4159 4202 4212 4222 4228 4244 4280 4286 4290 4302 4326 4333 4339 4352 4353 4363 4387 4395 4399 4400
98: 3544 3612 3686 3719 3741 3752 3760 3773 3783 3789 3794 3835 3851 3855 3876 3916 3926 3965 3990 3999 4002 4011 4017 4046 4085 4138 4139 4144 4164 4178 4247 4262 4271 4297 4298 4313 4329 4335
99: 3545 3553 3554 3562 3575 3592 3598 3604 3644 3650 3694 3699 3702 3715 3761 3807 3814 3815 3818 3830 3869 3905 3920 3922 3931 3932 3939 3941 3955 3960 3968 3982 3988 4000 4015 4036 4039 4045 4090 4096 4098 4108 4109 4124 4131 4137 4161 4171 4177 4193 4195 4198 4207 4209 4217 4254 4256 4267 4281 4284 4287 4292 4303 4307 4318 4320 4345 4351 4364 4366 4372 4393 4394 4396 4401 4404 4418
100: 3546 3582 3593 3613 3637 3683 3786 3792 3796 3812 3838 3840 3882 3898 3914 3919 3994 3995 4003 4008 4010 4035 4110 4120 4133 4155 4157 4167 4221 4226 4301
101: 3547 3555 3563 3565 3571 3574 3583 3596 3601 3603 3609 3619 3621 3639 3657 3668 3669 3671 3680 3706 3726 3728 3732 3763 3767 3771 3799 3822 3829 3833 3841 3846 3877 3881 3929 3933 3935 3956 3967 3977 4009 4020 4031 4038 4049 4061 4063 4068 4081 4093 4101 4105 4107 4113 4135 4145 4149 4173 4174 4197 4211 4219 4230 4232 4253 4255 4257 4265 4275 4283 4289 4296 4300 4306 4310 4315 4322 4330 4340 4346 4357 4361 4380 4381 4390 4391 4392 4397 4402 4406 4407 4410 4413 4416 4419 4423
102: 3549 3551 3618 3620 3647 3658 3684 3720 3738 3755 3757 3806 3813 3825 3865 3904 3928 3957 3973 3985 3996 4023 4052 4077 4083 4121 4129 4158 4176 4190 4214 4215 4223 4239 4259 4264 4293 4295 4305 4342 4349
103: 3552 3557 3567 3569 3588 3591 3665 3666 3698 3707 3711 3723 3724 3727 3736 3743 3744 3831 3848 3850 3859 3867 3903 3908 3948 3972 3983 4005 4007 4018 4019 4041 4048 4051 4078 4088 4094 4118 4170 4218 4224 4227 4238 4316 4327 4350 4359 4367 4371 4377 4378 4384
104: 3556 3570 3573 3597 3600 3616 3617 3622 3623 3626 3635 3664 3670 3689 3700 3708 3710 3714 3742 3746 3753 3758 3777 3781 3803 3821 3827 3836 3844 3854 3856 3883 3906 3912 3927 3953 3962 3976 3986 3998 4054 4079 4084 4087 4095 4136 4151 4156 4168 4169 4180 4182 4185 4187 4189 4191 4205 4213 4220 4225 4233 4236 4243 4245 4269 4270 4304 4308 4312 4332 4336 4344 4354 4368 4369 4389 4398 4403 4405 4409 4414 4417 4421 4422 4424
105: 3558 3649 3663 3667 3682 3713 3747 3795 3875 3917 3989 4013 4032
106: 3559 3581 3607 3653 3655 3725 3739 3774 3776 3778 3808 3837 3843 3845 3918 3969 3970 4014 4024 4025 4044 4057 4060 4065 4067 4086 4099 4114 4143 4152 4183 4249 4260 4263 4278 4282 4285 4291 4323 4341
107: 3561 3586 3589 3595 3606 3608 3614 3634 3641 3642 3659 3673 3685 3693 3721 3729 3766 3775 3785 3800 3802 3817 3826 3847 3849 3857 3864 3866 3873 3878 3888 3891 3892 3893 3895 3900 3913 3921 3952 3954 3966 3971 3975 3987 3992 3993 4001 4021 4027 4028 4040 4069 4103 4115 4153 4165 4175 4181 4184 4196 4206 4234 4246 4248 4261 4277 4299 4311 4317 4338 4375 4382 4388 4408 4411 4412 4415 4420
108: 3566 3579 3636 3652 3679 3745 3788 3852 3910 3943 3963 4072 4075 4102
109: 3568 3577 3602 3615 3630 3638 3646 3654 3681 3692 3740 3748 3784 3858 3874 3936 3947 3949 4016 4073 4106 4116 4188 4208 4210 4216 4231 4235 4242
110: 3572 3605 3627 3656 3688 3690 3712 3737 3751 3772 3782 3824 3853 3861 3868 3880 3884 3909 3950 4022 4029 4092 4104 4111 4148 4160 4162 4166 4172 4179 4186 4192 4258 4268 4276 4309 4314 4319 4347 4348 4355
111: 3576 3578 3599 3645 3696 3716 3798 3834 3839 3887 3901 3907 3911 3915 3978 3981 4033 4034 4047 4058 4119 4199
112: 3580 3675 3750 3756 3779 3787 3790 3872 3885 3890 3961 4006 4066 4074 4076 4122 4128 4146
113: 3587 3674 3676 3697 3717 3718 3731 3754 3769 3780 3791 3902 3944 4070 4123 4147
114: 3594 3629 3632 3677 3765 3768 3793 3804 3870 3871 3894 3896 3945 4043 4053 4064
115: 3611 3648 3661 3678 3691 3701 3733 3735 3801 3805 3809 3819 3823 3832 3842 3860 3879 3886 3889 3899 3934 3938 3942 3958 3959 3964 3980 3991 4026 4055 4071 4089 4140 4150 4154 4163 4194 4201 4237 4240 4241 4250 4251 4252 4273 4274 4279 4288 4321 4325 4337 4343 4356 4362 4365 4370 4373 4374 4376 4379 4383 4385 4386
116: 4425 4427 4463 4488 4495 4510 4535 4555 4633 4646 4652 4710 4732 4777 4793 4817
117: 4426 4429 4431 4433 4440 4513 4522 4523 4524 4537 4556 4590 4608 4614 4625 4650 4666 4670 4671 4691 4699 4707 4711 4716 4719 4744 4772 4786 4804 4805 4811 4815 4825 4848 4850 4854 4860 4873 4875 4876 4887 4900 4903 4910 4912 4914 4933 4936 4951 4959 4961 4965
118: 4428 4432 4480 4507 4545 4560 4561 4593 4598 4637 4654 4667 4668 4698 4709 4713 4740 4743 4746 4754 4784 4794 4800 4801 4806 4810 4813 4827 4829 4871 4884 4901 4909 4925 4930 4937 4953
119: 4430 4446 4450 4451 4455 4456 4458 4462 4468 4470 4476 4486 4490 4492 4494 4496 4497 4501 4509 4530 4531 4540 4544 4551 4554 4565 4569 4570 4571 4591 4602 4605 4612 4613 4622 4634 4653 4662 4664 4679 4683 4685 4687 4689 4696 4700 4702 4704 4706 4712 4714 4722 4737 4741 4751 4755 4756 4769 4787 4789 4790 4798 4807 4812 4821 4832 4840 4845 4849 4858 4863 4866 4890 4893 4895 4898 4907 4913 4924 4929 4954 4964 4966 4970 4979 4983 4985 4986 4987 4990 4992 4993 4994 4995 4996 4997 4998 4999
120: 4434 4441 4466 4471 4483 4564 4573 4599 4601 4640 4665 4728 4731 4736 4780 4792
121: 4435 4447 4453 4469 4482 4493 4505 4534 4542 4543 4553 4559 4567 4568 4572 4584 4586 4615 4624 4632 4647 4651 4658 4675 4688 4703 4720 4727 4733 4734 4774 4775 4795 4797 4814 4822 4823 4828 4830 4833 4842 4857 4865 4880 4883 4885 4886 4892 4917 4921 4927 4928 4934 4943 4944 4946 4947 4948 4950 4957 4960 4967 4968 4971 4976 4981 4988 4989
122: 4436 4448 4459 4464 4465 4485 4503 4511 4521 4539 4547 4562 4576 4580 4583 4594 4597 4600 4610 4628 4641 4648 4659 4694 4726 4730 4739 4761 4763 4766 4771 4799 4820 4835 4843 4847 4853 4894 4923 4926 4932 4940 4941 4952 4958 4973 4974
123: 4437 4443 4452 4473 4474 4491 4500 4502 4504 4508 4518 4519 4532 4541 4552 4566 4574 4575 4581 4595 4607 4617 4621 4638 4642 4645 4656 4657 4677 4684 4692 4715 4723 4724 4764 4773 4826 4836 4837 4838 4839 4852 4855 4856 4862 4870 4902 4904 4905 4915 4919 4922 4935 4938 4939 4963 4977 4980 4982 4984
124: 4438 4442 4449 4467 4475 4478 4481 4487 4506 4520 4529 4538 4558 4563 4582 4587 4592 4606 4643 4649 4663 4672 4686 4693 4701 4738 4742 4753 4767 4770 4783 4808 4816 4818 4841 4872 4878 4882 4889 4897 4911 4916 4918 4920 4949 4956 4969 4975
125: 4439 4454 4460 4461 4472 4484 4498 4512 4515 4517 4525 4533 4546 4550 4557 4578 4579 4585 4603 4604 4618 4619 4620 4623 4630 4674 4676 4678 4681 4690 4695 4708 4745 4747 4750 4758 4759 4762 4776 4779 4785 4796 4834 4846 4851 4864 4867 4874 4877 4881 4888 4891 4896 4899 4906 4908 4931 4942 4945 4955 4962 4972 4978 4991
126: 4444 4445 4479 4527 4549 4609 4626 4655 4661 4673 4682 4757 4782 4788 4819 4859 4861 4868 4869 4879
127: 4457 4477 4499 4514 4588 4589 4627 4629 4631 4635 4639 4697 4717 4721 4765 4768 4802
128: 4489 4516 4528 4536 4616 4636 4660 4705 4725 4729 4748 4749 4752 4778 4803
129: 4526 4548 4577 4596 4611 4644 4669 4680 4718 4735 4760 4781 4791 4809 4824 4831 4844
