0: 0 14 23 32 82 86 93 103 110 138 140 161 190 198
1: 1 4 11 28 33 78 79 80 111 131 139 142 148 150 158 174 175 178 191 206 230 242 287
2: 2 13 24 26 29 35 43 49 61 63 65 71 76 77 81 84 92 106 114 127 133 134 136 146 152 154 168 183 187 197 199 204 205 209 215 221 223 224 229 232 236 249 257 268 273 276 277 278 298 302 303 305 318 320 323 327
3: 3 10 12 19 22 39 41 48 55 57 59 66 87 96 102 104 109 135 143 144 145 156 159 164 170 171 172 182 192 202 203 208 214 216 217 222 237 248 250 261 262 263 271 275 282 283 286 289 290 291 294 299 300 314 321 324
4: 5 7 20 25 31 36 38 40 44 51 52 53 54 56 58 64 67 68 72 74 75 90 95 100 101 107 115 116 117 118 119 121 123 128 147 153 157 167 176 188 189 193 194 195 201 211 213 219 220 225 227 239 240 241 247 251 252 253 254 255 256 258 265 266 270 279 280 293 295 296 301 307 308 309 311 312 316 317 319 322 325 326 328 329 330 331
5: 6 17 21 37 42 46 70 83 85 88 89 91 94 129 141 160 169 180 184 210 244 245 274 281
6: 8 9 15 18 45 47 62 73 122 125 130 132 137 162 165 166 186 200 212 218 226 233 234 235 267 269 284 285 288 292 297 304 306 310 313 315
7: 16 27 50 69 98 105 108 120 149 163 177 181 196 207 228 231 238 243
8: 30 34 60 97 99 112 113 124 126 151 155 173 179 185 246 259 260 264 272
9: 332 352 356 380 410 430 431 436 456 470 477 500 535 538 559 560
10: 333 340 342 345 359 363 378 381 387 388 389 393 394 395 398 413 414 423 438 443 448 450 463 510 518 520 522 523 525 528 529 530 542 546 565 568 569 578 580 586 589 591 594 595 596 608 611 614 620 623
11: 334 339 344 348 349 358 362 377 384 392 402 404 434 441 447 455 465 498 507 511 516 557 566 570 573 575 576 584 603
12: 335 336 337 341 343 350 351 353 354 355 360 367 370 371 372 374 375 391 397 400 417 424 425 426 428 433 437 451 467 471 474 479 482 484 488 490 497 499 501 505 508 509 514 521 526 534 536 540 541 543 545 553 561 571 572 577 581 588 600 601 604 606 610 612 613 618 621 622
13: 338 346 361 365 368 369 376 382 385 386 405 407 408 416 419 420 442 444 446 449 452 458 459 461 469 473 481 486 487 495 496 504 512 513 515 547 548 555 558 564 579 582 585 590 592 593 597 598 599 602 605 607 609 615 616 617 619
14: 347 357 366 396 409 412 429 432 454 489 493 494 503 506 533 544 554 563 567 574
15: 364 406 411 422 453 460 466 472 475 483 502 524 537 549 550 562
16: 373 390 399 401 403 421 439 440 462 478 492 517 527 539 551
17: 379 383 415 418 427 435 445 457 464 468 476 480 485 491 519 531 532 552 556 583 587
18: 624 633 638 651 660 662 664 665 674 683 692 697 722 729 738 763 768 769 773 777 778 779 782 792 794 796 820 826 830 835 851 862 869 880
19: 625 629 637 646 650 675 682 687 698 701 709 728 733 735 752 754 771 802 811 812 833 836 847 857 858 868
20: 626 627 634 656 661 711 714 719 743 750 759 801
21: 628 630 631 636 648 649 653 654 663 666 670 672 678 680 685 686 689 690 691 695 696 699 700 707 708 712 713 720 721 726 730 732 740 747 756 757 758 761 762 765 772 784 789 797 798 805 808 809 810 813 814 818 821 825 828 831 841 842 843 844 849 854 855 863 864 865 870 872 874 875 878 881 882 883 885 888 889 890 891 892 893 894 895 896 897 898 899 900 901
22: 632 639 652 655 671 677 679 684 694 704 706 710 717 725 731 734 737 741 744 746 749 751 753 774 776 781 790 795 804 806 807 816 823 824 834 839 846 848 859 860 861 876 877 884
23: 635 647 659 667 668 673 688 705 715 716 718 723 724 736 745 748 767 775 783 786 791 799 815 817 819 829 837 845 850 852 853 856 866 867 871 873 879 886 887
24: 640 643 644 658 669 693 702 703 760 766 770 780 788 793 822 827 840
25: 641 642 645 657 676 681 727 739 742 755 764 785 787 800 803 832 838
26: 902 947 951 958 998 1006 1008 1090 1109 1118 1124 1126 1137 1146 1178 1179 1204 1218 1224 1226 1267 1285 1312 1324 1350 1363 1468 1491 1521 1529 1546 1563 1566 1583 1587 1609 1628 1633 1636 1641 1690 1699 1727 1734 1735 1737
27: 903 908 938 944 962 977 978 985 991 993 1009 1026 1033 1050 1058 1061 1074 1075 1076 1079 1085 1092 1100 1116 1121 1122 1123 1129 1136 1156 1174 1176 1221 1222 1225 1232 1238 1246 1286 1294 1309 1311 1314 1318 1322 1327 1352 1369 1422 1434 1437 1458 1459 1463 1490 1523 1527 1570 1572 1588 1590 1598 1601 1603 1608 1613 1614 1647 1650 1665 1672 1673 1674 1675 1687 1692 1706 1713 1715 1729 1736 1739 1744 1748 1749 1752 1753 1756
28: 904 918 919 926 933 952 982 1017 1022 1029 1031 1039 1047 1055 1066 1067 1073 1140 1148 1149 1164 1169 1172 1190 1191 1198 1202 1228 1230 1234 1252 1258 1259 1264 1266 1275 1306 1313 1321 1334 1374 1377 1387 1396 1410 1427 1433 1444 1475 1477 1479 1498 1499 1500 1505 1542 1548 1549 1550 1581 1584 1595 1596 1624 1640 1694 1697 1698 1708 1709 1740 1745 1757 1763
29: 905 906 912 931 953 956 960 971 973 980 988 989 997 1010 1012 1014 1028 1041 1051 1053 1064 1089 1096 1098 1099 1101 1102 1110 1130 1177 1195 1208 1236 1253 1265 1270 1273 1287 1292 1297 1373 1380 1425 1439 1474 1485 1486 1534 1535 1539 1556 1567 1586 1607 1610 1612 1616 1629 1632 1639 1654 1656 1663 1680 1700 1702 1703 1712 1717 1721 1724 1725 1730 1754
30: 907 929 930 969 974 983 996 999 1003 1004 1015 1023 1030 1042 1043 1048 1057 1059 1080 1082 1086 1134 1139 1143 1147 1168 1182 1212 1213 1229 1231 1240 1241 1242 1272 1279 1295 1316 1335 1336 1338 1340 1348 1354 1366 1378 1381 1382 1388 1401 1402 1411 1435 1467 1492 1511 1515 1528 1531 1537 1562 1565 1585 1599 1627 1635 1649 1657 1666 1677 1691 1710 1738 1758 1759
31: 909 916 1021 1062 1087 1144 1157 1187 1251 1351 1356 1384 1443 1448
32: 910 936 959 975 990 1002 1071 1091 1093 1097 1154 1205 1210 1247 1307 1343 1383 1391 1415 1428 1471 1487 1489 1510 1516 1547 1557 1579 1668
33: 911 914 924 928 954 957 964 965 968 972 979 981 987 1000 1032 1034 1036 1045 1046 1052 1054 1072 1078 1094 1095 1114 1117 1180 1181 1185 1194 1203 1206 1207 1214 1216 1239 1268 1269 1271 1298 1303 1329 1330 1347 1353 1358 1361 1371 1376 1379 1397 1403 1404 1408 1420 1431 1440 1445 1456 1464 1496 1501 1506 1507 1508 1513 1554 1555 1559 1560 1568 1569 1593 1602 1622 1626 1631 1637 1646 1661 1670 1682 1686 1693 1696 1701 1711 1726 1747 1750 1755 1760 1761 1764 1765
34: 913 927 932 937 970 1005 1040 1104 1112 1120 1175 1248 1256 1291 1305 1360 1390 1406 1419 1441 1452 1497 1503 1532 1623 1642
35: 915 939 948 995 1170 1189 1300 1302 1339 1398 1400 1451 1455 1470 1575 1577 1619
36: 917 963 1013 1018 1060 1070 1119 1128 1138 1167 1237 1288 1308 1323 1328 1332 1342 1345 1355 1365 1370 1372 1394 1430 1461 1482 1525 1543 1558 1597 1615 1659 1685 1688 1720 1722
37: 920 945 955 1037 1108 1135 1142 1158 1211 1262 1277 1293 1296 1317 1319 1333 1344 1386 1407 1416 1417 1426 1432 1518 1524 1551 1625 1648 1664 1679 1683
38: 921 941 943 950 992 994 1011 1016 1020 1024 1027 1035 1044 1056 1069 1081 1084 1105 1107 1127 1150 1161 1171 1173 1186 1201 1219 1223 1227 1235 1249 1257 1261 1280 1290 1299 1315 1359 1367 1375 1393 1405 1413 1424 1429 1449 1469 1472 1478 1481 1484 1488 1502 1504 1530 1545 1552 1561 1574 1576 1582 1594 1600 1606 1617 1638 1643 1645 1651 1662 1681 1689 1695 1704 1707 1714 1733 1741 1746 1751
39: 922 923 935 940 949 976 1007 1063 1065 1115 1132 1141 1145 1153 1159 1160 1196 1197 1220 1325 1337 1341 1349 1357 1389 1392 1409 1418 1436 1438 1450 1457 1460 1514 1522 1540 1541 1544 1553 1564 1571 1578 1580 1589 1604 1630 1660 1678 1684 1705
40: 925 942 946 986 1001 1019 1025 1038 1049 1083 1088 1106 1111 1113 1152 1155 1165 1184 1192 1199 1215 1217 1244 1245 1250 1255 1276 1281 1284 1289 1301 1346 1364 1368 1385 1399 1414 1421 1446 1447 1453 1454 1462 1465 1476 1480 1483 1495 1520 1526 1538 1573 1592 1611 1618 1620 1621 1644 1653 1669 1671 1676 1716 1718 1723 1728 1731 1732 1742 1743 1762
41: 934 961 984 1068 1077 1162 1163 1188 1193 1200 1209 1233 1254 1274 1278 1283 1304 1320 1362 1395 1423 1442 1466 1473 1493 1512 1517 1519 1533 1591 1605 1655 1658 1667 1719
42: 966 967 1103 1125 1131 1133 1151 1166 1183 1243 1260 1263 1282 1310 1326 1331 1412 1494 1509 1536 1634 1652
43: 1766 1771 1773 1788 1796 1814 1819 1826 1828 1838 1854 1864 1885 1920 1925 1933 1968 1969 1971 1975 1998 2016
44: 1767 1768 1777 1780 1790 1791 1792 1793 1798 1804 1808 1817 1818 1820 1823 1824 1837 1842 1843 1850 1855 1856 1860 1861 1863 1867 1870 1872 1873 1874 1876 1883 1887 1893 1894 1895 1897 1899 1900 1903 1907 1913 1922 1924 1926 1937 1940 1941 1942 1944 1945 1947 1951 1953 1963 1973 1977 1978 1982 1986 1991 1992 1993 1994 1995 2000 2003 2004 2008 2011 2014 2015 2018 2020 2021 2031 2035 2037 2038 2044 2049 2056 2059 2060 2063 2064 2065 2066
45: 1769 1776 1779 1784 1802 1803 1805 1821 1833 1835 1839 1844 1845 1846 1852 1859 1865 1880 1882 1884 1896 1906 1914 1929 1930 1936 1943 1946 1948 1949 1957 1961 1965 1972 1983 1985 1988 1989 1999 2012 2023 2024 2026 2027 2032 2039 2052 2054 2057 2058 2061 2062
46: 1770 1785 1786 1789 1795 1801 1807 1822 1827 1829 1832 1862 1871 1875 1878 1890 1901 1902 1905 1911 1917 1927 1935 1954 1956 1958 1962 1967 1976 1980 1984 1990 2009 2019 2028 2029 2034 2036 2046 2047 2050 2051 2053
47: 1772 1778 1782 1783 1797 1806 1811 1812 1830 1831 1834 1836 1851 1853 1857 1858 1866 1868 1879 1881 1886 1898 1908 1909 1910 1915 1916 1919 1928 1939 1959 1970 1979 1996 1997 2005 2006 2007 2013 2033 2042 2043 2045 2055
48: 1774 1775 1787 1794 1813 1815 1816 1825 1847 1849 1888 1889 1904 1912 1931 1932 1950 1964 1966 1974 1987 2022
49: 1781 1799 1800 1809 1810 1840 1841 1848 1869 1877 1891 1892 1918 1921 1923 1934 1938 1952 1955 1960 1981 2001 2002 2010 2017 2025 2030 2040 2041 2048
50: 2067 2081 2093 2103 2124 2126 2128 2148 2155 2156 2168 2203 2223 2238 2262 2271 2283 2301 2319 2325 2393 2394 2413 2417 2432 2434 2472 2484 2492 2496 2504 2513 2523 2532 2558 2560 2562 2571 2579 2589 2606 2615
51: 2068 2072 2075 2077 2094 2100 2101 2105 2108 2125 2141 2143 2144 2172 2175 2184 2188 2200 2226 2243 2248 2251 2252 2257 2267 2268 2276 2288 2290 2291 2311 2313 2318 2345 2347 2349 2389 2398 2404 2406 2430 2442 2466 2479 2480 2489 2517 2529 2533 2542 2550 2553 2556 2565 2573 2581 2583 2591 2596 2601 2611 2624 2627 2628 2633 2634 2636 2637 2638 2640 2643
52: 2069 2074 2185 2197 2199 2254 2264 2273 2310 2335 2360 2362 2383 2390 2425 2465 2485 2486 2544 2568 2570 2582 2586
53: 2070 2091 2114 2115 2121 2127 2140 2149 2159 2162 2165 2171 2177 2182 2190 2193 2194 2201 2205 2208 2213 2214 2215 2230 2232 2272 2275 2281 2286 2287 2289 2292 2306 2307 2326 2330 2333 2358 2374 2375 2391 2395 2407 2418 2426 2435 2438 2445 2454 2462 2463 2464 2478 2505 2509 2530 2538 2539 2541 2547 2576 2577 2580 2587 2592 2598 2599 2602 2607 2608 2613 2618 2619 2621 2623 2625 2630 2639 2642 2645 2649
54: 2071 2107 2113 2138 2145 2153 2189 2219 2224 2233 2242 2312 2327 2338 2350 2366 2396 2410 2433 2436 2448 2467 2474 2475 2507 2519 2536 2557 2588
55: 2073 2083 2098 2116 2122 2130 2132 2142 2147 2150 2151 2157 2174 2176 2178 2179 2191 2198 2212 2216 2225 2229 2241 2247 2279 2294 2298 2303 2304 2315 2320 2321 2336 2341 2342 2343 2351 2352 2356 2368 2369 2372 2379 2387 2408 2409 2416 2443 2452 2457 2470 2471 2473 2487 2491 2494 2498 2503 2510 2512 2514 2520 2524 2525 2535 2540 2543 2552 2561 2563 2584 2585 2600 2612 2616 2620 2629 2635 2641 2644 2646 2647 2648
56: 2076 2087 2106 2109 2131 2136 2169 2186 2206 2207 2209 2244 2245 2260 2266 2302 2308 2339 2359 2376 2381 2415 2423 2428 2437 2455 2501 2508 2548 2549 2559 2593 2603 2605 2609 2614 2622 2626 2631 2632
57: 2078 2085 2118 2152 2180 2187 2192 2228 2231 2250 2305 2317 2322 2328 2340 2431 2439 2446 2453 2477 2545 2551 2554 2572 2575 2597
58: 2079 2089 2096 2235 2332 2334 2361 2380 2385 2399 2401 2421 2447 2476
59: 2080 2082 2088 2090 2095 2099 2104 2133 2170 2210 2253 2424 2427 2502 2516 2518 2527 2528 2555
60: 2084 2129 2161 2173 2218 2222 2227 2239 2249 2255 2280 2282 2285 2295 2299 2316 2324 2331 2353 2357 2363 2384 2386 2388 2397 2402 2412 2420 2440 2444 2459 2468 2526 2534 2566 2590 2604 2610 2617
61: 2086 2097 2111 2112 2160 2167 2195 2202 2221 2234 2269 2277 2377 2378 2499
62: 2092 2135 2158 2237 2240 2246 2258 2278 2296 2344 2365 2392 2450 2451 2458 2483 2493 2521 2537
63: 2102 2117 2120 2123 2137 2163 2181 2217 2270 2274 2297 2300 2346 2364 2370 2403 2422 2429 2449 2497 2511 2515 2546 2567 2569 2594 2595
64: 2110 2139 2146 2196 2259 2284 2309 2323 2373 2419 2441 2460 2482 2490 2506
65: 2119 2134 2154 2164 2183 2220 2236 2256 2261 2263 2265 2293 2329 2354 2355 2371 2382 2405 2411 2469 2488 2522 2531 2564 2574 2578
66: 2166 2204 2211 2314 2337 2348 2367 2400 2414 2456 2461 2481 2495 2500
67: 2650 2653 2656 2659 2660 2661 2665 2669 2670 2671 2672 2678 2679 2680 2681 2684 2690 2694 2697 2698 2701 2703 2707 2708 2710 2711 2719 2721 2722 2723 2724 2727 2728 2733 2734 2737 2738 2740 2742 2743 2745 2749 2750 2751 2755 2759 2762 2765 2769 2772 2774 2776 2779 2782 2783 2784 2788 2794 2797 2798 2800 2801 2802 2805 2806 2808 2810 2815 2817 2818 2819 2820 2821 2822 2823 2825 2826 2832 2833 2838 2840 2841 2842 2844 2845 2848 2850 2851 2852 2856 2857 2858 2861 2862
68: 2651 2655 2657 2663 2664 2666 2673 2674 2677 2682 2685 2688 2692 2695 2696 2699 2700 2704 2705 2706 2712 2714 2715 2716 2718 2720 2729 2730 2731 2732 2735 2736 2741 2744 2746 2747 2748 2754 2757 2758 2761 2766 2771 2775 2777 2778 2780 2785 2786 2787 2789 2790 2792 2793 2795 2796 2803 2804 2807 2809 2811 2812 2813 2814 2816 2828 2829 2834 2835 2836 2837 2839 2843 2847 2849 2853 2854 2855 2859 2860 2863
69: 2652 2654 2658 2662 2667 2668 2675 2676 2683 2686 2687 2689 2691 2693 2702 2709 2713 2717 2725 2726 2739 2752 2753 2756 2760 2763 2764 2767 2768 2770 2773 2781 2791 2799 2824 2827 2830 2831 2846
70: 2864 2901 2909 2915 2919 2922 2923 2924 2937 2938 2941 2943 2947 2965 2966 2973 2976 2981 3033 3039 3052 3054 3089 3116 3124 3137 3141 3143 3145
71: 2865 2871 2873 2892 2894 2895 2904 2906 2907 2916 2928 2930 2933 2935 2955 2956 2967 2970 2988 3004 3009 3015 3019 3026 3029 3031 3058 3060 3062 3065 3066 3081 3082 3084 3085 3087 3088 3101 3106 3111 3129 3130 3136 3139 3140 3142 3149 3168
72: 2866 2882 2899 2908 2921 2934 2936 2940 2952 2972 2983 2995 3014 3021 3034 3040 3045 3048 3053 3059 3070 3074 3076 3095 3108 3113 3126 3132 3135 3138 3144
73: 2867 2869 2876 2881 2884 2896 2902 2905 2911 2939 2944 2945 2948 2949 2968 2971 2974 2975 2978 2986 2989 2997 2998 3001 3012 3013 3016 3017 3023 3027 3032 3046 3047 3049 3055 3056 3064 3067 3072 3091 3093 3096 3097 3102 3103 3114 3118 3121 3122 3125 3128 3131 3146 3150 3151 3152 3153 3155 3158 3159 3161 3163 3164
74: 2868 2872 2874 2875 2885 2910 2912 2917 2927 2931 2942 2959 2963 2977 2980 2984 2993 3002 3003 3005 3018 3042 3071 3073 3078 3094 3105 3109 3120 3123
75: 2870 2887 2888 2889 2890 2920 2946 2951 2958 3007 3025 3043 3057 3075 3080 3112
76: 2877 2880 2883 2886 2891 2893 2897 2898 2903 2913 2914 2918 2925 2926 2929 2932 2950 2960 2962 2969 2979 2985 2987 2990 2992 2999 3006 3008 3010 3022 3024 3028 3030 3035 3036 3044 3061 3069 3077 3100 3107 3117 3119 3127 3156 3157 3160 3165 3166 3167
77: 2878 2879 2900 2953 2954 2957 2961 2964 2982 2991 2994 2996 3000 3011 3020 3037 3038 3041 3050 3051 3063 3068 3079 3083 3086 3090 3092 3098 3099 3104 3110 3115 3133 3134 3147 3148 3154 3162
78: 3169 3170 3173 3178 3181 3182 3188 3189 3201 3207 3217 3221 3222 3223 3225 3235 3249 3265 3293 3318 3319 3326 3332 3333 3340 3343 3347 3349 3357 3365 3385 3386 3390 3393 3396 3407 3411 3412 3413 3427 3431 3456
79: 3171 3172 3174 3177 3179 3184 3190 3194 3200 3208 3237 3243 3247 3253 3256 3261 3276 3277 3278 3282 3301 3303 3312 3324 3325 3335 3336 3338 3348 3369 3372 3388 3389 3399 3402 3418 3420 3428 3430 3436 3442 3445 3448 3452 3455 3462 3463 3470
80: 3175 3180 3185 3187 3195 3205 3213 3214 3218 3219 3233 3234 3242 3246 3258 3267 3268 3281 3284 3292 3314 3315 3322 3328 3352 3354 3367 3371 3382 3400 3401 3422 3437 3443 3451
81: 3176 3183 3192 3198 3199 3212 3220 3230 3231 3232 3236 3238 3239 3240 3248 3255 3259 3264 3270 3271 3275 3280 3288 3296 3298 3300 3302 3304 3305 3308 3309 3316 3320 3323 3329 3337 3339 3350 3351 3363 3364 3378 3391 3398 3409 3410 3417 3421 3426 3433 3444 3447 3449 3457 3461 3464 3467 3469 3471 3472 3473 3474
82: 3186 3193 3197 3209 3224 3228 3229 3244 3251 3254 3257 3262 3263 3266 3283 3285 3289 3291 3295 3297 3313 3334 3342 3353 3356 3358 3360 3361 3366 3368 3370 3374 3381 3404 3408 3423 3425 3434 3438 3439 3441 3446 3450 3465 3466 3468
83: 3191 3202 3203 3204 3210 3215 3216 3226 3227 3245 3252 3260 3269 3272 3279 3299 3306 3307 3317 3321 3327 3330 3331 3344 3359 3373 3379 3380 3384 3387 3394 3397 3403 3405 3406 3415 3416 3424 3432 3435 3458 3459 3460
84: 3196 3206 3211 3241 3250 3273 3274 3286 3287 3290 3294 3310 3311 3341 3345 3346 3355 3362 3375 3376 3377 3383 3392 3395 3414 3419 3429 3440 3453 3454
85: 3475 3486 3494 3528 3544 3559 3560 3568 3570 3577 3590 3608 3626 3660 3682 3690 3716 3729 3746 3773 3778 3813 3822 3831 3860 3861 3868 3913 3982 3985 3987 4020 4040 4051 4076 4108 4124 4140 4157 4177 4204 4209 4212 4220 4241 4248 4249 4251 4257 4312 4313 4329 4338 4347 4362 4365 4376 4381 4386 4399 4400
86: 3476 3513 3524 3540 3546 3558 3583 3588 3628 3636 3653 3680 3701 3702 3706 3722 3749 3767 3800 3867 3884 3902 3905 3910 3971 3988 3995 4025 4034 4035 4055 4068 4091 4092 4142 4187 4192 4199 4221 4229 4243 4289 4309 4320 4333 4339 4345 4349
87: 3477 3509 3562 3572 3606 3630 3659 3675 3684 3686 3689 3721 3730 3751 3769 3803 3814 3846 3849 3895 3907 3924 3947 3951 3962 4015 4029 4087 4100 4104 4109 4166 4217 4242 4258 4261 4272 4279 4306 4321 4326 4331 4342 4343 4358 4385
88: 3478 3525 3578 3580 3656 3707 3761 3768 3772 3777 3780 3797 3856 3919 3928 3956 4058 4065 4069 4074 4130 4144 4162 4210 4222 4276 4283
89: 3479 3536 3551 3552 3574 3579 3617 3691 3737 3774 3785 3789 3809 3812 3871 3877 3968 3992 3996 4041 4081 4088 4126 4182 4226 4228 4246 4297 4303 4308
90: 3480 3504 3505 3515 3517 3519 3557 3573 3603 3646 3710 3744 3815 3818 3904 3934 3963 3978 3983 4033 4156 4169 4196 4235 4255 4291 4310 4322 4323
91: 3481 3502 3512 3514 3529 3549 3575 3594 3595 3599 3600 3605 3611 3633 3661 3667 3677 3727 3735 3757 3776 3782 3796 3858 3866 3887 3973 3990 4001 4005 4024 4036 4042 4054 4086 4139 4173 4174 4198 4205 4215 4260 4288 4330 4334 4366 4380 4383 4384 4392
92: 3482 3491 3495 3511 3541 3697 3747 3748 3829 3832 3857 3874 3876 3911 3917 3918 3922 3938 3939 3948 3975 3986 4022 4026 4037 4119 4153 4178 4190 4194 4195 4197 4206 4208 4213 4311 4314 4316 4328 4336 4337 4352 4375 4382
93: 3483 3497 3563 3615 3663 3695 3705 3713 3756 3760 3882 3894 3960 3989 4027 4063 4110 4125 4188 4224 4259 4275 4287
94: 3484 3496 3500 3507 3526 3533 3534 3537 3538 3545 3576 3589 3593 3601 3622 3643 3645 3654 3665 3678 3703 3719 3720 3734 3753 3758 3783 3793 3799 3808 3810 3824 3833 3836 3837 3848 3855 3864 3881 3889 3899 3906 3908 3930 3964 3972 3976 3984 4002 4019 4046 4064 4099 4103 4120 4134 4145 4163 4183 4186 4193 4201 4207 4214 4230 4237 4244 4254 4263 4280 4318 4350 4351 4359 4360 4363 4378 4388 4396 4401 4402 4403
95: 3485 3488 3542 3553 3566 3569 3571 3619 3637 3650 3655 3670 3726 3742 3762 3775 3781 3790 3816 3840 3872 3888 3936 3942 3944 3945 3959 3967 3980 3981 3994 4044 4053 4085 4089 4095 4101 4218 4225 4238 4265 4266 4269 4281 4284 4290 4293 4299 4356 4367 4374 4389
96: 3487 3499 3523 3530 3532 3535 3581 3582 3620 3625 3627 3647 3649 3651 3669 3671 3709 3711 3728 3738 3794 3798 3851 3883 3896 3923 3969 3977 3979 3997 4006 4009 4062 4075 4094 4137 4138 4150 4164 4167 4168 4172 4176 4216 4231 4236 4268 4271 4296 4300 4315 4325 4344 4355 4361 4368 4370 4377 4379 4387 4390 4395 4397 4404
97: 3489 3506 3539 3543 3561 3567 3597 3598 3612 3614 3616 3638 3640 3672 3681 3683 3693 3696 3698 3708 3740 3741 3763 3770 3779 3786 3788 3795 3802 3804 3827 3854 3869 3879 3886 3893 3914 3935 3940 3949 3970 4007 4018 4031 4045 4048 4079 4116 4121 4135 4143 4161 4165 4181 4184 4191 4219 4232 4250 4252 4274 4282 4292 4301 4302 4305 4307 4317 4348 4354 4371 4372 4391 4394 4405 4406 4407
98: 3490 3498 3556 3584 3652 3745 3806 3830 3839 3943 4012 4023 4038 4039 4072 4105 4123 4240
99: 3492 3503 3520 3521 3531 3550 3585 3596 3624 3631 3648 3666 3685 3688 3714 3724 3733 3743 3765 3766 3787 3892 3900 3901 3921 3931 3966 4052 4057 4059 4073 4078 4083 4096 4107 4115 4133 4152 4154 4179 4200 4234 4247 4278 4295 4298 4327 4340 4341 4346 4369 4373 4393
100: 3493 3508 3522 3604 3610 3621 3657 3805 3807 3811 3844 3845 3897 3927 3952 3958 3993 3998 4056 4061 4117 4122 4131 4146 4180 4202 4239 4262 4264 4267 4273 4285 4294 4304 4319 4357 4364
101: 3501 3547 3607 3642 3834 3853 3954 4032 4077 4097 4102 4127 4149 4158
102: 3510 3591 3609 3825 3852 3870 3878 3920 3950 3961 4000 4114 4129
103: 3516 3548 3618 3694 3699 3801 3817 3821 3898 3933 3946
104: 3518 3555 3564 3629 3632 3634 3639 3641 3644 3662 3692 3715 3736 3754 3784 3819 3823 3828 3841 3843 3862 3865 3925 3941 3953 3955 3957 3965 3974 4008 4010 4011 4016 4017 4043 4047 4080 4082 4084 4090 4128 4148 4151 4159 4175 4189 4203 4256 4270 4324 4332 4335 4353 4398
105: 3527 3554 3587 3592 3613 3623 3700 3725 3750 3859 3885 3891 3903 3912 3999 4106 4147 4160 4223
106: 3565 3586 3658 3759 4004 4049 4066 4067 4118 4132 4136 4141
107: 3602 3668 3674 3732 3755 3847 3850 3991 4013 4014 4021 4071 4093 4112 4155
108: 3635 3664 3673 3676 3679 3712 3717 3723 3739 3771 3842 3863 3873 3875 3880 3926 4028 4060 4185 4227 4233 4245 4277 4286
109: 3687 3704 3718 3731 3826 3835 3838 3915 3916 3929 4030 4050 4098 4111 4113 4170 4171 4211 4253
110: 3752 3764 3791 3792 3820 3890 3909 3932 3937 4003 4070
111: 4408 4412 4456 4459 4476 4479 4492 4521 4564 4590 4627 4671 4699 4704 4710 4745 4748 4777 4797 4813 4825 4830 4836 4838 4845 4873 4874 4884 4918 4938 4944
112: 4409 4416 4418 4422 4429 4433 4435 4462 4464 4465 4469 4480 4498 4506 4519 4522 4531 4554 4561 4570 4582 4583 4594 4608 4617 4635 4650 4651 4659 4664 4678 4682 4695 4696 4698 4701 4709 4711 4720 4725 4726 4734 4740 4742 4749 4754 4767 4768 4775 4780 4781 4798 4799 4805 4827 4829 4837 4844 4854 4855 4856 4858 4866 4900 4902 4929 4947 4953 4961 4963 4968 4969 4972 4973 4974 4978 4982 4985 4986 4988 4991 4994 4998
113: 4410 4431 4449 4453 4460 4483 4491 4508 4512 4530 4541 4542 4543 4550 4555 4567 4569 4578 4579 4591 4601 4613 4628 4679 4706 4724 4735 4752 4766 4786 4801 4819 4821 4847 4871 4890 4892 4901 4913 4926 4933 4952 4959
114: 4411 4424 4434 4439 4451 4454 4457 4463 4466 4471 4472 4473 4481 4485 4486 4503 4504 4509 4520 4525 4540 4544 4551 4552 4575 4577 4580 4595 4596 4598 4615 4620 4632 4644 4648 4665 4668 4675 4683 4693 4702 4717 4739 4741 4744 4751 4759 4773 4782 4792 4796 4807 4812 4831 4833 4834 4843 4850 4851 4860 4868 4872 4880 4882 4883 4889 4894 4899 4903 4907 4916 4939 4941 4945 4946 4956 4957 4962 4980 4981 4983 4990 4992 4993 4995 4996 4997 4999
115: 4413 4421 4427 4430 4437 4438 4441 4444 4447 4484 4488 4489 4499 4507 4515 4534 4556 4612 4614 4623 4645 4662 4669 4677 4684 4688 4692 4694 4713 4738 4746 4756 4772 4778 4815 4826 4842 4846 4857 4862 4864 4895 4915 4921 4925 4928 4931 4949 4966 4975 4976
116: 4414 4495 4496 4505 4510 4518 4537 4593 4626 4663 4676 4685 4687 4718 4729 4737 4747 4791 4835 4848 4877 4879 4888 4919
117: 4415 4436 4442 4461 4501 4511 4526 4527 4533 4538 4557 4566 4572 4600 4607 4622 4707 4732 4755 4790 4806 4809 4828 4839 4865 4876 4898 4904 4906 4914 4922 4923 4937 4954 4960 4965 4970
118: 4417 4420 4428 4445 4448 4467 4482 4490 4517 4560 4584 4597 4599 4604 4605 4606 4610 4611 4633 4636 4639 4656 4666 4681 4686 4703 4760 4762 4764 4771 4774 4783 4788 4811 4885 4886 4896 4909 4910 4917 4935 4948 4951 4958 4967 4971 4977 4979 4987 4989
119: 4419 4452 4458 4474 4497 4523 4548 4585 4586 4667 4672 4728 4743 4750 4765 4808 4814 4820
120: 4423 4440 4478 4513 4514 4532 4547 4562 4565 4571 4574 4576 4588 4592 4602 4609 4619 4621 4631 4637 4640 4646 4653 4657 4660 4673 4769 4770 4779 4795 4802 4804 4817 4824 4840 4852 4867 4870 4881 4897 4905 4920 4927 4934 4936 4984
121: 4425 4455 4502 4558 4559 4581 4589 4629 4654 4761 4784 4785 4810 4823 4841
122: 4426 4446 4477 4493 4524 4528 4568 4625 4643 4647 4652 4680 4715 4716 4722 4727 4758 4793 4794 4818 4878 4887
123: 4432 4470 4475 4494 4516 4536 4539 4545 4587 4603 4618 4658 4689 4690 4697 4705 4708 4721 4736 4787 4822 4832 4849 4859 4861 4893 4924 4940
124: 4443 4529 4535 4546 4549 4563 4634 4638 4642 4649 4655 4661 4670 4674 4712 4714 4719 4723 4730 4731 4733 4753 4757 4789 4803 4869 4875 4908 4930 4932 4942 4943 4950 4955 4964
125: 4450 4468 4487 4500 4553 4573 4616 4624 4630 4641 4691 4700 4763 4776 4800 4816 4853 4863 4891 4911 4912
